year,month,day,hour,minute,second,atrack,xtrack,lat,lon,surf_alt,solar_zenith_angle,solar_azimuth_angle,surf_air_temp_masked,surf_temp_masked,surf_spec_hum_masked,h2o_vap_tot_masked,cloud_liquid_water_masked,atmosphere_mass_content_of_cloud_ice_masked
2013.0,10.0,13.0,0.0,29.0,14.0,114.0,43.0,27.7,19.5,228.43283,1.2431495469438922,-0.6628311018864035,0.8424382068152724,0.16856952447025703,-0.11551112380842496,0.36548622830020766,-0.7758271106237343,-0.039528969455128876
2013.0,10.0,13.0,5.5,36.5,21.5,83.0,44.5,28.9,23.9,98.63904,0.07771963614312627,0.08239418321180447,0.9747679972069571,0.9161636661963187,0.2777327428609555,0.3807177657608014,-0.7758271106237343,-0.21178206165581398
2013.0,10.0,13.0,4.605636928539725,26.6271637816245,30.36462494451842,64.59343098091433,47.77807367953839,29.7,22.6,335.5999092353029,0.37427987260128154,-0.24639004025634262,0.03901444208810982,-0.04015154533851981,0.6138286839982741,0.31716983517936814,-0.24393663852837671,0.04711067885867935
2013.0,10.0,13.0,4.605636928539725,26.6271637816245,30.36462494451842,64.59343098091433,47.77807367953839,30.4,22.8,335.5999092353029,0.37427987260128154,-0.24639004025634262,0.03901444208810982,-0.04015154533851981,0.6138286839982741,0.31716983517936814,-0.24393663852837671,0.04711067885867935
2013.0,10.0,13.0,0.0,28.0,18.0,93.0,34.0,30.7,22.0,91.75161,1.1728341709824877,-1.0539273110381784,0.4961132136114674,0.09600371982079701,-0.9596109662596749,0.04864157799052027,0.3338075480887696,0.04417963484180398
2013.0,10.0,13.0,5.5,37.0,18.5,93.0,48.0,31.7,13.1,656.9434650000001,0.12647840511758823,0.13870666333672454,1.0722594505533871,0.9884722684333498,-0.8226018177564492,-0.20392259582926744,-0.7758271106237343,-1.1570331931545819
2013.0,10.0,13.0,0.0,28.0,27.0,96.0,94.0,31.8,7.1,143.40808,1.3689641744532075,-2.0620078205629104,1.4490069372428769,0.6521803160683971,-0.8816782366745457,0.4215838993155025,-0.5529987488947671,-0.393576403739778
2013.0,10.0,13.0,0.0,28.0,24.0,95.0,88.0,31.8,10.3,371.32086,1.3307457363379958,0.18857325547349768,1.1123927717346114,0.4095015626271231,-0.788085832422874,0.3634556607265309,-0.7758271106237343,-1.3465022369570214
2013.0,10.0,13.0,4.605636928539725,26.6271637816245,30.36462494451842,64.59343098091433,47.77807367953839,32.0,17.8,335.5999092353029,0.37427987260128154,-0.24639004025634262,0.03901444208810982,-0.04015154533851981,0.6138286839982741,0.31716983517936814,-0.24393663852837671,0.04711067885867935
2013.0,10.0,13.0,2.0,9.0,9.0,67.0,22.0,32.5,-0.2,939.4178,1.1047304693757045,-1.037137922530344,0.7240815150121542,-0.3480455452941766,-0.6189120269858299,-1.1156428099325975,-0.7758271106237343,-0.6287490158994997
2013.0,10.0,13.0,4.605636928539725,26.6271637816245,30.36462494451842,64.59343098091433,47.77807367953839,32.5,18.0,335.5999092353029,0.37427987260128154,-0.24639004025634262,0.03901444208810982,-0.04015154533851981,0.6138286839982741,0.31716983517936814,-0.24393663852837671,0.04711067885867935
2013.0,10.0,13.0,0.0,27.0,52.0,83.0,49.0,32.6,19.9,0.0,1.1846061851631933,-0.4342149093029242,1.1495331882273434,0.769886153527736,1.460784527888059,0.7930303696289539,-0.7012015575699151,-0.31140540003947903
2013.0,10.0,13.0,4.605636928539725,26.6271637816245,30.36462494451842,64.59343098091433,47.77807367953839,32.7,30.0,335.5999092353029,0.37427987260128154,-0.24639004025634262,0.03901444208810982,-0.04015154533851981,0.6138286839982741,0.31716983517936814,-0.24393663852837671,0.04711067885867935
2013.0,10.0,13.0,2.0,8.0,36.0,55.0,3.0,32.9,6.9,110.74094,0.9847783767774931,-0.007619567411954464,1.4114395383854297,0.4620895635683417,-0.8637501778923197,0.42066551091349347,-0.7758271106237343,-0.5627869332349997
2013.0,10.0,13.0,4.605636928539725,26.6271637816245,30.36462494451842,64.59343098091433,47.77807367953839,32.9,8.9,335.5999092353029,0.37427987260128154,-0.24639004025634262,0.03901444208810982,-0.04015154533851981,0.6138286839982741,0.31716983517936814,-0.24393663852837671,0.04711067885867935
2013.0,10.0,13.0,0.0,28.0,3.0,87.0,85.0,32.9,11.7,9.256471,1.2953155286423468,-0.7909821182383601,1.3231911454977372,0.6232775482717258,-0.507030772658677,0.5781889961636039,-0.7758271106237343,0.07242696980355368
2013.0,10.0,13.0,0.0,27.0,55.0,84.0,68.0,32.9,16.4,0.0,1.2321899126008684,-0.8553069126358189,1.1048480739128763,0.8151158235990879,1.735119164689056,0.21736218183348038,-0.639507106549438,-0.7399335132295302
2013.0,10.0,13.0,2.0,8.0,42.0,57.0,6.0,33.0,5.3,183.79541,1.0107987751487224,-1.388848785028002,1.3496932560923318,0.3656519833653229,-0.4662892644187965,0.39378932459575366,-0.6060598748014678,-0.8461205123134216
2013.0,10.0,13.0,2.0,8.0,34.0,54.0,3.0,33.0,6.9,103.23388,0.9825616333137381,-0.4867998296315854,1.3989402338788324,0.4565473966719523,-0.8583664175294415,0.4225635396756418,-0.7758271106237343,-1.2250992634716473
2013.0,10.0,13.0,4.605636928539725,26.6271637816245,30.36462494451842,64.59343098091433,47.77807367953839,33.0,19.6,335.5999092353029,0.37427987260128154,-0.24639004025634262,0.03901444208810982,-0.04015154533851981,0.6138286839982741,0.31716983517936814,-0.24393663852837671,0.04711067885867935
2013.0,10.0,13.0,4.605636928539725,26.6271637816245,30.36462494451842,64.59343098091433,47.77807367953839,33.0,20.0,335.5999092353029,0.37427987260128154,-0.24639004025634262,0.03901444208810982,-0.04015154533851981,0.6138286839982741,0.31716983517936814,-0.24393663852837671,0.04711067885867935
2013.0,10.0,13.0,5.5,36.5,36.5,88.5,50.5,33.1,18.0,0.0,0.1155183410022681,-0.39689769902041155,1.1074915378453465,0.811296145700223,1.7063760411855657,0.5559005815098236,-0.7758271106237343,-0.5449919017722966
2013.0,10.0,13.0,0.0,27.0,52.0,83.0,73.0,33.2,15.3,0.0,1.2432996366534586,-0.9540985410545528,0.9646508313412218,0.7444848917288402,1.9267805508763065,0.3193234945703329,0.8619425529354726,0.9204576418840857
2013.0,10.0,13.0,0.0,27.0,38.0,78.0,42.0,33.2,21.3,0.0,1.156447724717806,-1.2214375390340182,1.1113847308216998,0.7477586706298982,2.305140997289152,0.8278177024708254,-0.4095939713418772,-0.7734242851667572
2013.0,10.0,13.0,0.0,27.0,49.0,82.0,70.0,33.3,16.0,0.0,1.232324574586984,-0.9344720688478707,1.0914676147621205,0.7945767775780053,2.200704111883247,0.4044001185936496,0.6548987393452712,-0.0782904974690059
2013.0,10.0,13.0,4.605636928539725,26.6271637816245,30.36462494451842,64.59343098091433,47.77807367953839,33.3,17.8,335.5999092353029,0.37427987260128154,-0.24639004025634262,0.03901444208810982,-0.04015154533851981,0.6138286839982741,0.31716983517936814,-0.24393663852837671,0.04711067885867935
2013.0,10.0,13.0,11.0,46.0,24.0,95.0,48.0,33.3,19.2,0.0,-0.9624779555501528,0.9542780924665704,1.0509687402828045,0.7798326593798117,1.5287535847772546,0.6905734373245064,-0.7758271106237343,-1.5154628539788928
2013.0,10.0,13.0,4.605636928539725,26.6271637816245,30.36462494451842,64.59343098091433,47.77807367953839,33.4,12.8,335.5999092353029,0.37427987260128154,-0.24639004025634262,0.03901444208810982,-0.04015154533851981,0.6138286839982741,0.31716983517936814,-0.24393663852837671,0.04711067885867935
2013.0,10.0,13.0,4.605636928539725,26.6271637816245,30.36462494451842,64.59343098091433,47.77807367953839,33.4,20.4,335.5999092353029,0.37427987260128154,-0.24639004025634262,0.03901444208810982,-0.04015154533851981,0.6138286839982741,0.31716983517936814,-0.24393663852837671,0.04711067885867935
2013.0,10.0,13.0,4.605636928539725,26.6271637816245,30.36462494451842,64.59343098091433,47.77807367953839,33.4,21.1,335.5999092353029,0.37427987260128154,-0.24639004025634262,0.03901444208810982,-0.04015154533851981,0.6138286839982741,0.31716983517936814,-0.24393663852837671,0.04711067885867935
2013.0,10.0,13.0,13.0,27.0,37.0,77.0,92.0,33.5,5.5,175.64984,-0.8377359074543106,1.389360747125512,1.569572054342721,1.846428856292464,-0.32071965735677044,0.38464597112668153,-0.7380174224555119,-0.6172944531456878
2013.0,10.0,13.0,4.605636928539725,26.6271637816245,30.36462494451842,64.59343098091433,47.77807367953839,33.5,17.3,335.5999092353029,0.37427987260128154,-0.24639004025634262,0.03901444208810982,-0.04015154533851981,0.6138286839982741,0.31716983517936814,-0.24393663852837671,0.04711067885867935
2013.0,10.0,13.0,4.605636928539725,26.6271637816245,30.36462494451842,64.59343098091433,47.77807367953839,33.7,6.7,335.5999092353029,0.37427987260128154,-0.24639004025634262,0.03901444208810982,-0.04015154533851981,0.6138286839982741,0.31716983517936814,-0.24393663852837671,0.04711067885867935
2013.0,10.0,13.0,11.0,47.0,0.0,109.0,9.0,33.7,9.9,132.05132,-1.014290421985547,0.8301293830333254,0.880914957265483,1.6263556511435582,-0.5144598048071798,0.1520002173126346,-0.33746765441106585,1.1790084494210507
2013.0,10.0,13.0,4.605636928539725,26.6271637816245,30.36462494451842,64.59343098091433,47.77807367953839,33.7,12.3,335.5999092353029,0.37427987260128154,-0.24639004025634262,0.03901444208810982,-0.04015154533851981,0.6138286839982741,0.31716983517936814,-0.24393663852837671,0.04711067885867935
2013.0,10.0,13.0,4.605636928539725,26.6271637816245,30.36462494451842,64.59343098091433,47.77807367953839,33.7,13.8,335.5999092353029,0.37427987260128154,-0.24639004025634262,0.03901444208810982,-0.04015154533851981,0.6138286839982741,0.31716983517936814,-0.24393663852837671,0.04711067885867935
2013.0,10.0,13.0,0.0,27.0,39.0,78.0,63.0,33.7,17.6,0.0,1.2041894761228211,-0.926654292335104,1.2108988117141706,0.8459978790342634,2.1366889252921206,0.5895339013958572,-0.2998903785413419,-0.46022384582723597
2013.0,10.0,13.0,2.0,8.0,31.0,53.0,8.0,33.8,4.7,409.62564,1.0137289406240275,-0.870961010444725,0.9703133828430391,0.04983649244699968,-0.2677987401776123,-0.18251679582748156,-0.7758271106237343,0.4209004355500132
2013.0,10.0,13.0,4.605636928539725,26.6271637816245,30.36462494451842,64.59343098091433,47.77807367953839,33.8,6.3,335.5999092353029,0.37427987260128154,-0.24639004025634262,0.03901444208810982,-0.04015154533851981,0.6138286839982741,0.31716983517936814,-0.24393663852837671,0.04711067885867935
2013.0,10.0,13.0,4.605636928539725,26.6271637816245,30.36462494451842,64.59343098091433,47.77807367953839,33.8,8.3,335.5999092353029,0.37427987260128154,-0.24639004025634262,0.03901444208810982,-0.04015154533851981,0.6138286839982741,0.31716983517936814,-0.24393663852837671,0.04711067885867935
2013.0,10.0,13.0,4.605636928539725,26.6271637816245,30.36462494451842,64.59343098091433,47.77807367953839,33.8,8.7,335.5999092353029,0.37427987260128154,-0.24639004025634262,0.03901444208810982,-0.04015154533851981,0.6138286839982741,0.31716983517936814,-0.24393663852837671,0.04711067885867935
2013.0,10.0,13.0,4.605636928539725,26.6271637816245,30.36462494451842,64.59343098091433,47.77807367953839,33.8,9.5,335.5999092353029,0.37427987260128154,-0.24639004025634262,0.03901444208810982,-0.04015154533851981,0.6138286839982741,0.31716983517936814,-0.24393663852837671,0.04711067885867935
2013.0,10.0,13.0,0.0,27.0,50.0,82.0,87.0,33.8,11.1,4.323705,1.2904494042700818,-1.2460512800117063,1.3659487969677298,0.769001894056436,0.3861846319467803,0.6429323159073334,-0.7758271106237343,-0.09303290158271876
2013.0,10.0,13.0,4.605636928539725,26.6271637816245,30.36462494451842,64.59343098091433,47.77807367953839,33.8,15.8,335.5999092353029,0.37427987260128154,-0.24639004025634262,0.03901444208810982,-0.04015154533851981,0.6138286839982741,0.31716983517936814,-0.24393663852837671,0.04711067885867935
2013.0,10.0,13.0,5.5,36.5,38.0,89.0,51.5,33.8,17.4,0.0,0.12022931757563593,-0.09235659114775607,1.1659548896927894,0.8260002905250607,2.349210082369612,0.662240431828129,-0.1859737238268489,0.017367545236823725
2013.0,10.0,13.0,4.605636928539725,26.6271637816245,30.36462494451842,64.59343098091433,47.77807367953839,33.8,19.0,335.5999092353029,0.37427987260128154,-0.24639004025634262,0.03901444208810982,-0.04015154533851981,0.6138286839982741,0.31716983517936814,-0.24393663852837671,0.04711067885867935
2013.0,10.0,13.0,0.0,27.0,30.0,75.0,47.0,33.8,20.6,0.0,1.1602169379527567,-0.5415537876325565,0.9711391506238476,0.7475640527919224,1.102040065238114,0.40375788529648765,-0.4562908228622044,-0.46988347234406114
2013.0,10.0,13.0,4.605636928539725,26.6271637816245,30.36462494451842,64.59343098091433,47.77807367953839,33.8,27.3,335.5999092353029,0.37427987260128154,-0.24639004025634262,0.03901444208810982,-0.04015154533851981,0.6138286839982741,0.31716983517936814,-0.24393663852837671,0.04711067885867935
2013.0,10.0,13.0,4.605636928539725,26.6271637816245,30.36462494451842,64.59343098091433,47.77807367953839,33.9,15.8,335.5999092353029,0.37427987260128154,-0.24639004025634262,0.03901444208810982,-0.04015154533851981,0.6138286839982741,0.31716983517936814,-0.24393663852837671,0.04711067885867935
2013.0,10.0,13.0,4.605636928539725,26.6271637816245,30.36462494451842,64.59343098091433,47.77807367953839,33.9,17.4,335.5999092353029,0.37427987260128154,-0.24639004025634262,0.03901444208810982,-0.04015154533851981,0.6138286839982741,0.31716983517936814,-0.24393663852837671,0.04711067885867935
2013.0,10.0,13.0,4.605636928539725,26.6271637816245,30.36462494451842,64.59343098091433,47.77807367953839,33.9,18.2,335.5999092353029,0.37427987260128154,-0.24639004025634262,0.03901444208810982,-0.04015154533851981,0.6138286839982741,0.31716983517936814,-0.24393663852837671,0.04711067885867935
2013.0,10.0,13.0,0.0,27.0,44.0,80.0,84.0,34.0,12.3,0.0,1.2721966442600154,-1.7003477890522487,1.2712110777635237,0.8552862374259593,1.7371192307084597,0.6165384561790408,-0.7758271106237343,-0.43568545906653283
2013.0,10.0,13.0,0.0,27.0,42.0,79.0,79.0,34.0,13.9,0.0,1.2512764308653972,-1.2075467483295905,1.2242732286616504,0.861344424232995,2.90822664912416,0.7801364414725797,0.5345654040905863,0.8868560371402748
2013.0,10.0,13.0,4.605636928539725,26.6271637816245,30.36462494451842,64.59343098091433,47.77807367953839,34.0,18.9,335.5999092353029,0.37427987260128154,-0.24639004025634262,0.03901444208810982,-0.04015154533851981,0.6138286839982741,0.31716983517936814,-0.24393663852837671,0.04711067885867935
2013.0,10.0,13.0,4.605636928539725,26.6271637816245,30.36462494451842,64.59343098091433,47.77807367953839,34.0,22.1,335.5999092353029,0.37427987260128154,-0.24639004025634262,0.03901444208810982,-0.04015154533851981,0.6138286839982741,0.31716983517936814,-0.24393663852837671,0.04711067885867935
2013.0,10.0,13.0,4.605636928539725,26.6271637816245,30.36462494451842,64.59343098091433,47.77807367953839,34.1,8.0,335.5999092353029,0.37427987260128154,-0.24639004025634262,0.03901444208810982,-0.04015154533851981,0.6138286839982741,0.31716983517936814,-0.24393663852837671,0.04711067885867935
2013.0,10.0,13.0,4.605636928539725,26.6271637816245,30.36462494451842,64.59343098091433,47.77807367953839,34.1,15.9,335.5999092353029,0.37427987260128154,-0.24639004025634262,0.03901444208810982,-0.04015154533851981,0.6138286839982741,0.31716983517936814,-0.24393663852837671,0.04711067885867935
2013.0,10.0,13.0,4.605636928539725,26.6271637816245,30.36462494451842,64.59343098091433,47.77807367953839,34.1,16.9,335.5999092353029,0.37427987260128154,-0.24639004025634262,0.03901444208810982,-0.04015154533851981,0.6138286839982741,0.31716983517936814,-0.24393663852837671,0.04711067885867935
2013.0,10.0,13.0,4.605636928539725,26.6271637816245,30.36462494451842,64.59343098091433,47.77807367953839,34.1,19.1,335.5999092353029,0.37427987260128154,-0.24639004025634262,0.03901444208810982,-0.04015154533851981,0.6138286839982741,0.31716983517936814,-0.24393663852837671,0.04711067885867935
2013.0,10.0,13.0,0.0,27.0,25.0,73.0,47.0,34.1,20.7,0.0,1.1552150496141294,-0.7822754984731597,0.941629029832576,0.7329289528847069,1.2677443406888147,0.38244924132616154,-0.05675648060337698,-0.645504722662965
2013.0,10.0,13.0,4.605636928539725,26.6271637816245,30.36462494451842,64.59343098091433,47.77807367953839,34.3,14.4,335.5999092353029,0.37427987260128154,-0.24639004025634262,0.03901444208810982,-0.04015154533851981,0.6138286839982741,0.31716983517936814,-0.24393663852837671,0.04711067885867935
2013.0,10.0,13.0,4.605636928539725,26.6271637816245,30.36462494451842,64.59343098091433,47.77807367953839,34.3,17.6,335.5999092353029,0.37427987260128154,-0.24639004025634262,0.03901444208810982,-0.04015154533851981,0.6138286839982741,0.31716983517936814,-0.24393663852837671,0.04711067885867935
2013.0,10.0,13.0,4.605636928539725,26.6271637816245,30.36462494451842,64.59343098091433,47.77807367953839,34.3,17.9,335.5999092353029,0.37427987260128154,-0.24639004025634262,0.03901444208810982,-0.04015154533851981,0.6138286839982741,0.31716983517936814,-0.24393663852837671,0.04711067885867935
2013.0,10.0,13.0,4.605636928539725,26.6271637816245,30.36462494451842,64.59343098091433,47.77807367953839,34.3,20.8,335.5999092353029,0.37427987260128154,-0.24639004025634262,0.03901444208810982,-0.04015154533851981,0.6138286839982741,0.31716983517936814,-0.24393663852837671,0.04711067885867935
2013.0,10.0,13.0,4.605636928539725,26.6271637816245,30.36462494451842,64.59343098091433,47.77807367953839,34.4,8.1,335.5999092353029,0.37427987260128154,-0.24639004025634262,0.03901444208810982,-0.04015154533851981,0.6138286839982741,0.31716983517936814,-0.24393663852837671,0.04711067885867935
2013.0,10.0,13.0,11.0,47.0,1.0,109.0,19.0,34.4,12.9,0.0,-0.984028677962579,0.6989838894718743,1.2503533920609295,0.9069302207215565,3.1648058286919345,0.5622958072318877,-0.42347567620258153,-0.827775670171716
2013.0,10.0,13.0,4.605636928539725,26.6271637816245,30.36462494451842,64.59343098091433,47.77807367953839,34.4,15.6,335.5999092353029,0.37427987260128154,-0.24639004025634262,0.03901444208810982,-0.04015154533851981,0.6138286839982741,0.31716983517936814,-0.24393663852837671,0.04711067885867935
2013.0,10.0,13.0,0.0,27.0,36.0,77.0,84.0,34.5,12.4,0.0,1.2638815421124177,-1.9473559365798803,1.2122200401634675,0.849883775450612,2.210988297987293,0.6126718937412364,-0.7057208528408219,-0.4252467985174109
2013.0,10.0,13.0,0.0,27.0,34.0,76.0,79.0,34.5,14.0,0.0,1.2431424942703153,-0.27819657396211883,1.0163449014537842,0.7700638129648938,1.9595153837647203,0.35010025771113645,-0.17636043343170305,0.5598442233349643
2013.0,10.0,13.0,0.0,27.0,20.0,71.0,50.0,34.5,20.3,0.0,1.156754295622368,-0.9561641535146588,1.007700522636136,0.7635873189376446,1.4673451467077092,0.4651964664141145,-0.7758271106237343,-0.8144781883835727
2013.0,10.0,13.0,4.605636928539725,26.6271637816245,30.36462494451842,64.59343098091433,47.77807367953839,34.5,21.3,335.5999092353029,0.37427987260128154,-0.24639004025634262,0.03901444208810982,-0.04015154533851981,0.6138286839982741,0.31716983517936814,-0.24393663852837671,0.04711067885867935
2013.0,10.0,13.0,4.605636928539725,26.6271637816245,30.36462494451842,64.59343098091433,47.77807367953839,34.6,7.2,335.5999092353029,0.37427987260128154,-0.24639004025634262,0.03901444208810982,-0.04015154533851981,0.6138286839982741,0.31716983517936814,-0.24393663852837671,0.04711067885867935
2013.0,10.0,13.0,4.605636928539725,26.6271637816245,30.36462494451842,64.59343098091433,47.77807367953839,34.6,14.5,335.5999092353029,0.37427987260128154,-0.24639004025634262,0.03901444208810982,-0.04015154533851981,0.6138286839982741,0.31716983517936814,-0.24393663852837671,0.04711067885867935
2013.0,10.0,13.0,0.0,27.0,28.0,74.0,71.0,34.6,16.1,0.0,1.2140145116041021,-1.1028986305577742,1.2000842748872005,0.8241433456353244,2.321497288287557,0.6464668145380822,-0.7325176675263794,-0.37594823851993486
2013.0,10.0,13.0,5.5,36.5,37.5,89.0,52.5,34.6,17.0,0.0,0.12347244544093228,0.2763228579858415,1.1307137390959183,0.7990118031637488,2.2364301183018735,0.5254809042525878,-0.7530979956070748,0.04735344509169591
2013.0,10.0,13.0,11.0,46.0,37.0,100.0,67.0,34.6,22.5,0.0,-0.9082955263175375,0.8605574485895373,1.0449849449735729,0.7299975721716264,2.7767037659386973,1.6798668454185337,-0.4244229155016886,0.8309084792143536
2013.0,10.0,13.0,4.605636928539725,26.6271637816245,30.36462494451842,64.59343098091433,47.77807367953839,34.7,13.0,335.5999092353029,0.37427987260128154,-0.24639004025634262,0.03901444208810982,-0.04015154533851981,0.6138286839982741,0.31716983517936814,-0.24393663852837671,0.04711067885867935
2013.0,10.0,13.0,4.605636928539725,26.6271637816245,30.36462494451842,64.59343098091433,47.77807367953839,34.7,13.9,335.5999092353029,0.37427987260128154,-0.24639004025634262,0.03901444208810982,-0.04015154533851981,0.6138286839982741,0.31716983517936814,-0.24393663852837671,0.04711067885867935
2013.0,10.0,13.0,4.605636928539725,26.6271637816245,30.36462494451842,64.59343098091433,47.77807367953839,34.7,15.7,335.5999092353029,0.37427987260128154,-0.24639004025634262,0.03901444208810982,-0.04015154533851981,0.6138286839982741,0.31716983517936814,-0.24393663852837671,0.04711067885867935
2013.0,10.0,13.0,0.0,27.0,25.0,73.0,69.0,34.7,16.6,0.0,1.2060687932351137,-0.8869667177589077,1.2530139755693404,0.8549583750101175,2.7637348903368264,0.7849344246439102,-0.657354684895898,0.3494097928957677
2013.0,10.0,13.0,4.605636928539725,26.6271637816245,30.36462494451842,64.59343098091433,47.77807367953839,34.7,17.6,335.5999092353029,0.37427987260128154,-0.24639004025634262,0.03901444208810982,-0.04015154533851981,0.6138286839982741,0.31716983517936814,-0.24393663852837671,0.04711067885867935
2013.0,10.0,13.0,4.605636928539725,26.6271637816245,30.36462494451842,64.59343098091433,47.77807367953839,34.7,18.5,335.5999092353029,0.37427987260128154,-0.24639004025634262,0.03901444208810982,-0.04015154533851981,0.6138286839982741,0.31716983517936814,-0.24393663852837671,0.04711067885867935
2013.0,10.0,13.0,5.5,36.5,28.5,85.5,53.0,34.7,21.2,0.0,0.11202332249223845,0.3104801738355107,1.0246846525230202,0.7560549625736552,2.1151985867618217,1.0000376176494383,-0.5757849865087367,-0.9967208861003907
2013.0,10.0,13.0,2.0,8.0,29.0,52.0,21.0,34.8,0.8,1042.3546,1.0658722215294056,-0.16155319345500152,0.0981152980065578,-0.39974928676409066,0.40562788844942593,0.026311459875885016,-0.7758271106237343,-0.35705342541956675
2013.0,10.0,13.0,13.0,28.0,3.0,87.0,85.0,34.8,2.0,1002.9383,-0.8536787625905873,0.8328055480985461,0.8297636784137246,1.4226852573015782,-0.2157856090914347,-0.42646705464607876,-0.7758271106237343,0.20748846226956064
2013.0,10.0,13.0,2.0,8.0,15.0,47.0,10.0,34.8,4.3,886.52026,1.0104928654323084,-0.8967839091759878,0.6114910992003956,-0.15366674001547828,0.19908958127736898,-0.370678380211054,-0.7758271106237343,-0.19224699076476987
2013.0,10.0,13.0,2.0,8.0,2.0,42.0,3.0,34.8,7.8,886.2882,0.9556435618337524,-0.8884059544187486,0.9159496659171545,-0.14588929438250386,-0.816056007722285,-0.13011470306048684,-0.7758271106237343,-0.673602184280744
2013.0,10.0,13.0,4.605636928539725,26.6271637816245,30.36462494451842,64.59343098091433,47.77807367953839,34.8,10.7,335.5999092353029,0.37427987260128154,-0.24639004025634262,0.03901444208810982,-0.04015154533851981,0.6138286839982741,0.31716983517936814,-0.24393663852837671,0.04711067885867935
2013.0,10.0,13.0,4.605636928539725,26.6271637816245,30.36462494451842,64.59343098091433,47.77807367953839,34.8,12.3,335.5999092353029,0.37427987260128154,-0.24639004025634262,0.03901444208810982,-0.04015154533851981,0.6138286839982741,0.31716983517936814,-0.24393663852837671,0.04711067885867935
2013.0,10.0,13.0,4.605636928539725,26.6271637816245,30.36462494451842,64.59343098091433,47.77807367953839,34.8,15.4,335.5999092353029,0.37427987260128154,-0.24639004025634262,0.03901444208810982,-0.04015154533851981,0.6138286839982741,0.31716983517936814,-0.24393663852837671,0.04711067885867935
2013.0,10.0,13.0,4.605636928539725,26.6271637816245,30.36462494451842,64.59343098091433,47.77807367953839,34.8,16.0,335.5999092353029,0.37427987260128154,-0.24639004025634262,0.03901444208810982,-0.04015154533851981,0.6138286839982741,0.31716983517936814,-0.24393663852837671,0.04711067885867935
2013.0,10.0,13.0,4.605636928539725,26.6271637816245,30.36462494451842,64.59343098091433,47.77807367953839,34.8,17.0,335.5999092353029,0.37427987260128154,-0.24639004025634262,0.03901444208810982,-0.04015154533851981,0.6138286839982741,0.31716983517936814,-0.24393663852837671,0.04711067885867935
2013.0,10.0,13.0,4.605636928539725,26.6271637816245,30.36462494451842,64.59343098091433,47.77807367953839,34.8,19.1,335.5999092353029,0.37427987260128154,-0.24639004025634262,0.03901444208810982,-0.04015154533851981,0.6138286839982741,0.31716983517936814,-0.24393663852837671,0.04711067885867935
2013.0,10.0,13.0,0.0,27.0,14.0,69.0,48.0,34.8,20.7,0.0,1.1472717556016827,-1.174210023693786,0.9881912552975669,0.7397341168706967,1.5701973160708362,0.6235459408357776,-0.7080414445625445,0.16672042306829826
2013.0,10.0,13.0,4.605636928539725,26.6271637816245,30.36462494451842,64.59343098091433,47.77807367953839,34.8,23.4,335.5999092353029,0.37427987260128154,-0.24639004025634262,0.03901444208810982,-0.04015154533851981,0.6138286839982741,0.31716983517936814,-0.24393663852837671,0.04711067885867935
2013.0,10.0,13.0,0.0,27.0,31.0,75.0,88.0,34.9,10.9,29.835443,1.2755382891593445,-0.7413313270814386,1.0909510063821741,0.5257457474444015,2.0165324763792176,0.634319638977637,-0.7758271106237343,-0.9311358679604196
2013.0,10.0,13.0,0.0,27.0,26.0,73.0,78.0,34.9,14.4,0.0,1.2317352355511837,-1.2272357603207125,1.1262958814685842,0.8316938717144754,2.653768218377714,0.6031981706682064,-0.7758271106237343,-0.5081801735117735
2013.0,10.0,13.0,0.0,27.0,23.0,72.0,73.0,34.9,15.7,0.0,1.2141604137887319,-1.4026502864249637,0.8986729926884104,0.6655427283712553,1.1210730002142144,0.36163009172761745,0.5890460205814343,0.5334822159099805
2013.0,10.0,13.0,4.605636928539725,26.6271637816245,30.36462494451842,64.59343098091433,47.77807367953839,34.9,17.8,335.5999092353029,0.37427987260128154,-0.24639004025634262,0.03901444208810982,-0.04015154533851981,0.6138286839982741,0.31716983517936814,-0.24393663852837671,0.04711067885867935
2013.0,10.0,13.0,4.605636928539725,26.6271637816245,30.36462494451842,64.59343098091433,47.77807367953839,34.9,19.4,335.5999092353029,0.37427987260128154,-0.24639004025634262,0.03901444208810982,-0.04015154533851981,0.6138286839982741,0.31716983517936814,-0.24393663852837671,0.04711067885867935
2013.0,10.0,13.0,0.0,27.0,9.0,67.0,42.0,34.9,21.8,0.0,1.129037288463707,-0.9188962668132326,0.8934807260081005,0.6713982219113509,2.0900492965306574,0.7404003413837256,-0.7758271106237343,0.2569474033005524
2013.0,10.0,13.0,0.0,27.0,26.0,73.0,80.0,35.0,13.8,0.0,1.2383680546545544,-1.5051521057979624,1.1257248932591755,0.8397087349589198,2.787579046349672,0.6049955898310426,-0.7758271106237343,-0.7264435973130908
2013.0,10.0,13.0,5.5,36.5,39.0,89.5,53.0,35.0,16.5,0.0,0.1269641910696298,-0.5881357088278458,1.1471681691624276,0.7989253960738592,2.5458457370874585,0.6739833444649144,-0.6326385788047303,-0.10430490490234628
2013.0,10.0,13.0,5.5,36.5,34.0,87.5,53.5,35.0,18.9,0.0,0.11962223665786748,-0.3191033911641775,1.0150307222416397,0.7525639546335308,1.9014636875462196,0.48715750890018544,-0.7607349869307518,-0.15784475656712
2013.0,10.0,13.0,0.0,27.0,6.0,66.0,40.0,35.0,22.3,0.0,1.1219795457773063,-0.923870920906361,0.8856661431067782,0.6612789018794959,2.046731461892181,0.8112258502464786,-0.7758271106237343,-0.9763049277991828
2013.0,10.0,13.0,2.0,8.0,23.0,50.0,21.0,35.1,0.9,873.5589,1.0610349690395973,-1.2658665620829042,0.14832902831693656,-0.372451914244997,0.41004362188736265,0.2469962701468659,-0.7758271106237343,-1.2469320225578482
2013.0,10.0,13.0,4.605636928539725,26.6271637816245,30.36462494451842,64.59343098091433,47.77807367953839,35.1,5.8,335.5999092353029,0.37427987260128154,-0.24639004025634262,0.03901444208810982,-0.04015154533851981,0.6138286839982741,0.31716983517936814,-0.24393663852837671,0.04711067885867935
2013.0,10.0,13.0,11.0,47.0,32.0,121.0,5.0,35.1,7.4,1164.3713,-0.9938053365110412,0.6237029401180383,0.9048964620608544,1.3606829212768632,-0.6430303340970486,0.0042193121347519034,0.34614361902055985,-0.06007307053593012
2013.0,10.0,13.0,4.605636928539725,26.6271637816245,30.36462494451842,64.59343098091433,47.77807367953839,35.1,12.0,335.5999092353029,0.37427987260128154,-0.24639004025634262,0.03901444208810982,-0.04015154533851981,0.6138286839982741,0.31716983517936814,-0.24393663852837671,0.04711067885867935
2013.0,10.0,13.0,5.5,37.0,20.0,93.5,51.0,35.1,12.1,0.0,0.1411558783764738,-0.29287228023769196,1.2590128763867594,0.8983339265918717,3.770626077391812,0.9493084852792915,-0.5354493117947919,-0.10160768927061123
2013.0,10.0,13.0,4.605636928539725,26.6271637816245,30.36462494451842,64.59343098091433,47.77807367953839,35.1,12.2,335.5999092353029,0.37427987260128154,-0.24639004025634262,0.03901444208810982,-0.04015154533851981,0.6138286839982741,0.31716983517936814,-0.24393663852837671,0.04711067885867935
2013.0,10.0,13.0,4.605636928539725,26.6271637816245,30.36462494451842,64.59343098091433,47.77807367953839,35.1,14.0,335.5999092353029,0.37427987260128154,-0.24639004025634262,0.03901444208810982,-0.04015154533851981,0.6138286839982741,0.31716983517936814,-0.24393663852837671,0.04711067885867935
2013.0,10.0,13.0,0.0,27.0,20.0,71.0,72.0,35.1,16.0,0.0,1.2087470460260812,-0.463736098728498,0.9941166426418189,0.7107110251824974,1.8821628618920958,0.6185819257609197,0.6802449331540048,0.03045410331428694
2013.0,10.0,13.0,0.0,27.0,17.0,70.0,68.0,35.1,16.9,0.0,1.1955876387150974,-1.0546348116267639,1.222297428190984,0.8427079492752816,2.8045852645209437,0.8639308143979304,-0.6185639124772608,-0.4715396546632778
2013.0,10.0,13.0,4.605636928539725,26.6271637816245,30.36462494451842,64.59343098091433,47.77807367953839,35.1,20.1,335.5999092353029,0.37427987260128154,-0.24639004025634262,0.03901444208810982,-0.04015154533851981,0.6138286839982741,0.31716983517936814,-0.24393663852837671,0.04711067885867935
2013.0,10.0,13.0,5.5,36.5,27.0,85.0,53.5,35.1,21.7,0.0,0.11208936416840803,0.18181200808815196,0.8107906566157421,0.6254894082643238,1.6293743794172881,0.9311057717177752,-0.43531235478061886,0.7148783836829572
2013.0,10.0,13.0,0.0,27.0,23.0,72.0,82.0,35.2,13.2,0.0,1.242624343158435,-0.47592784956494605,1.0620289933762572,0.7781473173555136,2.0970441220147342,0.48920971014418085,-0.4838642947610144,0.6689297251772904
2013.0,10.0,13.0,4.605636928539725,26.6271637816245,30.36462494451842,64.59343098091433,47.77807367953839,35.2,15.6,335.5999092353029,0.37427987260128154,-0.24639004025634262,0.03901444208810982,-0.04015154533851981,0.6138286839982741,0.31716983517936814,-0.24393663852837671,0.04711067885867935
2013.0,10.0,13.0,4.605636928539725,26.6271637816245,30.36462494451842,64.59343098091433,47.77807367953839,35.2,16.4,335.5999092353029,0.37427987260128154,-0.24639004025634262,0.03901444208810982,-0.04015154533851981,0.6138286839982741,0.31716983517936814,-0.24393663852837671,0.04711067885867935
2013.0,10.0,13.0,4.605636928539725,26.6271637816245,30.36462494451842,64.59343098091433,47.77807367953839,35.2,17.7,335.5999092353029,0.37427987260128154,-0.24639004025634262,0.03901444208810982,-0.04015154533851981,0.6138286839982741,0.31716983517936814,-0.24393663852837671,0.04711067885867935
2013.0,10.0,13.0,11.0,46.0,58.0,108.0,44.0,35.2,17.9,0.0,-0.9340488707958425,1.7823199285849145,1.1030444762355196,0.7994519140421611,2.754841322102463,0.6303004679377677,-0.2222197134475424,1.0346409040597095
2013.0,10.0,13.0,4.605636928539725,26.6271637816245,30.36462494451842,64.59343098091433,47.77807367953839,35.2,18.4,335.5999092353029,0.37427987260128154,-0.24639004025634262,0.03901444208810982,-0.04015154533851981,0.6138286839982741,0.31716983517936814,-0.24393663852837671,0.04711067885867935
2013.0,10.0,13.0,4.605636928539725,26.6271637816245,30.36462494451842,64.59343098091433,47.77807367953839,35.2,18.5,335.5999092353029,0.37427987260128154,-0.24639004025634262,0.03901444208810982,-0.04015154533851981,0.6138286839982741,0.31716983517936814,-0.24393663852837671,0.04711067885867935
2013.0,10.0,13.0,4.605636928539725,26.6271637816245,30.36462494451842,64.59343098091433,47.77807367953839,35.2,19.5,335.5999092353029,0.37427987260128154,-0.24639004025634262,0.03901444208810982,-0.04015154533851981,0.6138286839982741,0.31716983517936814,-0.24393663852837671,0.04711067885867935
2013.0,10.0,13.0,11.0,46.0,51.0,105.0,61.0,35.2,21.1,0.0,-0.9085221154958122,1.8405130593054024,0.9174924418198354,0.6906080523253451,1.955466098626379,1.1908658777080365,-0.7758271106237343,-1.3880331820471299
2013.0,10.0,13.0,4.605636928539725,26.6271637816245,30.36462494451842,64.59343098091433,47.77807367953839,35.2,22.8,335.5999092353029,0.37427987260128154,-0.24639004025634262,0.03901444208810982,-0.04015154533851981,0.6138286839982741,0.31716983517936814,-0.24393663852837671,0.04711067885867935
2013.0,10.0,13.0,4.605636928539725,26.6271637816245,30.36462494451842,64.59343098091433,47.77807367953839,35.3,2.6,335.5999092353029,0.37427987260128154,-0.24639004025634262,0.03901444208810982,-0.04015154533851981,0.6138286839982741,0.31716983517936814,-0.24393663852837671,0.04711067885867935
2013.0,10.0,13.0,4.605636928539725,26.6271637816245,30.36462494451842,64.59343098091433,47.77807367953839,35.3,4.2,335.5999092353029,0.37427987260128154,-0.24639004025634262,0.03901444208810982,-0.04015154533851981,0.6138286839982741,0.31716983517936814,-0.24393663852837671,0.04711067885867935
2013.0,10.0,13.0,2.0,8.0,4.0,43.0,8.0,35.3,5.3,505.33466,0.990513302376058,-1.3020024650841147,0.8886681111001847,-0.07999540914116748,0.056437983796888753,0.03242245044756167,-0.7758271106237343,-0.7017689798536142
2013.0,10.0,13.0,4.605636928539725,26.6271637816245,30.36462494451842,64.59343098091433,47.77807367953839,35.3,6.9,335.5999092353029,0.37427987260128154,-0.24639004025634262,0.03901444208810982,-0.04015154533851981,0.6138286839982741,0.31716983517936814,-0.24393663852837671,0.04711067885867935
2013.0,10.0,13.0,0.0,27.0,26.0,73.0,92.0,35.3,8.9,810.343,1.29037865713826,-0.3528856827416935,0.7818520275508204,-0.16136020118725233,-0.8533657496359243,0.026099163195471765,0.126604364173564,0.8659180236360059
2013.0,10.0,13.0,4.605636928539725,26.6271637816245,30.36462494451842,64.59343098091433,47.77807367953839,35.3,13.7,335.5999092353029,0.37427987260128154,-0.24639004025634262,0.03901444208810982,-0.04015154533851981,0.6138286839982741,0.31716983517936814,-0.24393663852837671,0.04711067885867935
2013.0,10.0,13.0,4.605636928539725,26.6271637816245,30.36462494451842,64.59343098091433,47.77807367953839,35.3,15.2,335.5999092353029,0.37427987260128154,-0.24639004025634262,0.03901444208810982,-0.04015154533851981,0.6138286839982741,0.31716983517936814,-0.24393663852837671,0.04711067885867935
2013.0,10.0,13.0,4.605636928539725,26.6271637816245,30.36462494451842,64.59343098091433,47.77807367953839,35.3,16.1,335.5999092353029,0.37427987260128154,-0.24639004025634262,0.03901444208810982,-0.04015154533851981,0.6138286839982741,0.31716983517936814,-0.24393663852837671,0.04711067885867935
2013.0,10.0,13.0,5.5,37.0,9.5,89.5,53.5,35.3,16.8,0.0,0.12780440692833678,-0.16094453144359344,1.0998708089657387,0.7726959990349451,2.3769910119502544,0.6271198622693656,-0.7244933451779472,0.23171512050765308
2013.0,10.0,13.0,11.0,47.0,1.0,109.0,41.0,35.3,17.4,0.0,-0.936904806881747,0.768737210016255,0.9183675542607179,0.6969149623444006,1.741883938581963,0.30388904370801784,-0.05932699748232805,0.5318570786680122
2013.0,10.0,13.0,0.0,27.0,12.0,68.0,63.0,35.3,18.0,0.0,1.1781128767590234,-0.7097456440322314,1.0869248849337918,0.7814299792284253,1.975979660728597,0.6880193609937882,-0.7508199467794774,-0.9084665485922252
2013.0,10.0,13.0,11.0,46.0,58.0,108.0,49.0,35.3,18.8,0.0,-0.9244962889106931,0.7562793606356351,1.0276337512377791,0.7601568767147313,2.0410354850638224,0.41024355539928026,-0.7410296805049367,0.10499198158393794
2013.0,10.0,13.0,4.605636928539725,26.6271637816245,30.36462494451842,64.59343098091433,47.77807367953839,35.3,21.2,335.5999092353029,0.37427987260128154,-0.24639004025634262,0.03901444208810982,-0.04015154533851981,0.6138286839982741,0.31716983517936814,-0.24393663852837671,0.04711067885867935
2013.0,10.0,13.0,4.605636928539725,26.6271637816245,30.36462494451842,64.59343098091433,47.77807367953839,35.4,3.7,335.5999092353029,0.37427987260128154,-0.24639004025634262,0.03901444208810982,-0.04015154533851981,0.6138286839982741,0.31716983517936814,-0.24393663852837671,0.04711067885867935
2013.0,10.0,13.0,4.605636928539725,26.6271637816245,30.36462494451842,64.59343098091433,47.77807367953839,35.4,5.7,335.5999092353029,0.37427987260128154,-0.24639004025634262,0.03901444208810982,-0.04015154533851981,0.6138286839982741,0.31716983517936814,-0.24393663852837671,0.04711067885867935
2013.0,10.0,13.0,11.0,47.0,38.0,123.0,5.0,35.4,7.3,1111.7825,-0.987723066738796,1.0040282891344898,0.8621952044880827,1.3316525617025938,-0.6297747362716044,-0.1989063862666836,-0.6959225617705227,-0.7873351899154845
2013.0,10.0,13.0,4.605636928539725,26.6271637816245,30.36462494451842,64.59343098091433,47.77807367953839,35.4,8.4,335.5999092353029,0.37427987260128154,-0.24639004025634262,0.03901444208810982,-0.04015154533851981,0.6138286839982741,0.31716983517936814,-0.24393663852837671,0.04711067885867935
2013.0,10.0,13.0,4.605636928539725,26.6271637816245,30.36462494451842,64.59343098091433,47.77807367953839,35.4,8.5,335.5999092353029,0.37427987260128154,-0.24639004025634262,0.03901444208810982,-0.04015154533851981,0.6138286839982741,0.31716983517936814,-0.24393663852837671,0.04711067885867935
2013.0,10.0,13.0,4.605636928539725,26.6271637816245,30.36462494451842,64.59343098091433,47.77807367953839,35.4,9.5,335.5999092353029,0.37427987260128154,-0.24639004025634262,0.03901444208810982,-0.04015154533851981,0.6138286839982741,0.31716983517936814,-0.24393663852837671,0.04711067885867935
2013.0,10.0,13.0,4.605636928539725,26.6271637816245,30.36462494451842,64.59343098091433,47.77807367953839,35.4,12.1,335.5999092353029,0.37427987260128154,-0.24639004025634262,0.03901444208810982,-0.04015154533851981,0.6138286839982741,0.31716983517936814,-0.24393663852837671,0.04711067885867935
2013.0,10.0,13.0,11.0,47.0,6.0,111.0,36.0,35.4,16.4,0.0,-0.9408895013340884,1.05608499415357,1.061859811684577,0.7389612983190662,2.3818728827106272,0.5918460976536187,-0.6986786266704325,0.7341546185276393
2013.0,10.0,13.0,4.605636928539725,26.6271637816245,30.36462494451842,64.59343098091433,47.77807367953839,35.4,16.9,335.5999092353029,0.37427987260128154,-0.24639004025634262,0.03901444208810982,-0.04015154533851981,0.6138286839982741,0.31716983517936814,-0.24393663852837671,0.04711067885867935
2013.0,10.0,13.0,11.0,47.0,4.0,110.0,40.0,35.4,17.1,0.0,-0.9359842566630743,0.9145466040886928,1.1147744068585352,0.7867896414302783,2.698500053178746,0.6111454167506402,-0.5872415080440354,0.5867891147350287
2013.0,10.0,13.0,0.0,27.0,6.0,66.0,53.0,35.4,20.0,0.0,1.1505102551499442,-1.3355363952384245,0.9554697034660458,0.7072458586150494,1.8976162946785986,0.9319477254954366,-0.4682324075470588,-0.2529464443208146
2013.0,10.0,13.0,4.605636928539725,26.6271637816245,30.36462494451842,64.59343098091433,47.77807367953839,35.5,1.5,335.5999092353029,0.37427987260128154,-0.24639004025634262,0.03901444208810982,-0.04015154533851981,0.6138286839982741,0.31716983517936814,-0.24393663852837671,0.04711067885867935
2013.0,10.0,13.0,0.0,27.0,23.0,72.0,92.0,35.5,8.9,880.49115,1.2876175354327597,-1.365991179474505,0.7633377096847401,-0.16249399141346638,-0.7073371456505765,-0.0003724995519779071,-0.7522066032364251,-0.30224763076387645
2013.0,10.0,13.0,11.0,47.0,4.0,110.0,45.0,35.5,18.0,0.0,-0.9264930771172569,0.8181752744790448,1.0358007959967617,0.765686930467672,2.165359639114456,0.40842971549873225,-0.7758271106237343,0.5312810991062542
2013.0,10.0,13.0,4.605636928539725,26.6271637816245,30.36462494451842,64.59343098091433,47.77807367953839,35.5,18.4,335.5999092353029,0.37427987260128154,-0.24639004025634262,0.03901444208810982,-0.04015154533851981,0.6138286839982741,0.31716983517936814,-0.24393663852837671,0.04711067885867935
2013.0,10.0,13.0,0.0,27.0,4.0,65.0,52.0,35.5,20.2,0.0,1.1457190654344371,-1.6959416789114519,0.9394256397052438,0.6962124000247337,2.0058308032072616,1.0005482243982777,-0.41874477660193626,-1.5991925696018396
2013.0,10.0,13.0,4.605636928539725,26.6271637816245,30.36462494451842,64.59343098091433,47.77807367953839,35.6,7.9,335.5999092353029,0.37427987260128154,-0.24639004025634262,0.03901444208810982,-0.04015154533851981,0.6138286839982741,0.31716983517936814,-0.24393663852837671,0.04711067885867935
2013.0,10.0,13.0,4.605636928539725,26.6271637816245,30.36462494451842,64.59343098091433,47.77807367953839,35.6,9.4,335.5999092353029,0.37427987260128154,-0.24639004025634262,0.03901444208810982,-0.04015154533851981,0.6138286839982741,0.31716983517936814,-0.24393663852837671,0.04711067885867935
2013.0,10.0,13.0,4.605636928539725,26.6271637816245,30.36462494451842,64.59343098091433,47.77807367953839,35.6,13.9,335.5999092353029,0.37427987260128154,-0.24639004025634262,0.03901444208810982,-0.04015154533851981,0.6138286839982741,0.31716983517936814,-0.24393663852837671,0.04711067885867935
2013.0,10.0,13.0,4.605636928539725,26.6271637816245,30.36462494451842,64.59343098091433,47.77807367953839,35.6,14.2,335.5999092353029,0.37427987260128154,-0.24639004025634262,0.03901444208810982,-0.04015154533851981,0.6138286839982741,0.31716983517936814,-0.24393663852837671,0.04711067885867935
2013.0,10.0,13.0,4.605636928539725,26.6271637816245,30.36462494451842,64.59343098091433,47.77807367953839,35.6,19.0,335.5999092353029,0.37427987260128154,-0.24639004025634262,0.03901444208810982,-0.04015154533851981,0.6138286839982741,0.31716983517936814,-0.24393663852837671,0.04711067885867935
2013.0,10.0,13.0,2.0,7.0,59.0,41.0,9.0,35.7,5.1,687.2391,0.9912121782483553,-0.7146917050924573,0.6445379229748427,-0.13219417440642997,0.5454922160504454,0.2050438917602159,-0.7758271106237343,-0.9510293730574111
2013.0,10.0,13.0,0.0,27.0,21.0,71.0,93.0,35.7,8.3,829.94995,1.2906691391312237,-1.0530181850224218,0.6442398409466508,-0.222886894446124,-0.44950982934614264,-0.08612237382146715,-0.7758271106237343,-0.4346288707040339
2013.0,10.0,13.0,11.0,47.0,22.0,117.0,20.0,35.7,12.7,0.0,-0.9580135250173228,0.6224268436029636,1.216689256518629,0.8200248768648797,3.934576806588291,1.0830542210298493,-0.4342068541938753,1.2562777069529565
2013.0,10.0,13.0,0.0,27.0,15.0,69.0,83.0,35.7,13.0,0.0,1.237954371270038,-1.1017170158081715,1.2453776376646095,0.8482460784571866,3.1902057871595972,0.9719825266226625,-0.4675683976318013,-0.5168059537662308
2013.0,10.0,13.0,4.605636928539725,26.6271637816245,30.36462494451842,64.59343098091433,47.77807367953839,35.7,20.5,335.5999092353029,0.37427987260128154,-0.24639004025634262,0.03901444208810982,-0.04015154533851981,0.6138286839982741,0.31716983517936814,-0.24393663852837671,0.04711067885867935
2013.0,10.0,13.0,4.605636928539725,26.6271637816245,30.36462494451842,64.59343098091433,47.77807367953839,35.8,4.2,335.5999092353029,0.37427987260128154,-0.24639004025634262,0.03901444208810982,-0.04015154533851981,0.6138286839982741,0.31716983517936814,-0.24393663852837671,0.04711067885867935
2013.0,10.0,13.0,4.605636928539725,26.6271637816245,30.36462494451842,64.59343098091433,47.77807367953839,35.8,5.5,335.5999092353029,0.37427987260128154,-0.24639004025634262,0.03901444208810982,-0.04015154533851981,0.6138286839982741,0.31716983517936814,-0.24393663852837671,0.04711067885867935
2013.0,10.0,13.0,4.605636928539725,26.6271637816245,30.36462494451842,64.59343098091433,47.77807367953839,35.8,10.3,335.5999092353029,0.37427987260128154,-0.24639004025634262,0.03901444208810982,-0.04015154533851981,0.6138286839982741,0.31716983517936814,-0.24393663852837671,0.04711067885867935
2013.0,10.0,13.0,11.0,47.0,19.0,116.0,25.0,35.8,13.9,0.0,-0.9491927682138397,1.41348973408871,1.2573754392994478,0.8785329747778848,3.812490564245856,1.3073794827868128,-0.2684832789658642,2.0821814782687733
2013.0,10.0,13.0,0.0,27.0,7.0,66.0,72.0,35.8,16.2,0.0,1.195309939692992,-1.2126699170573139,1.0257928933069007,0.7185821457914247,2.18193843902891,0.5994694902978529,-0.7758271106237343,0.01627107688674645
2013.0,10.0,13.0,11.0,47.0,12.0,113.0,38.0,35.8,16.6,0.0,-0.9312849280209115,1.5305982574547916,1.0730529932500648,0.746733091151768,2.581325600874659,0.7234093088450098,-0.6611918438358256,1.9337296747932393
2013.0,10.0,13.0,4.605636928539725,26.6271637816245,30.36462494451842,64.59343098091433,47.77807367953839,35.8,17.5,335.5999092353029,0.37427987260128154,-0.24639004025634262,0.03901444208810982,-0.04015154533851981,0.6138286839982741,0.31716983517936814,-0.24393663852837671,0.04711067885867935
2013.0,10.0,13.0,11.0,47.0,6.0,111.0,49.0,35.8,18.7,0.0,-0.9160622390152934,0.4658983886896281,1.062321033201179,0.7711160413585945,2.2852358776466395,0.5646358926790958,-0.6556035226170921,-0.04628672988663307
2013.0,10.0,13.0,4.605636928539725,26.6271637816245,30.36462494451842,64.59343098091433,47.77807367953839,35.9,7.1,335.5999092353029,0.37427987260128154,-0.24639004025634262,0.03901444208810982,-0.04015154533851981,0.6138286839982741,0.31716983517936814,-0.24393663852837671,0.04711067885867935
2013.0,10.0,13.0,4.605636928539725,26.6271637816245,30.36462494451842,64.59343098091433,47.77807367953839,35.9,7.5,335.5999092353029,0.37427987260128154,-0.24639004025634262,0.03901444208810982,-0.04015154533851981,0.6138286839982741,0.31716983517936814,-0.24393663852837671,0.04711067885867935
2013.0,10.0,13.0,0.0,27.0,15.0,69.0,91.0,35.9,9.5,596.2958,1.2733940559958057,-1.0606025066865774,0.7716457391867865,0.014084145805046886,0.204203263586439,0.3040511659120908,-0.6715887656891624,-0.28356329867174757
2013.0,10.0,13.0,4.605636928539725,26.6271637816245,30.36462494451842,64.59343098091433,47.77807367953839,35.9,12.2,335.5999092353029,0.37427987260128154,-0.24639004025634262,0.03901444208810982,-0.04015154533851981,0.6138286839982741,0.31716983517936814,-0.24393663852837671,0.04711067885867935
2013.0,10.0,13.0,5.5,37.0,14.5,91.5,53.0,35.9,14.3,38.732699999999994,0.13685279979132892,-0.21390315329697906,1.0225829728174716,0.7602113858602202,2.6454002488879835,1.0072982553458947,0.6073335060485123,1.572690008702688
2013.0,10.0,13.0,11.0,47.0,14.0,114.0,38.0,35.9,16.6,0.0,-0.9284508552230966,1.3504017175357816,1.0624066310808984,0.7395185029174185,2.595920425809966,0.8001215218540304,-0.6593030262940253,1.7129266468847075
2013.0,10.0,13.0,4.605636928539725,26.6271637816245,30.36462494451842,64.59343098091433,47.77807367953839,35.9,18.9,335.5999092353029,0.37427987260128154,-0.24639004025634262,0.03901444208810982,-0.04015154533851981,0.6138286839982741,0.31716983517936814,-0.24393663852837671,0.04711067885867935
2013.0,10.0,13.0,4.605636928539725,26.6271637816245,30.36462494451842,64.59343098091433,47.77807367953839,35.9,19.1,335.5999092353029,0.37427987260128154,-0.24639004025634262,0.03901444208810982,-0.04015154533851981,0.6138286839982741,0.31716983517936814,-0.24393663852837671,0.04711067885867935
2013.0,10.0,13.0,0.0,26.0,53.0,61.0,44.0,35.9,21.8,0.0,1.1181323123409068,-1.055351188087998,0.8799250429623939,0.656355312841573,1.9896510108066727,1.2320346220005642,-0.7044446763690432,0.11541673686625356
2013.0,10.0,13.0,4.605636928539725,26.6271637816245,30.36462494451842,64.59343098091433,47.77807367953839,36.0,12.1,335.5999092353029,0.37427987260128154,-0.24639004025634262,0.03901444208810982,-0.04015154533851981,0.6138286839982741,0.31716983517936814,-0.24393663852837671,0.04711067885867935
2013.0,10.0,13.0,0.0,27.0,1.0,64.0,65.0,36.0,17.8,0.0,1.1722849440276584,-0.9197144116994247,1.1236624878749073,0.7855113010256484,2.683783539751498,1.0156113841356709,-0.22091226322551713,-0.3927116347876486
2013.0,10.0,13.0,4.605636928539725,26.6271637816245,30.36462494451842,64.59343098091433,47.77807367953839,36.1,8.1,335.5999092353029,0.37427987260128154,-0.24639004025634262,0.03901444208810982,-0.04015154533851981,0.6138286839982741,0.31716983517936814,-0.24393663852837671,0.04711067885867935
2013.0,10.0,13.0,2.0,7.0,30.0,30.0,0.0,36.1,10.5,24.017849,0.9012396786508111,-0.6022236499916138,0.8598971531761198,0.43864578574974894,1.643423868941396,0.7441380140628254,-0.40648736455926315,-0.6896144512820384
2013.0,10.0,13.0,4.605636928539725,26.6271637816245,30.36462494451842,64.59343098091433,47.77807367953839,36.1,16.8,335.5999092353029,0.37427987260128154,-0.24639004025634262,0.03901444208810982,-0.04015154533851981,0.6138286839982741,0.31716983517936814,-0.24393663852837671,0.04711067885867935
2013.0,10.0,13.0,5.5,36.5,35.5,88.0,55.0,36.1,18.4,0.0,0.1251183410974222,0.975743573705663,1.071732268317712,0.7609224273802961,2.632415407957109,0.8730537071065207,0.10706308161561776,0.6396860074544537
2013.0,10.0,13.0,4.605636928539725,26.6271637816245,30.36462494451842,64.59343098091433,47.77807367953839,36.1,21.0,335.5999092353029,0.37427987260128154,-0.24639004025634262,0.03901444208810982,-0.04015154533851981,0.6138286839982741,0.31716983517936814,-0.24393663852837671,0.04711067885867935
2013.0,10.0,13.0,4.605636928539725,26.6271637816245,30.36462494451842,64.59343098091433,47.77807367953839,36.2,2.2,335.5999092353029,0.37427987260128154,-0.24639004025634262,0.03901444208810982,-0.04015154533851981,0.6138286839982741,0.31716983517936814,-0.24393663852837671,0.04711067885867935
2013.0,10.0,13.0,0.0,27.0,13.0,68.0,95.0,36.2,7.0,832.65625,1.2950184347679048,-0.9223200987736028,0.4019374193117643,-0.12199652271364726,0.8510439737943968,0.3528930863552482,-0.7326130094273606,-0.5711710157785187
2013.0,10.0,13.0,4.605636928539725,26.6271637816245,30.36462494451842,64.59343098091433,47.77807367953839,36.2,13.3,335.5999092353029,0.37427987260128154,-0.24639004025634262,0.03901444208810982,-0.04015154533851981,0.6138286839982741,0.31716983517936814,-0.24393663852837671,0.04711067885867935
2013.0,10.0,13.0,5.5,37.0,14.5,91.5,53.5,36.2,14.4,0.0,0.1381156250745484,-0.3468562607508549,1.0925350706738999,0.7647364524788861,2.549762899699943,1.3280555373852991,0.35131377466515934,1.370913797042926
2013.0,10.0,13.0,0.0,27.0,4.0,65.0,78.0,36.2,14.7,0.0,1.2099519512275472,-1.2747598814115506,1.1130533859592628,0.7659041595067431,3.6735831506951,1.0527719045468038,0.3734312792992611,0.9551418980645181
2013.0,10.0,13.0,0.0,26.0,59.0,63.0,69.0,36.2,17.0,0.0,1.1793746441412059,-0.9066697364922112,1.0169420725440503,0.7247921506629418,2.2129312910982866,0.7258681188323384,-0.6597570474324856,-0.16285514806910403
2013.0,10.0,13.0,4.605636928539725,26.6271637816245,30.36462494451842,64.59343098091433,47.77807367953839,36.2,19.4,335.5999092353029,0.37427987260128154,-0.24639004025634262,0.03901444208810982,-0.04015154533851981,0.6138286839982741,0.31716983517936814,-0.24393663852837671,0.04711067885867935
2013.0,10.0,13.0,4.605636928539725,26.6271637816245,30.36462494451842,64.59343098091433,47.77807367953839,36.2,19.5,335.5999092353029,0.37427987260128154,-0.24639004025634262,0.03901444208810982,-0.04015154533851981,0.6138286839982741,0.31716983517936814,-0.24393663852837671,0.04711067885867935
2013.0,10.0,13.0,4.605636928539725,26.6271637816245,30.36462494451842,64.59343098091433,47.77807367953839,36.2,21.7,335.5999092353029,0.37427987260128154,-0.24639004025634262,0.03901444208810982,-0.04015154533851981,0.6138286839982741,0.31716983517936814,-0.24393663852837671,0.04711067885867935
2013.0,10.0,13.0,2.0,8.0,5.0,43.0,24.0,36.3,0.6,138.38902,1.05286224273984,-0.6548087042365589,0.6354595125553324,0.3367516381973385,1.3936567306972822,1.4984888502362343,-0.40479591152810523,-1.5033764035871164
2013.0,10.0,13.0,4.605636928539725,26.6271637816245,30.36462494451842,64.59343098091433,47.77807367953839,36.3,5.2,335.5999092353029,0.37427987260128154,-0.24639004025634262,0.03901444208810982,-0.04015154533851981,0.6138286839982741,0.31716983517936814,-0.24393663852837671,0.04711067885867935
2013.0,10.0,13.0,11.0,47.0,54.0,129.0,5.0,36.3,6.8,803.1948,-0.9695199399190296,1.3341031056598758,0.6700511263002248,1.3279830867824176,0.5856481612784853,0.3537154264739762,-0.7758271106237343,0.19476386939211998
2013.0,10.0,13.0,0.0,27.0,10.0,67.0,93.0,36.3,8.4,607.9578,1.2790258362433033,-1.1383825011508195,0.554408390801109,-0.01312762716705356,0.930181595445496,0.433731205199263,-0.7108193061849266,-0.06393191197464235
2013.0,10.0,13.0,4.605636928539725,26.6271637816245,30.36462494451842,64.59343098091433,47.77807367953839,36.3,10.4,335.5999092353029,0.37427987260128154,-0.24639004025634262,0.03901444208810982,-0.04015154533851981,0.6138286839982741,0.31716983517936814,-0.24393663852837671,0.04711067885867935
2013.0,10.0,13.0,4.605636928539725,26.6271637816245,30.36462494451842,64.59343098091433,47.77807367953839,36.3,12.0,335.5999092353029,0.37427987260128154,-0.24639004025634262,0.03901444208810982,-0.04015154533851981,0.6138286839982741,0.31716983517936814,-0.24393663852837671,0.04711067885867935
2013.0,10.0,13.0,0.0,27.0,4.0,65.0,83.0,36.3,13.1,0.0,1.2268556670199116,-1.0369065212118491,1.1294217146291143,0.7887834648409134,3.02295576615424,0.8994195473220516,-0.733188186001233,-0.07784178209004589
2013.0,10.0,13.0,4.605636928539725,26.6271637816245,30.36462494451842,64.59343098091433,47.77807367953839,36.3,13.8,335.5999092353029,0.37427987260128154,-0.24639004025634262,0.03901444208810982,-0.04015154533851981,0.6138286839982741,0.31716983517936814,-0.24393663852837671,0.04711067885867935
2013.0,10.0,13.0,0.0,27.0,2.0,64.0,78.0,36.3,14.7,0.0,1.2071731978381037,-0.5758601187978685,1.1619700566334434,0.7831984981710297,4.007365884301873,1.2073096826463499,0.12701207058732952,0.08094543922577828
2013.0,10.0,13.0,4.605636928539725,26.6271637816245,30.36462494451842,64.59343098091433,47.77807367953839,36.3,15.2,335.5999092353029,0.37427987260128154,-0.24639004025634262,0.03901444208810982,-0.04015154533851981,0.6138286839982741,0.31716983517936814,-0.24393663852837671,0.04711067885867935
2013.0,10.0,13.0,4.605636928539725,26.6271637816245,30.36462494451842,64.59343098091433,47.77807367953839,36.3,15.4,335.5999092353029,0.37427987260128154,-0.24639004025634262,0.03901444208810982,-0.04015154533851981,0.6138286839982741,0.31716983517936814,-0.24393663852837671,0.04711067885867935
2013.0,10.0,13.0,0.0,26.0,59.0,63.0,72.0,36.3,16.3,0.0,1.1871649832954458,-1.5620592939176934,0.9974851709671964,0.7080760127123097,2.304778194615866,0.659978475208366,-0.7758271106237343,0.35005607136962025
2013.0,10.0,13.0,5.5,36.5,36.5,88.5,55.5,36.3,17.9,0.0,0.12821395788692924,-0.11796894969605531,1.0835080189822195,0.7616593102730461,2.5763092190746413,0.7928849939708809,-0.34075538189332627,0.10279350083228606
2013.0,10.0,13.0,4.605636928539725,26.6271637816245,30.36462494451842,64.59343098091433,47.77807367953839,36.3,18.6,335.5999092353029,0.37427987260128154,-0.24639004025634262,0.03901444208810982,-0.04015154533851981,0.6138286839982741,0.31716983517936814,-0.24393663852837671,0.04711067885867935
2013.0,10.0,13.0,4.605636928539725,26.6271637816245,30.36462494451842,64.59343098091433,47.77807367953839,36.3,19.9,335.5999092353029,0.37427987260128154,-0.24639004025634262,0.03901444208810982,-0.04015154533851981,0.6138286839982741,0.31716983517936814,-0.24393663852837671,0.04711067885867935
2013.0,10.0,13.0,0.0,26.0,50.0,60.0,54.0,36.3,20.1,0.0,1.137042954558103,-1.340282362836865,0.8989912153941838,0.6641973619062429,2.341437104235623,1.4309689922627902,-0.6166790653995884,0.825750540008663
2013.0,10.0,13.0,0.0,26.0,48.0,59.0,46.0,36.3,21.5,0.0,1.1172796000262053,-0.5539184696076075,0.864648339017415,0.6335591844257089,1.9503131944066832,1.3082427444265043,-0.6899280945149766,1.165854777666226
2013.0,10.0,13.0,4.605636928539725,26.6271637816245,30.36462494451842,64.59343098091433,47.77807367953839,36.3,23.3,335.5999092353029,0.37427987260128154,-0.24639004025634262,0.03901444208810982,-0.04015154533851981,0.6138286839982741,0.31716983517936814,-0.24393663852837671,0.04711067885867935
2013.0,10.0,13.0,4.605636928539725,26.6271637816245,30.36462494451842,64.59343098091433,47.77807367953839,36.4,5.9,335.5999092353029,0.37427987260128154,-0.24639004025634262,0.03901444208810982,-0.04015154533851981,0.6138286839982741,0.31716983517936814,-0.24393663852837671,0.04711067885867935
2013.0,10.0,13.0,2.0,7.0,38.0,33.0,5.0,36.4,7.4,540.46844,0.9488628569813085,-1.3912764935152102,0.46599887249276545,-0.06285046591267068,1.3562184113150917,0.6816313030540585,-0.66688409896046,-0.39961405413364354
2013.0,10.0,13.0,4.605636928539725,26.6271637816245,30.36462494451842,64.59343098091433,47.77807367953839,36.4,12.2,335.5999092353029,0.37427987260128154,-0.24639004025634262,0.03901444208810982,-0.04015154533851981,0.6138286839982741,0.31716983517936814,-0.24393663852837671,0.04711067885867935
2013.0,10.0,13.0,4.605636928539725,26.6271637816245,30.36462494451842,64.59343098091433,47.77807367953839,36.4,16.9,335.5999092353029,0.37427987260128154,-0.24639004025634262,0.03901444208810982,-0.04015154533851981,0.6138286839982741,0.31716983517936814,-0.24393663852837671,0.04711067885867935
2013.0,10.0,13.0,0.0,26.0,51.0,60.0,55.0,36.4,19.9,0.0,1.1391660297009094,-0.5545762109356316,0.9108883136411151,0.6664100294417372,2.33127661800355,1.4100755583745987,-0.6455350943214799,0.9722054729107604
2013.0,10.0,13.0,4.605636928539725,26.6271637816245,30.36462494451842,64.59343098091433,47.77807367953839,36.4,20.1,335.5999092353029,0.37427987260128154,-0.24639004025634262,0.03901444208810982,-0.04015154533851981,0.6138286839982741,0.31716983517936814,-0.24393663852837671,0.04711067885867935
2013.0,10.0,13.0,4.605636928539725,26.6271637816245,30.36462494451842,64.59343098091433,47.77807367953839,36.4,21.5,335.5999092353029,0.37427987260128154,-0.24639004025634262,0.03901444208810982,-0.04015154533851981,0.6138286839982741,0.31716983517936814,-0.24393663852837671,0.04711067885867935
2013.0,10.0,13.0,4.605636928539725,26.6271637816245,30.36462494451842,64.59343098091433,47.77807367953839,36.5,5.2,335.5999092353029,0.37427987260128154,-0.24639004025634262,0.03901444208810982,-0.04015154533851981,0.6138286839982741,0.31716983517936814,-0.24393663852837671,0.04711067885867935
2013.0,10.0,13.0,4.605636928539725,26.6271637816245,30.36462494451842,64.59343098091433,47.77807367953839,36.5,9.0,335.5999092353029,0.37427987260128154,-0.24639004025634262,0.03901444208810982,-0.04015154533851981,0.6138286839982741,0.31716983517936814,-0.24393663852837671,0.04711067885867935
2013.0,10.0,13.0,4.605636928539725,26.6271637816245,30.36462494451842,64.59343098091433,47.77807367953839,36.5,12.2,335.5999092353029,0.37427987260128154,-0.24639004025634262,0.03901444208810982,-0.04015154533851981,0.6138286839982741,0.31716983517936814,-0.24393663852837671,0.04711067885867935
2013.0,10.0,13.0,0.0,26.0,56.0,62.0,72.0,36.5,16.3,0.0,1.1844774738704087,-1.438854364532419,0.9893382668857896,0.7051357490273662,2.3536285814550935,0.6980004327327785,-0.7480367066017422,1.0291679256129516
2013.0,10.0,13.0,4.605636928539725,26.6271637816245,30.36462494451842,64.59343098091433,47.77807367953839,36.5,18.5,335.5999092353029,0.37427987260128154,-0.24639004025634262,0.03901444208810982,-0.04015154533851981,0.6138286839982741,0.31716983517936814,-0.24393663852837671,0.04711067885867935
2013.0,10.0,13.0,4.605636928539725,26.6271637816245,30.36462494451842,64.59343098091433,47.77807367953839,36.5,19.5,335.5999092353029,0.37427987260128154,-0.24639004025634262,0.03901444208810982,-0.04015154533851981,0.6138286839982741,0.31716983517936814,-0.24393663852837671,0.04711067885867935
2013.0,10.0,13.0,5.5,36.5,28.5,85.5,56.0,36.5,21.1,0.0,0.11947885800800229,0.20418921566506637,0.8574092759779628,0.6423266776493823,2.0708914045700633,1.4687527839287278,-0.6374590003430963,1.3794411313383348
2013.0,10.0,13.0,0.0,26.0,45.0,58.0,47.0,36.5,21.4,0.0,1.1168227190160283,-0.6366463609518167,0.8654811560353761,0.6299615808232935,1.925140521882646,1.3738117926951565,-0.6631542992517954,0.6649567716986734
2013.0,10.0,13.0,6.5,27.5,23.5,84.0,6.0,36.6,5.5,636.493825,0.005255861532851569,0.10533464961415628,0.5202447664548083,0.47710743880833506,1.4741827074155274,1.0097389503924143,-0.644686756878128,0.31292015120367034
2013.0,10.0,13.0,11.0,47.0,59.0,131.0,5.0,36.6,6.7,426.58685,-0.9635986694607904,0.08180487695491812,0.6713209960216889,1.2152945133369588,1.1515768355132903,0.9234368310748888,-0.7758271106237343,0.5123539339767518
2013.0,10.0,13.0,2.0,7.0,32.0,31.0,4.0,36.6,8.0,340.93152,0.9372847913239778,-0.914645648568932,0.32927086163438973,0.02530979960465138,0.7214789176476645,0.6164094360970214,-0.5839584925911876,0.5816443831580828
2013.0,10.0,13.0,4.605636928539725,26.6271637816245,30.36462494451842,64.59343098091433,47.77807367953839,36.6,8.7,335.5999092353029,0.37427987260128154,-0.24639004025634262,0.03901444208810982,-0.04015154533851981,0.6138286839982741,0.31716983517936814,-0.24393663852837671,0.04711067885867935
2013.0,10.0,13.0,4.605636928539725,26.6271637816245,30.36462494451842,64.59343098091433,47.77807367953839,36.6,10.3,335.5999092353029,0.37427987260128154,-0.24639004025634262,0.03901444208810982,-0.04015154533851981,0.6138286839982741,0.31716983517936814,-0.24393663852837671,0.04711067885867935
2013.0,10.0,13.0,11.0,47.0,43.0,125.0,14.0,36.6,10.5,141.43582,-0.9503572087006563,0.5147807412404184,0.9263311781761334,1.2323578947329423,1.580015364852447,1.006094524045319,-0.6581091613617983,0.06745299613842021
2013.0,10.0,13.0,0.0,27.0,2.0,64.0,87.0,36.6,11.6,0.0,1.239891432147244,-1.1366886330805093,1.1426702523417118,0.7428698059365101,3.906072031618603,1.328201108528345,-0.11173641771919292,-0.19678270789892377
2013.0,10.0,13.0,0.0,26.0,56.0,62.0,76.0,36.6,15.3,0.0,1.1956645569362994,-0.7745513688994851,0.6507452798052227,0.4762159114509673,1.5925520451699233,0.48984256016265054,1.1563906498102046,1.4708320723527293
2013.0,10.0,13.0,0.0,26.0,53.0,61.0,71.0,36.6,16.6,0.0,1.1791117116544039,-0.4013634131101771,0.9903855821199877,0.7064593118341821,2.359241840279632,0.7848150484872136,-0.679600005810736,1.1150601650986656
2013.0,10.0,13.0,0.0,26.0,53.0,61.0,70.0,36.6,16.9,0.0,1.1765037652031598,-1.086923638350253,0.9981518273951181,0.7118318947223733,2.3486134567675947,0.8073373934917257,-0.6365839135805498,0.5509382542108962
2013.0,10.0,13.0,0.0,26.0,51.0,60.0,66.0,36.6,17.8,0.0,1.1639198119768714,0.12994645775276803,0.9956352497314066,0.7035691158088075,2.0614013364449346,0.8989400878455379,-0.40658392253902953,0.4027196211019328
2013.0,10.0,13.0,4.605636928539725,26.6271637816245,30.36462494451842,64.59343098091433,47.77807367953839,36.6,19.8,335.5999092353029,0.37427987260128154,-0.24639004025634262,0.03901444208810982,-0.04015154533851981,0.6138286839982741,0.31716983517936814,-0.24393663852837671,0.04711067885867935
2013.0,10.0,13.0,2.0,8.0,2.0,42.0,31.0,36.7,-0.8,0.0,1.0690236646381976,-1.0174108564424906,0.9019156417789057,0.6142161094338487,3.019746860735553,1.2250422548483875,0.15643184141124955,-0.7585221036643252
2013.0,10.0,13.0,13.0,28.0,32.0,98.0,90.0,36.7,3.9,253.95605,-0.7990153410200025,0.6678519527751713,0.9296694954851418,1.047289251504141,0.7894442031992998,0.9497571884534249,-0.7758271106237343,0.27166639738583404
2013.0,10.0,13.0,4.605636928539725,26.6271637816245,30.36462494451842,64.59343098091433,47.77807367953839,36.7,6.9,335.5999092353029,0.37427987260128154,-0.24639004025634262,0.03901444208810982,-0.04015154533851981,0.6138286839982741,0.31716983517936814,-0.24393663852837671,0.04711067885867935
2013.0,10.0,13.0,13.0,28.0,30.0,97.0,95.0,36.7,7.1,200.07845,-0.7633356449965579,1.4564051580244048,1.0995037451168324,1.074382315670502,0.9923606434898332,1.151204974172036,-0.7294393373343201,1.2753979904356716
2013.0,10.0,13.0,0.0,26.0,59.0,63.0,86.0,36.7,12.1,25.325026,1.2328940779783486,-1.0553597590808113,1.1266956739185654,0.7365128282578901,3.8385432155339294,1.2600361501448047,-0.2849737928414956,-0.16510665340518918
2013.0,10.0,13.0,4.605636928539725,26.6271637816245,30.36462494451842,64.59343098091433,47.77807367953839,36.7,13.2,335.5999092353029,0.37427987260128154,-0.24639004025634262,0.03901444208810982,-0.04015154533851981,0.6138286839982741,0.31716983517936814,-0.24393663852837671,0.04711067885867935
2013.0,10.0,13.0,4.605636928539725,26.6271637816245,30.36462494451842,64.59343098091433,47.77807367953839,36.7,15.0,335.5999092353029,0.37427987260128154,-0.24639004025634262,0.03901444208810982,-0.04015154533851981,0.6138286839982741,0.31716983517936814,-0.24393663852837671,0.04711067885867935
2013.0,10.0,13.0,4.605636928539725,26.6271637816245,30.36462494451842,64.59343098091433,47.77807367953839,36.7,16.6,335.5999092353029,0.37427987260128154,-0.24639004025634262,0.03901444208810982,-0.04015154533851981,0.6138286839982741,0.31716983517936814,-0.24393663852837671,0.04711067885867935
2013.0,10.0,13.0,5.5,36.5,35.0,88.0,56.0,36.7,18.2,0.0,0.12774633256934909,0.03372070123949761,1.0218438099502591,0.7170910178336551,2.3426899425731067,0.7921456698039167,-0.41087611785560485,-0.027697415933758796
2013.0,10.0,13.0,0.0,26.0,48.0,59.0,62.0,36.7,18.6,0.0,1.1519452538268682,-1.2403059298409105,1.0996447298598964,0.7371564399461342,3.151814325064703,1.3371016696612537,0.4543864385623986,1.594765981016838
2013.0,10.0,13.0,0.0,26.0,48.0,59.0,61.0,36.7,18.8,0.0,1.1496903818465867,-1.067736888025676,1.0596876396074963,0.7204176907944115,2.629854166908754,1.1563978369883334,-0.6548023319523407,0.6160718116673909
2013.0,10.0,13.0,2.0,7.0,48.0,37.0,16.0,36.8,3.0,71.42492,1.0119331536144158,-0.8819834684165573,0.6199491767504174,0.31158698646701866,1.4790091395137654,1.4582792855433644,-0.4721616441764916,-0.829787347133349
2013.0,10.0,13.0,4.605636928539725,26.6271637816245,30.36462494451842,64.59343098091433,47.77807367953839,36.8,7.7,335.5999092353029,0.37427987260128154,-0.24639004025634262,0.03901444208810982,-0.04015154533851981,0.6138286839982741,0.31716983517936814,-0.24393663852837671,0.04711067885867935
2013.0,10.0,13.0,4.605636928539725,26.6271637816245,30.36462494451842,64.59343098091433,47.77807367953839,36.8,8.3,335.5999092353029,0.37427987260128154,-0.24639004025634262,0.03901444208810982,-0.04015154533851981,0.6138286839982741,0.31716983517936814,-0.24393663852837671,0.04711067885867935
2013.0,10.0,13.0,11.0,47.0,54.0,129.0,10.0,36.8,8.9,426.376,-0.9507730078872461,1.0986575440994661,0.7414729901031049,1.103288313638759,1.4616594782020156,1.3405268270305744,-0.7129919666675681,0.8926817948993495
2013.0,10.0,13.0,4.605636928539725,26.6271637816245,30.36462494451842,64.59343098091433,47.77807367953839,36.8,14.6,335.5999092353029,0.37427987260128154,-0.24639004025634262,0.03901444208810982,-0.04015154533851981,0.6138286839982741,0.31716983517936814,-0.24393663852837671,0.04711067885867935
2013.0,10.0,13.0,0.0,26.0,51.0,60.0,72.0,36.8,16.4,0.0,1.1790220104623428,-1.5855372519110784,0.8351855488184531,0.6243596557525872,1.7935062585279067,0.6552998681937325,-0.08764377822697843,0.9637514673904538
2013.0,10.0,13.0,4.605636928539725,26.6271637816245,30.36462494451842,64.59343098091433,47.77807367953839,36.8,19.4,335.5999092353029,0.37427987260128154,-0.24639004025634262,0.03901444208810982,-0.04015154533851981,0.6138286839982741,0.31716983517936814,-0.24393663852837671,0.04711067885867935
2013.0,10.0,13.0,4.605636928539725,26.6271637816245,30.36462494451842,64.59343098091433,47.77807367953839,36.9,6.6,335.5999092353029,0.37427987260128154,-0.24639004025634262,0.03901444208810982,-0.04015154533851981,0.6138286839982741,0.31716983517936814,-0.24393663852837671,0.04711067885867935
2013.0,10.0,13.0,2.0,7.0,24.0,28.0,3.0,36.9,8.8,259.84106,0.9227866984096095,-1.0134615943062157,0.6516153570767114,0.2252485377234512,1.8105454130472038,1.3502385204771064,-0.7758271106237343,1.2828974894280514
2013.0,10.0,13.0,4.605636928539725,26.6271637816245,30.36462494451842,64.59343098091433,47.77807367953839,36.9,19.2,335.5999092353029,0.37427987260128154,-0.24639004025634262,0.03901444208810982,-0.04015154533851981,0.6138286839982741,0.31716983517936814,-0.24393663852837671,0.04711067885867935
2013.0,10.0,13.0,4.605636928539725,26.6271637816245,30.36462494451842,64.59343098091433,47.77807367953839,36.9,19.9,335.5999092353029,0.37427987260128154,-0.24639004025634262,0.03901444208810982,-0.04015154533851981,0.6138286839982741,0.31716983517936814,-0.24393663852837671,0.04711067885867935
2013.0,10.0,13.0,0.0,26.0,29.0,52.0,31.0,36.9,24.7,34.107956,1.0654148997271293,-1.2263984675715651,0.6838384271381088,0.5246119572181874,1.7167761330639606,1.3584418518738512,-0.7758271106237343,-0.7411202323648849
2013.0,10.0,13.0,7.5,17.5,50.0,71.0,54.5,37.0,-0.7,0.0,0.11134557158126546,-0.24455001403227317,0.6859088887934089,0.5378596984297858,1.8891794354227696,0.612606471437021,0.34811319213903796,0.2621750855708039
2013.0,10.0,13.0,2.0,7.0,27.0,29.0,5.0,37.0,7.6,86.215034,0.9392837834910345,-1.091888686960163,0.7393098813309356,0.42585753644606567,1.9352142673508355,1.9085896067993071,-0.7758271106237343,0.36307457073203386
2013.0,10.0,13.0,11.0,47.0,48.0,127.0,16.0,37.0,11.0,29.22095,-0.9387814131226332,1.2808252274893832,0.9767503433978378,0.8635150995378892,3.6528340057066244,1.6501045189630197,2.046584487639086,3.9037620112480846
2013.0,10.0,13.0,4.605636928539725,26.6271637816245,30.36462494451842,64.59343098091433,47.77807367953839,37.0,12.0,335.5999092353029,0.37427987260128154,-0.24639004025634262,0.03901444208810982,-0.04015154533851981,0.6138286839982741,0.31716983517936814,-0.24393663852837671,0.04711067885867935
2013.0,10.0,13.0,4.605636928539725,26.6271637816245,30.36462494451842,64.59343098091433,47.77807367953839,37.0,12.4,335.5999092353029,0.37427987260128154,-0.24639004025634262,0.03901444208810982,-0.04015154533851981,0.6138286839982741,0.31716983517936814,-0.24393663852837671,0.04711067885867935
2013.0,10.0,13.0,4.605636928539725,26.6271637816245,30.36462494451842,64.59343098091433,47.77807367953839,37.0,16.5,335.5999092353029,0.37427987260128154,-0.24639004025634262,0.03901444208810982,-0.04015154533851981,0.6138286839982741,0.31716983517936814,-0.24393663852837671,0.04711067885867935
2013.0,10.0,13.0,0.0,26.0,43.0,57.0,60.0,37.0,19.1,0.0,1.1421614324068043,-1.1645925475515395,0.9687162271108902,0.6650202481174331,2.4246353250377437,1.3339259511171704,-0.7023715997173741,1.5752855119162947
2013.0,10.0,13.0,0.0,26.0,40.0,56.0,57.0,37.0,19.7,0.0,1.1329451308136609,-0.6129539702220339,0.858522551931237,0.613536158315277,2.162925617853131,1.423274964381733,-0.5366086994588836,2.027608157464095
2013.0,10.0,13.0,0.0,26.0,40.0,56.0,54.0,37.0,20.3,0.0,1.126481796272194,-1.0297352422983037,0.8701537932341044,0.6336625499164188,2.362477145061239,1.5341484370265448,-0.5822652408228066,2.7242172827108653
2013.0,10.0,13.0,4.605636928539725,26.6271637816245,30.36462494451842,64.59343098091433,47.77807367953839,37.1,0.6,335.5999092353029,0.37427987260128154,-0.24639004025634262,0.03901444208810982,-0.04015154533851981,0.6138286839982741,0.31716983517936814,-0.24393663852837671,0.04711067885867935
2013.0,10.0,13.0,0.0,26.0,45.0,58.0,72.0,37.1,16.5,0.0,1.1735207046760252,-2.1961154673504835,0.961777763684327,0.6862069435412398,2.382412435404233,0.9485158588764225,-0.662017386974834,0.9772372555095562
2013.0,10.0,13.0,11.0,47.0,33.0,121.0,41.0,37.1,16.8,0.0,-0.9027688088667367,1.0525535910465795,0.9635138900917868,0.6906104749540319,2.3765842103387653,0.9471856487984734,-0.6318555653176099,2.796663049097582
2013.0,10.0,13.0,4.605636928539725,26.6271637816245,30.36462494451842,64.59343098091433,47.77807367953839,37.1,18.7,335.5999092353029,0.37427987260128154,-0.24639004025634262,0.03901444208810982,-0.04015154533851981,0.6138286839982741,0.31716983517936814,-0.24393663852837671,0.04711067885867935
2013.0,10.0,13.0,0.0,26.0,26.0,51.0,31.0,37.1,24.7,19.37143,1.0628677825854895,-0.9448323288051568,0.6372721735376005,0.49566235193353736,1.581494483443541,1.3083382714165246,-0.7758271106237343,-0.5375836184631647
2013.0,10.0,13.0,7.5,17.5,48.5,70.5,54.5,37.2,-0.2,0.0,0.1109740499609781,0.2195490922568375,0.8196837728015112,0.6405242419051396,2.5516518369725736,0.9200380641768902,-0.15260246941495775,-0.09769260338591246
2013.0,10.0,13.0,0.0,26.0,43.0,57.0,69.0,37.2,17.2,0.0,1.1631358632295483,-0.2507316665707826,0.9847945300235789,0.6899822065808175,2.299114902713028,1.0644301070287276,-0.4896052018652137,0.9003072154853187
2013.0,10.0,13.0,5.5,36.5,35.0,88.0,56.5,37.2,18.1,0.0,0.12910063323282617,0.41415115862685226,0.984013575250386,0.6877828635031084,2.3519683129498596,0.9256905121641381,-0.5617624250741887,1.893833555968595
2013.0,10.0,13.0,0.0,26.0,51.0,60.0,91.0,37.3,9.8,25.887943,1.2474909083227987,-1.3287857535792824,0.7031805268527562,0.42697517581436045,1.6354067595560127,1.575688081474049,-0.6745130710059775,2.0850109022332273
2013.0,10.0,13.0,4.605636928539725,26.6271637816245,30.36462494451842,64.59343098091433,47.77807367953839,37.3,11.9,335.5999092353029,0.37427987260128154,-0.24639004025634262,0.03901444208810982,-0.04015154533851981,0.6138286839982741,0.31716983517936814,-0.24393663852837671,0.04711067885867935
2013.0,10.0,13.0,4.605636928539725,26.6271637816245,30.36462494451842,64.59343098091433,47.77807367953839,37.4,1.5,335.5999092353029,0.37427987260128154,-0.24639004025634262,0.03901444208810982,-0.04015154533851981,0.6138286839982741,0.31716983517936814,-0.24393663852837671,0.04711067885867935
2013.0,10.0,13.0,4.605636928539725,26.6271637816245,30.36462494451842,64.59343098091433,47.77807367953839,37.4,5.5,335.5999092353029,0.37427987260128154,-0.24639004025634262,0.03901444208810982,-0.04015154533851981,0.6138286839982741,0.31716983517936814,-0.24393663852837671,0.04711067885867935
2013.0,10.0,13.0,6.5,27.0,30.0,75.0,8.5,37.4,11.2,0.0,-0.024982057677188196,0.10695394322192886,0.813823339142459,0.5878296453016323,2.5428110674640516,1.2400990939049945,0.6487563827843948,4.137808924509882
2013.0,10.0,13.0,11.0,47.0,54.0,129.0,18.0,37.4,11.4,0.0,-0.9276257364937661,0.2646217129681824,0.6834567612979561,0.5251465506154491,2.0291610516219096,0.9709119205885339,1.3040335391758033,5.2862516879082335
2013.0,10.0,13.0,5.5,36.5,39.0,89.5,56.0,37.4,16.3,0.0,0.13497335044140701,0.052257552204008184,0.9349322545369836,0.6750999985473771,2.3670179611949207,1.046474812281063,-0.5507312199211254,1.904826626237259
2013.0,10.0,13.0,7.5,17.5,39.0,67.0,52.0,37.5,4.3,0.0,0.10286303455502216,0.004470141603866273,0.8875623879010013,0.65693351355523,2.283962925508834,1.7904598622890977,-0.6514197955691474,-0.3148666929393046
2013.0,10.0,13.0,4.605636928539725,26.6271637816245,30.36462494451842,64.59343098091433,47.77807367953839,37.5,4.5,335.5999092353029,0.37427987260128154,-0.24639004025634262,0.03901444208810982,-0.04015154533851981,0.6138286839982741,0.31716983517936814,-0.24393663852837671,0.04711067885867935
2013.0,10.0,13.0,4.605636928539725,26.6271637816245,30.36462494451842,64.59343098091433,47.77807367953839,37.5,6.0,335.5999092353029,0.37427987260128154,-0.24639004025634262,0.03901444208810982,-0.04015154533851981,0.6138286839982741,0.31716983517936814,-0.24393663852837671,0.04711067885867935
2013.0,10.0,13.0,11.0,47.0,38.0,123.0,44.0,37.5,17.2,0.0,-0.8914871318164906,0.7586848085789906,0.9309252667323006,0.6715153156312976,2.2747327025416006,0.8874484385604022,-0.6486562786002392,3.2342465440164454
2013.0,10.0,13.0,4.605636928539725,26.6271637816245,30.36462494451842,64.59343098091433,47.77807367953839,37.6,8.2,335.5999092353029,0.37427987260128154,-0.24639004025634262,0.03901444208810982,-0.04015154533851981,0.6138286839982741,0.31716983517936814,-0.24393663852837671,0.04711067885867935
2013.0,10.0,13.0,5.5,36.5,39.0,89.5,56.5,37.6,16.6,0.0,0.13557798496302798,1.041205060775696,0.9362499583677042,0.6803890007458129,2.313330331089783,1.0319384193835908,-0.5996022978186458,2.099459500140448
2013.0,10.0,13.0,4.605636928539725,26.6271637816245,30.36462494451842,64.59343098091433,47.77807367953839,37.7,0.3,335.5999092353029,0.37427987260128154,-0.24639004025634262,0.03901444208810982,-0.04015154533851981,0.6138286839982741,0.31716983517936814,-0.24393663852837671,0.04711067885867935
2013.0,10.0,13.0,7.5,17.5,44.5,69.0,53.5,37.7,1.9,0.0,0.1083392151917209,0.3975507799420879,0.8873962273109619,0.6834298035213253,2.433688672273406,1.3626550091683522,-0.4609199933894469,-0.4410166397779686
2013.0,10.0,13.0,4.605636928539725,26.6271637816245,30.36462494451842,64.59343098091433,47.77807367953839,37.7,6.7,335.5999092353029,0.37427987260128154,-0.24639004025634262,0.03901444208810982,-0.04015154533851981,0.6138286839982741,0.31716983517936814,-0.24393663852837671,0.04711067885867935
2013.0,10.0,13.0,4.605636928539725,26.6271637816245,30.36462494451842,64.59343098091433,47.77807367953839,37.7,17.7,335.5999092353029,0.37427987260128154,-0.24639004025634262,0.03901444208810982,-0.04015154533851981,0.6138286839982741,0.31716983517936814,-0.24393663852837671,0.04711067885867935
2013.0,10.0,13.0,0.0,26.0,10.0,45.0,24.0,37.7,26.6,93.8,1.0291249270432017,-0.9857334592245708,0.5784080222062973,0.3647055430910145,1.4932905662978229,0.7392475013377239,-0.7758271106237343,0.18194939073783956
2013.0,10.0,13.0,4.605636928539725,26.6271637816245,30.36462494451842,64.59343098091433,47.77807367953839,37.8,4.4,335.5999092353029,0.37427987260128154,-0.24639004025634262,0.03901444208810982,-0.04015154533851981,0.6138286839982741,0.31716983517936814,-0.24393663852837671,0.04711067885867935
2013.0,10.0,13.0,4.605636928539725,26.6271637816245,30.36462494451842,64.59343098091433,47.77807367953839,37.8,4.8,335.5999092353029,0.37427987260128154,-0.24639004025634262,0.03901444208810982,-0.04015154533851981,0.6138286839982741,0.31716983517936814,-0.24393663852837671,0.04711067885867935
2013.0,10.0,13.0,2.0,7.0,22.0,27.0,9.0,37.8,6.0,0.0,0.9571962520009976,-1.016481457406659,0.8802724696506601,0.6475773215602506,2.118567899738066,1.7865059832301289,-0.7182480931232728,-0.4863995175994822
2013.0,10.0,13.0,4.605636928539725,26.6271637816245,30.36462494451842,64.59343098091433,47.77807367953839,37.8,7.6,335.5999092353029,0.37427987260128154,-0.24639004025634262,0.03901444208810982,-0.04015154533851981,0.6138286839982741,0.31716983517936814,-0.24393663852837671,0.04711067885867935
2013.0,10.0,13.0,2.0,7.0,8.0,22.0,3.0,37.8,9.2,0.0,0.9084223858971591,-0.4223852439676713,0.7799255717402224,0.554924694911562,2.107593810283016,2.038191191450747,-0.7234957710316278,0.8185019785544803
2013.0,10.0,13.0,4.605636928539725,26.6271637816245,30.36462494451842,64.59343098091433,47.77807367953839,37.8,10.8,335.5999092353029,0.37427987260128154,-0.24639004025634262,0.03901444208810982,-0.04015154533851981,0.6138286839982741,0.31716983517936814,-0.24393663852837671,0.04711067885867935
2013.0,10.0,13.0,4.605636928539725,26.6271637816245,30.36462494451842,64.59343098091433,47.77807367953839,37.8,11.4,335.5999092353029,0.37427987260128154,-0.24639004025634262,0.03901444208810982,-0.04015154533851981,0.6138286839982741,0.31716983517936814,-0.24393663852837671,0.04711067885867935
2013.0,10.0,13.0,0.0,26.0,29.0,52.0,64.0,37.8,18.5,0.0,1.137690037358817,-0.8498506455339883,1.0314131493858023,0.6879367004248298,3.2875168559568357,1.7957118918904829,-0.24698474960525688,3.9859745309961037
2013.0,10.0,13.0,0.0,26.0,29.0,52.0,63.0,37.8,18.7,0.0,1.1354012243869447,-1.7312855987797688,0.7311226958943717,0.5285107743208742,1.9096116623449402,1.4189191682187776,0.8062517283846223,4.403054918374075
2013.0,10.0,13.0,4.605636928539725,26.6271637816245,30.36462494451842,64.59343098091433,47.77807367953839,37.8,19.5,335.5999092353029,0.37427987260128154,-0.24639004025634262,0.03901444208810982,-0.04015154533851981,0.6138286839982741,0.31716983517936814,-0.24393663852837671,0.04711067885867935
2013.0,10.0,13.0,11.0,47.0,36.0,122.0,60.0,37.8,20.2,0.0,-0.8635990312047666,0.10844099605331459,0.8032202794300849,0.628998182148167,1.9331822706734225,1.4006795079974104,-0.6119940302875723,0.8449443701424308
2013.0,10.0,13.0,4.605636928539725,26.6271637816245,30.36462494451842,64.59343098091433,47.77807367953839,37.8,28.2,335.5999092353029,0.37427987260128154,-0.24639004025634262,0.03901444208810982,-0.04015154533851981,0.6138286839982741,0.31716983517936814,-0.24393663852837671,0.04711067885867935
2013.0,10.0,13.0,2.0,7.0,11.0,23.0,5.0,37.9,8.1,0.0,0.9248253618655383,-0.6738366461134428,0.7581051616492674,0.5945597077982777,1.852047977206724,1.6923731920355896,-0.7758271106237343,0.5055810678557092
2013.0,10.0,13.0,2.0,7.0,6.0,21.0,3.0,37.9,9.3,0.0,0.9060921384680202,-1.0238719643880858,0.7585422143527705,0.5484796950572619,2.0439625458555137,2.031224888961604,-0.7274780450281867,1.29874458935676
2013.0,10.0,13.0,4.605636928539725,26.6271637816245,30.36462494451842,64.59343098091433,47.77807367953839,37.9,10.3,335.5999092353029,0.37427987260128154,-0.24639004025634262,0.03901444208810982,-0.04015154533851981,0.6138286839982741,0.31716983517936814,-0.24393663852837671,0.04711067885867935
2013.0,10.0,13.0,4.605636928539725,26.6271637816245,30.36462494451842,64.59343098091433,47.77807367953839,37.9,14.1,335.5999092353029,0.37427987260128154,-0.24639004025634262,0.03901444208810982,-0.04015154533851981,0.6138286839982741,0.31716983517936814,-0.24393663852837671,0.04711067885867935
2013.0,10.0,13.0,0.0,26.0,35.0,54.0,78.0,37.9,15.1,809.2986,1.1794392201836483,-0.8596285849383541,0.856682701034235,0.16117808434165307,0.7223732274944298,0.8566470443130311,-0.7758271106237343,-0.6708054378987208
2013.0,10.0,13.0,4.605636928539725,26.6271637816245,30.36462494451842,64.59343098091433,47.77807367953839,37.9,19.8,335.5999092353029,0.37427987260128154,-0.24639004025634262,0.03901444208810982,-0.04015154533851981,0.6138286839982741,0.31716983517936814,-0.24393663852837671,0.04711067885867935
2013.0,10.0,13.0,4.605636928539725,26.6271637816245,30.36462494451842,64.59343098091433,47.77807367953839,38.0,5.9,335.5999092353029,0.37427987260128154,-0.24639004025634262,0.03901444208810982,-0.04015154533851981,0.6138286839982741,0.31716983517936814,-0.24393663852837671,0.04711067885867935
2013.0,10.0,13.0,2.0,6.0,58.0,18.0,1.0,38.0,10.8,0.0,0.8825597910972218,-1.33286791285189,0.8905663699621664,0.6202565302971722,2.613893363509158,1.9167298617115092,-0.5429052066962575,2.007543217371157
2013.0,10.0,13.0,11.0,48.0,2.0,132.0,20.0,38.0,11.8,0.0,-0.9137599157655995,0.9696319634406404,0.5275125299598094,0.46163087920331625,1.2740294004440695,0.8819203841774852,0.7927570720476124,4.782051248608736
2013.0,10.0,13.0,5.5,36.5,35.5,88.0,58.0,38.0,18.3,0.0,0.1322396239648332,0.7045077831710655,0.9368687806863695,0.6545787184700113,2.7482967943230685,1.388800212011299,-0.41640801831560126,4.03379523899543
2013.0,10.0,13.0,0.0,26.0,27.0,51.0,63.0,38.0,18.8,0.0,1.1326918957530276,-1.2445431907430933,0.9058078277213822,0.6200788708600145,2.4767054284633305,1.62325153019538,-0.5816173643665684,4.379874496352965
2013.0,10.0,13.0,13.0,28.0,54.0,106.0,93.0,38.1,5.5,0.0,-0.7578561584191197,0.9413830602268275,0.7495071063900581,0.6155146384108869,1.703250105193203,1.6032796124687618,-0.5917808366128242,0.5576105355672636
2013.0,10.0,13.0,4.605636928539725,26.6271637816245,30.36462494451842,64.59343098091433,47.77807367953839,38.1,19.4,335.5999092353029,0.37427987260128154,-0.24639004025634262,0.03901444208810982,-0.04015154533851981,0.6138286839982741,0.31716983517936814,-0.24393663852837671,0.04711067885867935
2013.0,10.0,13.0,4.605636928539725,26.6271637816245,30.36462494451842,64.59343098091433,47.77807367953839,38.2,-1.2,335.5999092353029,0.37427987260128154,-0.24639004025634262,0.03901444208810982,-0.04015154533851981,0.6138286839982741,0.31716983517936814,-0.24393663852837671,0.04711067885867935
2013.0,10.0,13.0,0.0,26.0,32.0,53.0,84.0,38.2,13.1,76.30481,1.1967341389635018,-1.377647506591536,0.7227341036819998,0.37466900734390823,1.353344903516756,0.9422938328402203,-0.6979996684763874,0.4140476052606211
2013.0,10.0,13.0,4.605636928539725,26.6271637816245,30.36462494451842,64.59343098091433,47.77807367953839,38.2,19.8,335.5999092353029,0.37427987260128154,-0.24639004025634262,0.03901444208810982,-0.04015154533851981,0.6138286839982741,0.31716983517936814,-0.24393663852837671,0.04711067885867935
2013.0,10.0,13.0,2.0,7.0,44.0,35.0,48.0,38.3,-3.6,626.097,1.0885752185667277,-0.5117451599516911,-0.013823566885466583,-0.6268884922544455,-0.2007100894707103,-0.41297194503682155,-0.7758271106237343,-0.8628385009812536
2013.0,10.0,13.0,2.0,7.0,30.0,30.0,25.0,38.3,1.2,0.0,1.0228718503327574,-1.2889026317825971,0.6860750493834511,0.5827905776295579,1.1898762769717166,1.1139566158464775,-0.48749878126021184,0.13277730527993883
2013.0,10.0,13.0,7.5,18.0,16.0,69.5,54.5,38.3,1.4,0.0,0.11191484355677822,0.5629154146420219,0.8106159362377298,0.6761364798546057,1.9969735026691016,1.1355928926311432,-0.6672715425442317,-0.10707847837387094
2013.0,10.0,13.0,2.0,7.0,16.0,25.0,12.0,38.3,5.1,0.0,0.9662679737858074,-1.4875414368804387,0.888348881360529,0.6697144949728455,2.0991326887555495,0.9941953537536438,-0.6751983479542184,0.17049353752510543
2013.0,10.0,13.0,4.605636928539725,26.6271637816245,30.36462494451842,64.59343098091433,47.77807367953839,38.3,7.0,335.5999092353029,0.37427987260128154,-0.24639004025634262,0.03901444208810982,-0.04015154533851981,0.6138286839982741,0.31716983517936814,-0.24393663852837671,0.04711067885867935
2013.0,10.0,13.0,4.605636928539725,26.6271637816245,30.36462494451842,64.59343098091433,47.77807367953839,38.3,7.5,335.5999092353029,0.37427987260128154,-0.24639004025634262,0.03901444208810982,-0.04015154533851981,0.6138286839982741,0.31716983517936814,-0.24393663852837671,0.04711067885867935
2013.0,10.0,13.0,4.605636928539725,26.6271637816245,30.36462494451842,64.59343098091433,47.77807367953839,38.3,10.7,335.5999092353029,0.37427987260128154,-0.24639004025634262,0.03901444208810982,-0.04015154533851981,0.6138286839982741,0.31716983517936814,-0.24393663852837671,0.04711067885867935
2013.0,10.0,13.0,2.0,6.0,52.0,16.0,1.0,38.3,10.9,0.0,0.8778596249500713,-0.9776730457705674,0.8052121924428209,0.5758618595804545,2.1419029251802906,1.824934419174559,-0.7004962958786619,2.1991509438069676
2013.0,10.0,13.0,0.0,26.0,24.0,50.0,70.0,38.3,17.3,0.0,1.1464692935862189,-0.9598183399016927,1.0497854754749363,0.6928586743769597,3.4203878666088037,1.6458867351908302,-0.5040273665678653,2.0381338909043323
2013.0,10.0,13.0,11.0,47.0,49.0,127.0,50.0,38.3,18.1,0.0,-0.8689768711242724,1.8687145083923102,0.8465005814833058,0.6173453381564907,2.089599250248478,1.0827677703831038,-0.5931502384346676,2.7227189823408042
2013.0,10.0,13.0,11.0,47.0,49.0,127.0,51.0,38.3,18.3,0.0,-0.8670900605463041,0.4858893947475891,0.861485245603363,0.6224086321154509,2.2123334083837496,1.1261127837156695,-0.6330457246304534,2.5428215147131157
2013.0,10.0,13.0,4.605636928539725,26.6271637816245,30.36462494451842,64.59343098091433,47.77807367953839,38.3,19.4,335.5999092353029,0.37427987260128154,-0.24639004025634262,0.03901444208810982,-0.04015154533851981,0.6138286839982741,0.31716983517936814,-0.24393663852837671,0.04711067885867935
2013.0,10.0,13.0,4.605636928539725,26.6271637816245,30.36462494451842,64.59343098091433,47.77807367953839,38.3,20.5,335.5999092353029,0.37427987260128154,-0.24639004025634262,0.03901444208810982,-0.04015154533851981,0.6138286839982741,0.31716983517936814,-0.24393663852837671,0.04711067885867935
2013.0,10.0,13.0,2.0,7.0,35.0,32.0,36.0,38.4,-1.2,623.9632,1.0551016869966716,-0.399281447421971,0.23025828361367773,-0.2035890418564497,1.13822806050786,0.3918435975002528,-0.6665465631617502,0.10781491661800849
2013.0,10.0,13.0,4.605636928539725,26.6271637816245,30.36462494451842,64.59343098091433,47.77807367953839,38.4,1.6,335.5999092353029,0.37427987260128154,-0.24639004025634262,0.03901444208810982,-0.04015154533851981,0.6138286839982741,0.31716983517936814,-0.24393663852837671,0.04711067885867935
2013.0,10.0,13.0,13.0,28.0,59.0,108.0,93.0,38.4,5.4,0.0,-0.7526366951006336,1.568065471670729,0.7437509007374864,0.620615886885963,1.6316982776218574,1.481126787219228,-0.49155792423682293,-0.1923342944062309
2013.0,10.0,13.0,11.0,48.0,28.0,7.0,6.0,38.4,6.4,0.0,-0.9259956432340103,0.6443520993765625,0.8847195312604814,0.6842131201306092,2.495289825692276,1.6695500608196632,-0.6266286887568959,-0.3430652222234538
2013.0,10.0,13.0,4.605636928539725,26.6271637816245,30.36462494451842,64.59343098091433,47.77807367953839,38.4,6.7,335.5999092353029,0.37427987260128154,-0.24639004025634262,0.03901444208810982,-0.04015154533851981,0.6138286839982741,0.31716983517936814,-0.24393663852837671,0.04711067885867935
2013.0,10.0,13.0,4.605636928539725,26.6271637816245,30.36462494451842,64.59343098091433,47.77807367953839,38.4,8.0,335.5999092353029,0.37427987260128154,-0.24639004025634262,0.03901444208810982,-0.04015154533851981,0.6138286839982741,0.31716983517936814,-0.24393663852837671,0.04711067885867935
2013.0,10.0,13.0,11.0,48.0,18.0,3.0,13.0,38.4,9.4,0.0,-0.9143154240078339,0.9101879170338536,0.7467438054259816,0.5623500518418065,2.886938705709589,2.042948774394374,0.5839239894339503,0.8038318939408192
2013.0,10.0,13.0,11.0,48.0,12.0,1.0,16.0,38.4,10.4,0.0,-0.9119626741420624,0.25458247929746003,0.9698441050554082,0.6793363685806605,3.816103505628487,2.2678720898446563,0.012709559150492426,1.9030593652558923
2013.0,10.0,13.0,4.605636928539725,26.6271637816245,30.36462494451842,64.59343098091433,47.77807367953839,38.4,12.3,335.5999092353029,0.37427987260128154,-0.24639004025634262,0.03901444208810982,-0.04015154533851981,0.6138286839982741,0.31716983517936814,-0.24393663852837671,0.04711067885867935
2013.0,10.0,13.0,4.605636928539725,26.6271637816245,30.36462494451842,64.59343098091433,47.77807367953839,38.4,16.2,335.5999092353029,0.37427987260128154,-0.24639004025634262,0.03901444208810982,-0.04015154533851981,0.6138286839982741,0.31716983517936814,-0.24393663852837671,0.04711067885867935
2013.0,10.0,13.0,11.0,47.0,54.0,129.0,42.0,38.4,16.5,68.19281,-0.8779812619160238,0.8361196683651978,0.7718612444369,0.8392338997359752,0.8839310430089887,0.9377218302973964,0.9692505808811958,2.1784472070018057
2013.0,10.0,13.0,11.0,47.0,52.0,128.0,47.0,38.4,17.5,0.0,-0.8716969991646047,0.8712134579280362,0.6062756707408691,0.4906596236917881,1.0261099661819293,0.9010741321314607,0.6881517405787422,3.5059805017565906
2013.0,10.0,13.0,5.5,36.5,36.5,88.5,58.5,38.4,17.8,0.0,0.13543161994669467,-0.1966547050138745,0.9505281882216182,0.6586446969522046,2.8158405700467304,1.4936762056919477,-0.5199736189759461,3.334205219885807
2013.0,10.0,13.0,2.0,7.0,33.0,31.0,33.0,38.5,-0.6,413.38507,1.045638321432275,-1.1762150007422343,0.375984142181244,0.11267382782634908,1.3122043877630105,0.9196329541516817,-0.5960478429871577,0.45788301937741493
2013.0,10.0,13.0,11.0,48.0,7.0,134.0,24.0,38.5,12.6,0.0,-0.8986329447641878,0.9188993177482964,0.7161742849939597,0.6025915294435448,1.7352390932234691,1.0760063361454095,-0.3730489940750361,1.4455810812230268
2013.0,10.0,13.0,5.5,36.5,35.5,88.0,58.5,38.5,18.0,0.0,0.1338017911621982,-0.39743253363113773,0.9297007135353903,0.6441816036818765,2.874696692566813,1.5425932575263008,-0.05113842835503357,3.069421286129943
2013.0,10.0,13.0,4.605636928539725,26.6271637816245,30.36462494451842,64.59343098091433,47.77807367953839,38.5,23.7,335.5999092353029,0.37427987260128154,-0.24639004025634262,0.03901444208810982,-0.04015154533851981,0.6138286839982741,0.31716983517936814,-0.24393663852837671,0.04711067885867935
2013.0,10.0,13.0,7.5,18.0,26.5,73.5,58.5,38.6,-3.5,770.11467,0.12469888333641427,0.01455551457865445,0.029636994232095953,0.0645495202436912,-0.5857382606899147,-0.5002432788492728,-0.7345675923332999,-0.29287231766210003
2013.0,10.0,13.0,7.5,18.0,14.5,69.0,54.5,38.6,2.1,0.0,0.11251216092956284,-0.17593531434502713,0.8406673377389876,0.6779522400566337,1.9062242469484065,1.1165349323138178,-0.5594030115270011,-0.15021756308514436
2013.0,10.0,13.0,13.0,29.0,4.0,110.0,91.0,38.6,4.2,0.0,-0.7616136906634582,2.096294310882532,0.6481702941765314,0.5699627587239613,1.1635621462794719,1.0378287725826831,0.23515886183889098,0.5539455916865592
2013.0,10.0,13.0,4.605636928539725,26.6271637816245,30.36462494451842,64.59343098091433,47.77807367953839,38.6,6.2,335.5999092353029,0.37427987260128154,-0.24639004025634262,0.03901444208810982,-0.04015154533851981,0.6138286839982741,0.31716983517936814,-0.24393663852837671,0.04711067885867935
2013.0,10.0,13.0,0.0,26.0,30.0,52.0,93.0,38.6,8.7,0.0,1.2351769402568902,-1.3874242512253965,0.6687671581044554,0.44859471423051167,1.88795387642697,1.1713218114251243,-0.7758271106237343,0.06376082534800553
2013.0,10.0,13.0,4.605636928539725,26.6271637816245,30.36462494451842,64.59343098091433,47.77807367953839,38.6,11.0,335.5999092353029,0.37427987260128154,-0.24639004025634262,0.03901444208810982,-0.04015154533851981,0.6138286839982741,0.31716983517936814,-0.24393663852837671,0.04711067885867935
2013.0,10.0,13.0,4.605636928539725,26.6271637816245,30.36462494451842,64.59343098091433,47.77807367953839,38.6,11.4,335.5999092353029,0.37427987260128154,-0.24639004025634262,0.03901444208810982,-0.04015154533851981,0.6138286839982741,0.31716983517936814,-0.24393663852837671,0.04711067885867935
2013.0,10.0,13.0,4.605636928539725,26.6271637816245,30.36462494451842,64.59343098091433,47.77807367953839,38.6,18.2,335.5999092353029,0.37427987260128154,-0.24639004025634262,0.03901444208810982,-0.04015154533851981,0.6138286839982741,0.31716983517936814,-0.24393663852837671,0.04711067885867935
2013.0,10.0,13.0,4.605636928539725,26.6271637816245,30.36462494451842,64.59343098091433,47.77807367953839,38.6,19.5,335.5999092353029,0.37427987260128154,-0.24639004025634262,0.03901444208810982,-0.04015154533851981,0.6138286839982741,0.31716983517936814,-0.24393663852837671,0.04711067885867935
2013.0,10.0,13.0,4.605636928539725,26.6271637816245,30.36462494451842,64.59343098091433,47.77807367953839,38.7,0.0,335.5999092353029,0.37427987260128154,-0.24639004025634262,0.03901444208810982,-0.04015154533851981,0.6138286839982741,0.31716983517936814,-0.24393663852837671,0.04711067885867935
2013.0,10.0,13.0,2.0,7.0,8.0,22.0,11.0,38.7,5.6,0.0,0.9544454889098141,-1.650377287151961,0.8362086952395523,0.6437721794335213,1.7156273836431366,0.7517263497352786,-0.5028085731240621,-1.342042022049163
2013.0,10.0,13.0,4.605636928539725,26.6271637816245,30.36462494451842,64.59343098091433,47.77807367953839,38.7,7.9,335.5999092353029,0.37427987260128154,-0.24639004025634262,0.03901444208810982,-0.04015154533851981,0.6138286839982741,0.31716983517936814,-0.24393663852837671,0.04711067885867935
2013.0,10.0,13.0,4.605636928539725,26.6271637816245,30.36462494451842,64.59343098091433,47.77807367953839,38.7,8.4,335.5999092353029,0.37427987260128154,-0.24639004025634262,0.03901444208810982,-0.04015154533851981,0.6138286839982741,0.31716983517936814,-0.24393663852837671,0.04711067885867935
2013.0,10.0,13.0,0.0,26.0,24.0,50.0,86.0,38.7,12.4,0.0,1.1958278704088228,-0.8084202209632005,0.8108576243686979,0.586372837916948,2.0364342018179262,1.5021309959253144,-0.7046661020247237,2.287360398262962
2013.0,10.0,13.0,11.0,48.0,7.0,134.0,29.0,38.7,13.7,0.0,-0.8881159538465568,1.9805465650354517,0.6172040023961692,0.5212138167111218,1.5873526277869858,1.067372286192025,0.8711401032929362,2.2856757250201647
2013.0,10.0,13.0,4.605636928539725,26.6271637816245,30.36462494451842,64.59343098091433,47.77807367953839,38.7,14.2,335.5999092353029,0.37427987260128154,-0.24639004025634262,0.03901444208810982,-0.04015154533851981,0.6138286839982741,0.31716983517936814,-0.24393663852837671,0.04711067885867935
2013.0,10.0,13.0,0.0,26.0,19.0,48.0,75.0,38.7,16.1,110.37667,1.1539896475800786,-0.7569817007803186,0.7876303879487264,0.3230096807332859,1.566840322797288,1.1525646373192133,-0.7758271106237343,0.6306124332826497
2013.0,10.0,13.0,0.0,26.0,13.0,46.0,63.0,38.7,19.0,0.0,1.1190899331750703,-1.28158611108036,0.8308291202577452,0.5748362801023243,2.3066462638206637,1.662468552519909,-0.5131988959291816,5.490245365016815
2013.0,10.0,13.0,4.605636928539725,26.6271637816245,30.36462494451842,64.59343098091433,47.77807367953839,38.7,19.9,335.5999092353029,0.37427987260128154,-0.24639004025634262,0.03901444208810982,-0.04015154533851981,0.6138286839982741,0.31716983517936814,-0.24393663852837671,0.04711067885867935
2013.0,10.0,13.0,4.605636928539725,26.6271637816245,30.36462494451842,64.59343098091433,47.77807367953839,38.7,21.1,335.5999092353029,0.37427987260128154,-0.24639004025634262,0.03901444208810982,-0.04015154533851981,0.6138286839982741,0.31716983517936814,-0.24393663852837671,0.04711067885867935
2013.0,10.0,13.0,2.0,7.0,27.0,29.0,33.0,38.8,-0.5,596.5088,1.0403959810038723,-0.6355583494585741,0.379171404408389,0.0520330091245702,1.1936360490966902,0.7962778963196965,-0.679129447325021,-0.20497304691540147
2013.0,10.0,13.0,2.0,7.0,11.0,23.0,14.0,38.8,4.5,0.0,0.9694469664007606,-0.25396583416632035,0.9713385433318971,0.7038549859940492,2.443964184301064,0.9463990172681024,-0.5009215984602755,-0.1611282257566754
2013.0,10.0,13.0,2.0,7.0,8.0,22.0,13.0,38.8,4.9,0.0,0.962902526113155,-1.77826202165053,0.9858035779703728,0.7079702245929083,2.480985645171606,0.9627766179623084,-0.5627960181057604,-0.5098136829834499
2013.0,10.0,13.0,4.605636928539725,26.6271637816245,30.36462494451842,64.59343098091433,47.77807367953839,38.8,6.1,335.5999092353029,0.37427987260128154,-0.24639004025634262,0.03901444208810982,-0.04015154533851981,0.6138286839982741,0.31716983517936814,-0.24393663852837671,0.04711067885867935
2013.0,10.0,13.0,4.605636928539725,26.6271637816245,30.36462494451842,64.59343098091433,47.77807367953839,38.8,6.3,335.5999092353029,0.37427987260128154,-0.24639004025634262,0.03901444208810982,-0.04015154533851981,0.6138286839982741,0.31716983517936814,-0.24393663852837671,0.04711067885867935
2013.0,10.0,13.0,0.0,26.0,27.0,51.0,94.0,38.8,8.1,0.0,1.238277912670395,-0.5532198166934968,0.7186425250314794,0.5232124853791308,1.423290895554986,0.7976917739659851,-0.7758271106237343,-0.6862311238198304
2013.0,10.0,13.0,1.0,16.0,31.5,30.5,43.5,38.8,12.0,0.0,1.028220906528226,-0.984639648376256,0.7951262446273343,0.5856718906830763,2.096261569471001,1.7015950653020524,-0.710235106129905,1.2337335346490481
2013.0,10.0,13.0,4.605636928539725,26.6271637816245,30.36462494451842,64.59343098091433,47.77807367953839,38.8,13.1,335.5999092353029,0.37427987260128154,-0.24639004025634262,0.03901444208810982,-0.04015154533851981,0.6138286839982741,0.31716983517936814,-0.24393663852837671,0.04711067885867935
2013.0,10.0,13.0,0.0,26.0,22.0,49.0,84.0,38.8,13.3,0.0,1.1852711200439,-0.9410265135713145,0.8410907954851237,0.5907230714985948,1.931212626777004,1.4575072502242923,-0.7280767618857663,0.9564764350680046
2013.0,10.0,13.0,0.0,26.0,22.0,49.0,83.0,38.8,13.6,0.0,1.181706213946641,-0.5834367473722942,0.8785363432432002,0.6048510344670133,1.8757437939422035,1.5038287177520453,-0.7377484064062839,0.8892783318703542
2013.0,10.0,13.0,4.605636928539725,26.6271637816245,30.36462494451842,64.59343098091433,47.77807367953839,38.8,18.0,335.5999092353029,0.37427987260128154,-0.24639004025634262,0.03901444208810982,-0.04015154533851981,0.6138286839982741,0.31716983517936814,-0.24393663852837671,0.04711067885867935
2013.0,10.0,13.0,0.0,26.0,8.0,44.0,54.0,38.8,20.8,80.482086,1.0944478916960985,-1.0994348608360467,0.6446849499211829,0.20964357879794254,1.295465683136006,1.4410115766065414,-0.7758271106237343,-0.7808955262448292
2013.0,10.0,13.0,4.605636928539725,26.6271637816245,30.36462494451842,64.59343098091433,47.77807367953839,38.9,-5.0,335.5999092353029,0.37427987260128154,-0.24639004025634262,0.03901444208810982,-0.04015154533851981,0.6138286839982741,0.31716983517936814,-0.24393663852837671,0.04711067885867935
2013.0,10.0,13.0,7.5,18.0,20.0,71.0,56.5,38.9,-0.2,225.919755,0.1183090949565952,-0.10815469660629662,0.7045314628014843,0.6345892053897683,0.7055738546172077,0.6428422624965505,-0.7363125131042938,-0.5186849788186163
2013.0,10.0,13.0,4.605636928539725,26.6271637816245,30.36462494451842,64.59343098091433,47.77807367953839,38.9,5.7,335.5999092353029,0.37427987260128154,-0.24639004025634262,0.03901444208810982,-0.04015154533851981,0.6138286839982741,0.31716983517936814,-0.24393663852837671,0.04711067885867935
2013.0,10.0,13.0,4.605636928539725,26.6271637816245,30.36462494451842,64.59343098091433,47.77807367953839,38.9,6.5,335.5999092353029,0.37427987260128154,-0.24639004025634262,0.03901444208810982,-0.04015154533851981,0.6138286839982741,0.31716983517936814,-0.24393663852837671,0.04711067885867935
2013.0,10.0,13.0,4.605636928539725,26.6271637816245,30.36462494451842,64.59343098091433,47.77807367953839,38.9,11.3,335.5999092353029,0.37427987260128154,-0.24639004025634262,0.03901444208810982,-0.04015154533851981,0.6138286839982741,0.31716983517936814,-0.24393663852837671,0.04711067885867935
2013.0,10.0,13.0,4.605636928539725,26.6271637816245,30.36462494451842,64.59343098091433,47.77807367953839,38.9,11.5,335.5999092353029,0.37427987260128154,-0.24639004025634262,0.03901444208810982,-0.04015154533851981,0.6138286839982741,0.31716983517936814,-0.24393663852837671,0.04711067885867935
2013.0,10.0,13.0,5.5,36.5,34.0,87.5,59.5,38.9,18.8,0.0,0.13378017030976275,-0.1957697427446224,0.8162069883341385,0.5704101374884392,2.277921494159966,1.500394893882266,-0.5678051536633016,3.794460697829747
2013.0,10.0,13.0,4.605636928539725,26.6271637816245,30.36462494451842,64.59343098091433,47.77807367953839,38.9,19.6,335.5999092353029,0.37427987260128154,-0.24639004025634262,0.03901444208810982,-0.04015154533851981,0.6138286839982741,0.31716983517936814,-0.24393663852837671,0.04711067885867935
2013.0,10.0,13.0,11.0,48.0,39.0,11.0,6.0,39.0,6.1,0.0,-0.9137022601591053,1.3892377203636843,0.8662062204282832,0.6843067951065621,2.2773283884730047,1.4314681305598946,-0.36739085095349366,-0.12880935994992532
2013.0,10.0,13.0,4.605636928539725,26.6271637816245,30.36462494451842,64.59343098091433,47.77807367953839,39.0,6.5,335.5999092353029,0.37427987260128154,-0.24639004025634262,0.03901444208810982,-0.04015154533851981,0.6138286839982741,0.31716983517936814,-0.24393663852837671,0.04711067885867935
2013.0,10.0,13.0,4.605636928539725,26.6271637816245,30.36462494451842,64.59343098091433,47.77807367953839,39.0,6.9,335.5999092353029,0.37427987260128154,-0.24639004025634262,0.03901444208810982,-0.04015154533851981,0.6138286839982741,0.31716983517936814,-0.24393663852837671,0.04711067885867935
2013.0,10.0,13.0,11.0,48.0,23.0,5.0,17.0,39.0,10.5,0.0,-0.8973510552227046,1.2466725585986147,0.8861152802168277,0.6526713021492657,3.4087278965628114,2.111403702154169,0.17183108458755544,0.5998481565729922
2013.0,10.0,13.0,4.605636928539725,26.6271637816245,30.36462494451842,64.59343098091433,47.77807367953839,39.0,13.2,335.5999092353029,0.37427987260128154,-0.24639004025634262,0.03901444208810982,-0.04015154533851981,0.6138286839982741,0.31716983517936814,-0.24393663852837671,0.04711067885867935
2013.0,10.0,13.0,0.0,26.0,11.0,45.0,68.0,39.0,18.0,0.0,1.127808139696819,-0.33812683498536766,1.0245663260422346,0.6610204881527234,3.651011695397556,1.8924575352308832,0.376740359889047,4.022001496833976
2013.0,10.0,13.0,11.0,48.0,42.0,12.0,6.0,39.1,6.0,0.0,-0.9106828122442328,1.494717328294262,0.7439523075132947,0.612416903861194,1.9191298897905185,1.27846855854931,0.8119667910558375,0.34302896881117273
2013.0,10.0,13.0,4.605636928539725,26.6271637816245,30.36462494451842,64.59343098091433,47.77807367953839,39.1,8.4,335.5999092353029,0.37427987260128154,-0.24639004025634262,0.03901444208810982,-0.04015154533851981,0.6138286839982741,0.31716983517936814,-0.24393663852837671,0.04711067885867935
2013.0,10.0,13.0,4.605636928539725,26.6271637816245,30.36462494451842,64.59343098091433,47.77807367953839,39.1,10.8,335.5999092353029,0.37427987260128154,-0.24639004025634262,0.03901444208810982,-0.04015154533851981,0.6138286839982741,0.31716983517936814,-0.24393663852837671,0.04711067885867935
2013.0,10.0,13.0,5.5,37.0,20.0,26.0,54.5,39.1,11.6,0.0,0.15392163630382139,-0.5664240401580729,0.811178364659171,0.615218673939439,2.4341477697657297,1.8508658917806255,-0.6594963883384665,0.682989106681616
2013.0,10.0,13.0,4.605636928539725,26.6271637816245,30.36462494451842,64.59343098091433,47.77807367953839,39.2,6.4,335.5999092353029,0.37427987260128154,-0.24639004025634262,0.03901444208810982,-0.04015154533851981,0.6138286839982741,0.31716983517936814,-0.24393663852837671,0.04711067885867935
2013.0,10.0,13.0,4.605636928539725,26.6271637816245,30.36462494451842,64.59343098091433,47.77807367953839,39.2,6.6,335.5999092353029,0.37427987260128154,-0.24639004025634262,0.03901444208810982,-0.04015154533851981,0.6138286839982741,0.31716983517936814,-0.24393663852837671,0.04711067885867935
2013.0,10.0,13.0,13.0,29.0,13.0,113.0,95.0,39.2,6.8,0.0,-0.7230443820377777,0.7693648419264978,0.6778103223381969,0.606849703135027,1.4657222144443214,1.1447711727486811,-0.5473944575379401,-0.19712758999080893
2013.0,10.0,13.0,4.605636928539725,26.6271637816245,30.36462494451842,64.59343098091433,47.77807367953839,39.2,9.4,335.5999092353029,0.37427987260128154,-0.24639004025634262,0.03901444208810982,-0.04015154533851981,0.6138286839982741,0.31716983517936814,-0.24393663852837671,0.04711067885867935
2013.0,10.0,13.0,2.0,6.0,36.0,10.0,1.0,39.2,11.4,0.0,0.8633679235211321,-1.2323055506399228,0.7438949065821914,0.5715713841731247,1.911875973416059,1.5870110923893535,-0.7455715228917588,0.7225572771627893
2013.0,10.0,13.0,4.605636928539725,26.6271637816245,30.36462494451842,64.59343098091433,47.77807367953839,39.3,5.8,335.5999092353029,0.37427987260128154,-0.24639004025634262,0.03901444208810982,-0.04015154533851981,0.6138286839982741,0.31716983517936814,-0.24393663852837671,0.04711067885867935
2013.0,10.0,13.0,4.605636928539725,26.6271637816245,30.36462494451842,64.59343098091433,47.77807367953839,39.3,7.5,335.5999092353029,0.37427987260128154,-0.24639004025634262,0.03901444208810982,-0.04015154533851981,0.6138286839982741,0.31716983517936814,-0.24393663852837671,0.04711067885867935
2013.0,10.0,13.0,0.0,26.0,16.0,47.0,90.0,39.3,10.6,0.0,1.2046267418846115,-1.0902314591734634,0.7795167159853356,0.6005702495744405,2.1809880619637503,1.4464712112489937,-0.7373148886651271,-0.15103362382703567
2013.0,10.0,13.0,6.5,27.0,26.0,6.0,12.0,39.3,12.3,0.0,-0.017350778351720997,0.11787858791180061,0.7831123304504348,0.6051797044257538,2.2204993598915066,1.7271604597158037,-0.6528534884527186,0.27274101470652207
2013.0,10.0,13.0,4.605636928539725,26.6271637816245,30.36462494451842,64.59343098091433,47.77807367953839,39.3,18.4,335.5999092353029,0.37427987260128154,-0.24639004025634262,0.03901444208810982,-0.04015154533851981,0.6138286839982741,0.31716983517936814,-0.24393663852837671,0.04711067885867935
2013.0,10.0,13.0,2.0,6.0,36.0,10.0,2.0,39.4,10.7,0.0,0.8716755322030545,-1.092076743367303,0.6976992414491657,0.5607729205655967,1.6910224231331552,1.2766746581159834,-0.7758271106237343,0.28175727417409313
2013.0,10.0,13.0,0.0,25.0,46.0,36.0,33.0,39.4,25.2,0.0,1.028783092770754,-0.6949997107063703,0.6351926485773919,0.4134407568746218,2.576695404040801,1.59014732296894,0.24563503848201979,-0.3855395589066368
2013.0,10.0,13.0,4.605636928539725,26.6271637816245,30.36462494451842,64.59343098091433,47.77807367953839,39.5,5.9,335.5999092353029,0.37427987260128154,-0.24639004025634262,0.03901444208810982,-0.04015154533851981,0.6138286839982741,0.31716983517936814,-0.24393663852837671,0.04711067885867935
2013.0,10.0,13.0,4.605636928539725,26.6271637816245,30.36462494451842,64.59343098091433,47.77807367953839,39.5,6.5,335.5999092353029,0.37427987260128154,-0.24639004025634262,0.03901444208810982,-0.04015154533851981,0.6138286839982741,0.31716983517936814,-0.24393663852837671,0.04711067885867935
2013.0,10.0,13.0,13.0,29.0,18.0,115.0,95.0,39.5,6.7,0.0,-0.7180893498992291,1.219259945517624,0.7234611821426656,0.6265133726566634,1.6414569906925216,1.0559078744797599,-0.6023928675746851,-0.7251528699884321
2013.0,10.0,13.0,2.0,6.0,50.0,15.0,9.0,39.5,6.9,0.0,0.9274498380204789,-0.08980591477607436,0.822341838725225,0.6762410566596591,2.104598362570234,0.8668699961249785,-0.4328004844597784,-0.9294133331108806
2013.0,10.0,13.0,4.605636928539725,26.6271637816245,30.36462494451842,64.59343098091433,47.77807367953839,39.5,7.5,335.5999092353029,0.37427987260128154,-0.24639004025634262,0.03901444208810982,-0.04015154533851981,0.6138286839982741,0.31716983517936814,-0.24393663852837671,0.04711067885867935
2013.0,10.0,13.0,4.605636928539725,26.6271637816245,30.36462494451842,64.59343098091433,47.77807367953839,39.5,11.5,335.5999092353029,0.37427987260128154,-0.24639004025634262,0.03901444208810982,-0.04015154533851981,0.6138286839982741,0.31716983517936814,-0.24393663852837671,0.04711067885867935
2013.0,10.0,13.0,4.605636928539725,26.6271637816245,30.36462494451842,64.59343098091433,47.77807367953839,39.5,13.1,335.5999092353029,0.37427987260128154,-0.24639004025634262,0.03901444208810982,-0.04015154533851981,0.6138286839982741,0.31716983517936814,-0.24393663852837671,0.04711067885867935
2013.0,10.0,13.0,4.605636928539725,26.6271637816245,30.36462494451842,64.59343098091433,47.77807367953839,39.5,18.0,335.5999092353029,0.37427987260128154,-0.24639004025634262,0.03901444208810982,-0.04015154533851981,0.6138286839982741,0.31716983517936814,-0.24393663852837671,0.04711067885867935
2013.0,10.0,13.0,4.605636928539725,26.6271637816245,30.36462494451842,64.59343098091433,47.77807367953839,39.5,24.3,335.5999092353029,0.37427987260128154,-0.24639004025634262,0.03901444208810982,-0.04015154533851981,0.6138286839982741,0.31716983517936814,-0.24393663852837671,0.04711067885867935
2013.0,10.0,13.0,2.0,7.0,20.0,26.0,45.0,39.6,-2.6,829.082,1.0583683972392424,-0.9246555431716778,-0.19641592873066582,-0.737829542872602,-0.1440963539793969,-0.38078260748288073,-0.7758271106237343,-1.213852027978872
2013.0,10.0,13.0,4.605636928539725,26.6271637816245,30.36462494451842,64.59343098091433,47.77807367953839,39.6,3.3,335.5999092353029,0.37427987260128154,-0.24639004025634262,0.03901444208810982,-0.04015154533851981,0.6138286839982741,0.31716983517936814,-0.24393663852837671,0.04711067885867935
2013.0,10.0,13.0,2.0,6.0,55.0,17.0,13.0,39.6,5.3,0.0,0.9502753752612054,-0.03454996634327556,0.9851641114571851,0.6663365430381835,2.193642282301851,1.0146996422227355,-0.09928977410657312,-0.22048108877888256
2013.0,10.0,13.0,4.605636928539725,26.6271637816245,30.36462494451842,64.59343098091433,47.77807367953839,39.6,6.1,335.5999092353029,0.37427987260128154,-0.24639004025634262,0.03901444208810982,-0.04015154533851981,0.6138286839982741,0.31716983517936814,-0.24393663852837671,0.04711067885867935
2013.0,10.0,13.0,4.605636928539725,26.6271637816245,30.36462494451842,64.59343098091433,47.77807367953839,39.6,7.3,335.5999092353029,0.37427987260128154,-0.24639004025634262,0.03901444208810982,-0.04015154533851981,0.6138286839982741,0.31716983517936814,-0.24393663852837671,0.04711067885867935
2013.0,10.0,13.0,0.0,26.0,11.0,45.0,90.0,39.6,10.7,0.0,1.1988162204411408,-0.9935209899531848,0.7159688500826399,0.5851284143139587,1.7381711824652397,1.118477140679809,-0.7758271106237343,-0.48453659249434583
2013.0,10.0,13.0,4.605636928539725,26.6271637816245,30.36462494451842,64.59343098091433,47.77807367953839,39.6,11.1,335.5999092353029,0.37427987260128154,-0.24639004025634262,0.03901444208810982,-0.04015154533851981,0.6138286839982741,0.31716983517936814,-0.24393663852837671,0.04711067885867935
2013.0,10.0,13.0,4.605636928539725,26.6271637816245,30.36462494451842,64.59343098091433,47.77807367953839,39.6,22.3,335.5999092353029,0.37427987260128154,-0.24639004025634262,0.03901444208810982,-0.04015154533851981,0.6138286839982741,0.31716983517936814,-0.24393663852837671,0.04711067885867935
2013.0,10.0,13.0,4.605636928539725,26.6271637816245,30.36462494451842,64.59343098091433,47.77807367953839,39.7,-3.0,335.5999092353029,0.37427987260128154,-0.24639004025634262,0.03901444208810982,-0.04015154533851981,0.6138286839982741,0.31716983517936814,-0.24393663852837671,0.04711067885867935
2013.0,10.0,13.0,6.5,27.0,52.0,16.0,9.0,39.7,5.7,0.0,0.0226094828004339,-0.154317961327801,0.8271041019391874,0.6086965537385568,1.5171972008029149,0.8540740059399554,-0.014657102108454466,-0.14868481297708136
2013.0,10.0,13.0,4.605636928539725,26.6271637816245,30.36462494451842,64.59343098091433,47.77807367953839,39.7,10.6,335.5999092353029,0.37427987260128154,-0.24639004025634262,0.03901444208810982,-0.04015154533851981,0.6138286839982741,0.31716983517936814,-0.24393663852837671,0.04711067885867935
2013.0,10.0,13.0,4.605636928539725,26.6271637816245,30.36462494451842,64.59343098091433,47.77807367953839,39.7,11.2,335.5999092353029,0.37427987260128154,-0.24639004025634262,0.03901444208810982,-0.04015154533851981,0.6138286839982741,0.31716983517936814,-0.24393663852837671,0.04711067885867935
2013.0,10.0,13.0,4.605636928539725,26.6271637816245,30.36462494451842,64.59343098091433,47.77807367953839,39.7,22.7,335.5999092353029,0.37427987260128154,-0.24639004025634262,0.03901444208810982,-0.04015154533851981,0.6138286839982741,0.31716983517936814,-0.24393663852837671,0.04711067885867935
2013.0,10.0,13.0,6.5,27.0,31.0,8.0,11.0,39.8,11.0,0.0,-0.006898165120087563,-0.20257038951472894,0.7625250333443575,0.6149901392998249,2.207060449918389,1.182160084769651,-0.30110361024551047,-0.3716199414602508
2013.0,10.0,13.0,11.0,48.0,26.0,6.0,29.0,39.8,13.3,0.0,-0.8674927020887513,1.5120603962559978,0.7875347197302192,0.597552461771468,2.2348264198600423,1.6641849105807096,-0.6439310201926518,0.9797955284617811
2013.0,10.0,13.0,6.5,28.0,6.0,21.0,12.0,39.9,2.3,0.0,0.044760354674877934,-0.32101389382508394,0.6458289404077676,0.622501499548512,0.9382290012426124,1.2882072289220825,0.5346191675737203,1.4609390406785618
2013.0,10.0,13.0,4.605636928539725,26.6271637816245,30.36462494451842,64.59343098091433,47.77807367953839,39.9,3.2,335.5999092353029,0.37427987260128154,-0.24639004025634262,0.03901444208810982,-0.04015154533851981,0.6138286839982741,0.31716983517936814,-0.24393663852837671,0.04711067885867935
2013.0,10.0,13.0,2.0,6.0,52.0,16.0,15.0,39.9,4.7,0.0,0.9554707713311096,-1.843618577426179,0.9877985120847441,0.6349836900945477,2.1657005680298944,1.1052059265260155,-0.43514195477552603,0.5041312540356679
2013.0,10.0,13.0,4.605636928539725,26.6271637816245,30.36462494451842,64.59343098091433,47.77807367953839,39.9,6.0,335.5999092353029,0.37427987260128154,-0.24639004025634262,0.03901444208810982,-0.04015154533851981,0.6138286839982741,0.31716983517936814,-0.24393663852837671,0.04711067885867935
2013.0,10.0,13.0,4.605636928539725,26.6271637816245,30.36462494451842,64.59343098091433,47.77807367953839,39.9,6.3,335.5999092353029,0.37427987260128154,-0.24639004025634262,0.03901444208810982,-0.04015154533851981,0.6138286839982741,0.31716983517936814,-0.24393663852837671,0.04711067885867935
2013.0,10.0,13.0,4.605636928539725,26.6271637816245,30.36462494451842,64.59343098091433,47.77807367953839,39.9,7.0,335.5999092353029,0.37427987260128154,-0.24639004025634262,0.03901444208810982,-0.04015154533851981,0.6138286839982741,0.31716983517936814,-0.24393663852837671,0.04711067885867935
2013.0,10.0,13.0,4.605636928539725,26.6271637816245,30.36462494451842,64.59343098091433,47.77807367953839,39.9,8.6,335.5999092353029,0.37427987260128154,-0.24639004025634262,0.03901444208810982,-0.04015154533851981,0.6138286839982741,0.31716983517936814,-0.24393663852837671,0.04711067885867935
2013.0,10.0,13.0,4.605636928539725,26.6271637816245,30.36462494451842,64.59343098091433,47.77807367953839,39.9,10.8,335.5999092353029,0.37427987260128154,-0.24639004025634262,0.03901444208810982,-0.04015154533851981,0.6138286839982741,0.31716983517936814,-0.24393663852837671,0.04711067885867935
2013.0,10.0,13.0,2.0,6.0,26.0,6.0,2.0,39.9,11.1,0.0,0.8617319236472554,-0.31021190780378555,0.6648759791958612,0.567392349685469,1.3191449059862208,0.8535645069392949,-0.7758271106237343,-0.4584437441823165
2013.0,10.0,13.0,4.605636928539725,26.6271637816245,30.36462494451842,64.59343098091433,47.77807367953839,39.9,12.7,335.5999092353029,0.37427987260128154,-0.24639004025634262,0.03901444208810982,-0.04015154533851981,0.6138286839982741,0.31716983517936814,-0.24393663852837671,0.04711067885867935
2013.0,10.0,13.0,4.605636928539725,26.6271637816245,30.36462494451842,64.59343098091433,47.77807367953839,39.9,18.1,335.5999092353029,0.37427987260128154,-0.24639004025634262,0.03901444208810982,-0.04015154533851981,0.6138286839982741,0.31716983517936814,-0.24393663852837671,0.04711067885867935
2013.0,10.0,13.0,0.0,25.0,46.0,36.0,49.0,39.9,22.1,429.08554,1.0626740544581639,-0.9531870488846553,0.3444821083772363,-0.25935553163697145,0.8669997487439124,1.0941986890033697,-0.7758271106237343,-0.16489515641747643
2013.0,10.0,13.0,2.0,7.0,6.0,21.0,33.0,40.0,0.0,77.54108,1.0193732834463343,-1.1011399627931406,0.3190675943719967,0.0832897644635616,1.1210010933780672,0.7389579229314143,-0.6124871734088746,0.5142863480882727
2013.0,10.0,13.0,2.0,7.0,1.0,19.0,26.0,40.0,1.6,0.0,0.997024903652319,-1.7160757421580013,0.535422781079639,0.5508312599708995,1.0279148026269689,1.354959091599225,1.0008823129408022,2.5256087980317785
2013.0,10.0,13.0,4.605636928539725,26.6271637816245,30.36462494451842,64.59343098091433,47.77807367953839,40.0,1.8,335.5999092353029,0.37427987260128154,-0.24639004025634262,0.03901444208810982,-0.04015154533851981,0.6138286839982741,0.31716983517936814,-0.24393663852837671,0.04711067885867935
2013.0,10.0,13.0,4.605636928539725,26.6271637816245,30.36462494451842,64.59343098091433,47.77807367953839,40.0,6.6,335.5999092353029,0.37427987260128154,-0.24639004025634262,0.03901444208810982,-0.04015154533851981,0.6138286839982741,0.31716983517936814,-0.24393663852837671,0.04711067885867935
2013.0,10.0,13.0,0.0,26.0,0.0,41.0,82.0,40.0,14.2,0.0,1.155354780709379,-0.5862943403438573,0.8144950307397747,0.5346222589590599,1.7998248831874473,1.7473955653774096,-0.7277759512249607,1.3184697727145296
2013.0,10.0,13.0,11.0,48.0,21.0,4.0,45.0,40.0,16.5,286.2157,-0.8436759556559492,1.166146858844379,0.9122125631920472,0.9269411336885444,1.8423893302926562,1.544584206812166,-0.36086604754635887,0.4061085075002316
2013.0,10.0,13.0,4.605636928539725,26.6271637816245,30.36462494451842,64.59343098091433,47.77807367953839,40.0,23.8,335.5999092353029,0.37427987260128154,-0.24639004025634262,0.03901444208810982,-0.04015154533851981,0.6138286839982741,0.31716983517936814,-0.24393663852837671,0.04711067885867935
2013.0,10.0,13.0,4.605636928539725,26.6271637816245,30.36462494451842,64.59343098091433,47.77807367953839,40.0,28.5,335.5999092353029,0.37427987260128154,-0.24639004025634262,0.03901444208810982,-0.04015154533851981,0.6138286839982741,0.31716983517936814,-0.24393663852837671,0.04711067885867935
2013.0,10.0,13.0,4.605636928539725,26.6271637816245,30.36462494451842,64.59343098091433,47.77807367953839,40.1,-4.4,335.5999092353029,0.37427987260128154,-0.24639004025634262,0.03901444208810982,-0.04015154533851981,0.6138286839982741,0.31716983517936814,-0.24393663852837671,0.04711067885867935
2013.0,10.0,13.0,2.0,7.0,9.0,22.0,41.0,40.1,-1.6,1306.1165,1.039479574230926,-0.5242228672863433,-0.2836452033327765,-0.8809011102434033,-0.23861009599701521,-0.5661147423707787,-0.7758271106237343,0.35283419209180367
2013.0,10.0,13.0,2.0,7.0,6.0,21.0,35.0,40.1,-0.4,656.9734,1.0238995571105947,-0.568125039492444,0.002279911874203019,-0.404575970654475,0.5792082252607603,0.09411151297694693,-0.669851368715952,1.1371027537052831
2013.0,10.0,13.0,2.0,7.0,1.0,19.0,28.0,40.1,1.2,0.0,1.002189885067421,-1.0318338256321269,0.7638029593368536,0.6603954499510947,2.447317406237053,1.7670428477259374,0.18396973583271486,0.3399088858374465
2013.0,10.0,13.0,4.605636928539725,26.6271637816245,30.36462494451842,64.59343098091433,47.77807367953839,40.1,4.4,335.5999092353029,0.37427987260128154,-0.24639004025634262,0.03901444208810982,-0.04015154533851981,0.6138286839982741,0.31716983517936814,-0.24393663852837671,0.04711067885867935
2013.0,10.0,13.0,4.605636928539725,26.6271637816245,30.36462494451842,64.59343098091433,47.77807367953839,40.1,5.1,335.5999092353029,0.37427987260128154,-0.24639004025634262,0.03901444208810982,-0.04015154533851981,0.6138286839982741,0.31716983517936814,-0.24393663852837671,0.04711067885867935
2013.0,10.0,13.0,4.605636928539725,26.6271637816245,30.36462494451842,64.59343098091433,47.77807367953839,40.1,6.3,335.5999092353029,0.37427987260128154,-0.24639004025634262,0.03901444208810982,-0.04015154533851981,0.6138286839982741,0.31716983517936814,-0.24393663852837671,0.04711067885867935
2013.0,10.0,13.0,4.605636928539725,26.6271637816245,30.36462494451842,64.59343098091433,47.77807367953839,40.1,7.1,335.5999092353029,0.37427987260128154,-0.24639004025634262,0.03901444208810982,-0.04015154533851981,0.6138286839982741,0.31716983517936814,-0.24393663852837671,0.04711067885867935
2013.0,10.0,13.0,4.605636928539725,26.6271637816245,30.36462494451842,64.59343098091433,47.77807367953839,40.1,10.7,335.5999092353029,0.37427987260128154,-0.24639004025634262,0.03901444208810982,-0.04015154533851981,0.6138286839982741,0.31716983517936814,-0.24393663852837671,0.04711067885867935
2013.0,10.0,13.0,5.5,37.0,14.5,24.0,57.5,40.1,13.9,0.0,0.1500347866775622,-0.14324598859125848,0.7072700914355237,0.5208205433206882,1.8090513348171213,1.602937383443123,-0.35836941131592626,0.506277154436864
2013.0,10.0,13.0,4.605636928539725,26.6271637816245,30.36462494451842,64.59343098091433,47.77807367953839,40.1,15.5,335.5999092353029,0.37427987260128154,-0.24639004025634262,0.03901444208810982,-0.04015154533851981,0.6138286839982741,0.31716983517936814,-0.24393663852837671,0.04711067885867935
2013.0,10.0,13.0,4.605636928539725,26.6271637816245,30.36462494451842,64.59343098091433,47.77807367953839,40.1,16.6,335.5999092353029,0.37427987260128154,-0.24639004025634262,0.03901444208810982,-0.04015154533851981,0.6138286839982741,0.31716983517936814,-0.24393663852837671,0.04711067885867935
2013.0,10.0,13.0,0.0,25.0,52.0,38.0,68.0,40.1,18.2,89.62439,1.1083956556753907,-0.08818516849273528,0.74843763641052,0.4123344231068769,2.2003719827554487,1.539169664036763,-0.6894337662134425,1.631696100067304
2013.0,10.0,13.0,4.605636928539725,26.6271637816245,30.36462494451842,64.59343098091433,47.77807367953839,40.1,18.6,335.5999092353029,0.37427987260128154,-0.24639004025634262,0.03901444208810982,-0.04015154533851981,0.6138286839982741,0.31716983517936814,-0.24393663852837671,0.04711067885867935
2013.0,10.0,13.0,4.605636928539725,26.6271637816245,30.36462494451842,64.59343098091433,47.77807367953839,40.1,20.2,335.5999092353029,0.37427987260128154,-0.24639004025634262,0.03901444208810982,-0.04015154533851981,0.6138286839982741,0.31716983517936814,-0.24393663852837671,0.04711067885867935
2013.0,10.0,13.0,5.5,36.5,30.0,18.5,61.0,40.1,20.6,817.92037,0.1325646750781282,0.27694944384321696,0.35266073402582704,0.09603359890795543,0.06689845478962209,0.39257914229107704,-0.5809150071393466,0.32329053794307466
2013.0,10.0,13.0,4.605636928539725,26.6271637816245,30.36462494451842,64.59343098091433,47.77807367953839,40.1,21.4,335.5999092353029,0.37427987260128154,-0.24639004025634262,0.03901444208810982,-0.04015154533851981,0.6138286839982741,0.31716983517936814,-0.24393663852837671,0.04711067885867935
2013.0,10.0,13.0,4.605636928539725,26.6271637816245,30.36462494451842,64.59343098091433,47.77807367953839,40.2,-0.4,335.5999092353029,0.37427987260128154,-0.24639004025634262,0.03901444208810982,-0.04015154533851981,0.6138286839982741,0.31716983517936814,-0.24393663852837671,0.04711067885867935
2013.0,10.0,13.0,4.605636928539725,26.6271637816245,30.36462494451842,64.59343098091433,47.77807367953839,40.2,2.4,335.5999092353029,0.37427987260128154,-0.24639004025634262,0.03901444208810982,-0.04015154533851981,0.6138286839982741,0.31716983517936814,-0.24393663852837671,0.04711067885867935
2013.0,10.0,13.0,7.5,17.5,40.5,67.5,54.5,40.2,3.9,0.18683049,0.11384356244351895,0.18481860762881747,0.7665229578441293,0.6234087739923542,1.6253077461261698,1.3971278718507163,1.0966758404225758,1.188207777959626
2013.0,10.0,13.0,4.605636928539725,26.6271637816245,30.36462494451842,64.59343098091433,47.77807367953839,40.2,6.7,335.5999092353029,0.37427987260128154,-0.24639004025634262,0.03901444208810982,-0.04015154533851981,0.6138286839982741,0.31716983517936814,-0.24393663852837671,0.04711067885867935
2013.0,10.0,13.0,4.605636928539725,26.6271637816245,30.36462494451842,64.59343098091433,47.77807367953839,40.2,7.5,335.5999092353029,0.37427987260128154,-0.24639004025634262,0.03901444208810982,-0.04015154533851981,0.6138286839982741,0.31716983517936814,-0.24393663852837671,0.04711067885867935
2013.0,10.0,13.0,4.605636928539725,26.6271637816245,30.36462494451842,64.59343098091433,47.77807367953839,40.2,8.5,335.5999092353029,0.37427987260128154,-0.24639004025634262,0.03901444208810982,-0.04015154533851981,0.6138286839982741,0.31716983517936814,-0.24393663852837671,0.04711067885867935
2013.0,10.0,13.0,0.0,26.0,0.0,41.0,88.0,40.2,11.8,0.0,1.178007086655364,-1.8751781877581772,0.6653986297790779,0.5745116478580636,1.7193733275303895,0.9101368154684419,-0.7758271106237343,-1.0495622701264047
2013.0,10.0,13.0,0.0,25.0,47.0,36.0,61.0,40.2,19.8,998.0593,1.087226394745075,-0.8083570256010068,0.5817392902781531,-0.001103313443142326,1.3396989471115848,1.4781773099502808,-0.5858507751850619,-0.0853345431172299
2013.0,10.0,13.0,11.0,48.0,11.0,0.0,73.0,40.2,22.5,153.36105,-0.7973920359585649,1.2303318807444743,0.5557880272153914,0.9716224821334023,1.0340463689435255,1.5344609523363244,-0.23929690257303662,0.6126087547402899
2013.0,10.0,13.0,0.0,25.0,27.0,29.0,25.0,40.2,27.3,205.46242,0.9907013002061021,-0.9389001666426668,0.08787275642287853,-0.11599082619486302,0.931383520725918,0.3843367138997808,-0.6047375932737504,-0.6810652472833543
2013.0,10.0,13.0,4.605636928539725,26.6271637816245,30.36462494451842,64.59343098091433,47.77807367953839,40.3,1.9,335.5999092353029,0.37427987260128154,-0.24639004025634262,0.03901444208810982,-0.04015154533851981,0.6138286839982741,0.31716983517936814,-0.24393663852837671,0.04711067885867935
2013.0,10.0,13.0,7.5,17.5,43.5,68.5,55.5,40.3,2.8,0.0,0.11675642682895498,0.4805839781346667,0.529815112924228,0.5539726018369833,0.7368977421264898,1.1486446423221892,1.3952318779180934,1.8176235843924906
2013.0,10.0,13.0,4.605636928539725,26.6271637816245,30.36462494451842,64.59343098091433,47.77807367953839,40.3,5.1,335.5999092353029,0.37427987260128154,-0.24639004025634262,0.03901444208810982,-0.04015154533851981,0.6138286839982741,0.31716983517936814,-0.24393663852837671,0.04711067885867935
2013.0,10.0,13.0,13.0,29.0,31.0,120.0,95.0,40.3,6.7,0.0,-0.7051961810157873,1.0265357033456841,0.7341065372779556,0.5572092337648173,1.4310123320756531,0.9712179197325552,-0.11965991036283395,0.17908154720709185
2013.0,10.0,13.0,4.605636928539725,26.6271637816245,30.36462494451842,64.59343098091433,47.77807367953839,40.3,11.5,335.5999092353029,0.37427987260128154,-0.24639004025634262,0.03901444208810982,-0.04015154533851981,0.6138286839982741,0.31716983517936814,-0.24393663852837671,0.04711067885867935
2013.0,10.0,13.0,4.605636928539725,26.6271637816245,30.36462494451842,64.59343098091433,47.77807367953839,40.3,16.7,335.5999092353029,0.37427987260128154,-0.24639004025634262,0.03901444208810982,-0.04015154533851981,0.6138286839982741,0.31716983517936814,-0.24393663852837671,0.04711067885867935
2013.0,10.0,13.0,0.0,25.0,49.0,37.0,70.0,40.3,17.8,37.1895,1.1103227987303794,-1.205829729335933,0.7313472644493966,0.3483318033283553,2.2153462042493075,1.4537979880278993,-0.6898813494175721,0.9983480226197124
2013.0,10.0,13.0,4.605636928539725,26.6271637816245,30.36462494451842,64.59343098091433,47.77807367953839,40.3,19.7,335.5999092353029,0.37427987260128154,-0.24639004025634262,0.03901444208810982,-0.04015154533851981,0.6138286839982741,0.31716983517936814,-0.24393663852837671,0.04711067885867935
2013.0,10.0,13.0,7.5,18.0,26.5,73.5,61.0,40.4,-3.5,615.52965,0.13069809685748457,-0.012091209775140388,-0.04646153490502696,-0.03581352597758941,-0.13371273027501449,-0.29050712577076837,-0.7758271106237343,-0.06256751010236386
2013.0,10.0,13.0,7.5,18.0,23.0,72.0,59.5,40.4,-1.5,1389.7566499999998,0.12616525539095524,-0.03486027431212957,-0.14277576564686517,-0.1734361976565139,-0.2832093557116818,-0.6137485005206447,-0.7758271106237343,-0.5636657381300368
2013.0,10.0,13.0,4.605636928539725,26.6271637816245,30.36462494451842,64.59343098091433,47.77807367953839,40.4,5.4,335.5999092353029,0.37427987260128154,-0.24639004025634262,0.03901444208810982,-0.04015154533851981,0.6138286839982741,0.31716983517936814,-0.24393663852837671,0.04711067885867935
2013.0,10.0,13.0,13.0,29.0,34.0,121.0,95.0,40.4,6.6,0.0,-0.7026671583897941,0.42129004970376116,0.7403088589389416,0.5449927248316173,1.4404434416235918,0.985345618713652,0.0289270843057282,1.002151961479383
2013.0,10.0,13.0,4.605636928539725,26.6271637816245,30.36462494451842,64.59343098091433,47.77807367953839,40.4,7.2,335.5999092353029,0.37427987260128154,-0.24639004025634262,0.03901444208810982,-0.04015154533851981,0.6138286839982741,0.31716983517936814,-0.24393663852837671,0.04711067885867935
2013.0,10.0,13.0,2.0,6.0,20.0,4.0,3.0,40.4,10.6,0.0,0.8643892388135401,-1.0568547364931926,0.703355750747707,0.5946558054029221,1.4121320105594874,0.7381384499256197,-0.7427047197830541,-1.5273728342266788
2013.0,10.0,13.0,5.5,36.5,51.5,26.5,55.0,40.4,10.8,0.0,0.15905964124249006,-0.258414091168771,0.7696090131664377,0.6245445830758127,2.1238844800078733,0.8957216232540786,0.3432484653854759,-0.004390421895916485
2013.0,10.0,13.0,0.0,25.0,47.0,36.0,68.0,40.4,18.3,2.366505,1.102838148896504,-1.116076680687204,0.7164200012604481,0.3734221611122272,2.09001937725268,1.6777888401581342,-0.6988462336669905,0.7312187070710193
2013.0,10.0,13.0,5.5,36.5,31.5,19.0,61.5,40.4,20.3,710.4888,0.13499683364045867,-0.07662883085006811,0.5097902442395947,0.2167608581132973,0.4626023649494935,0.7010978269644441,-0.6391596192094535,-0.25943759048844317
2013.0,10.0,13.0,13.0,29.0,42.0,124.0,83.0,40.5,0.1,658.8674,-0.7643601119524708,1.8049144820029568,0.6111315881055772,0.9525967714997328,0.024094490035967597,0.03438420731082856,-0.753693516671404,-0.35215992855243505
2013.0,10.0,13.0,7.5,17.5,46.0,69.5,56.5,40.5,1.8,0.0,0.11976842535736132,-0.1722195302145086,0.7067056489463235,0.6481894390755458,1.9676336907079677,1.4125582175286033,0.3179723483926179,0.7417557867736873
2013.0,10.0,13.0,4.605636928539725,26.6271637816245,30.36462494451842,64.59343098091433,47.77807367953839,40.5,2.7,335.5999092353029,0.37427987260128154,-0.24639004025634262,0.03901444208810982,-0.04015154533851981,0.6138286839982741,0.31716983517936814,-0.24393663852837671,0.04711067885867935
2013.0,10.0,13.0,4.605636928539725,26.6271637816245,30.36462494451842,64.59343098091433,47.77807367953839,40.5,5.8,335.5999092353029,0.37427987260128154,-0.24639004025634262,0.03901444208810982,-0.04015154533851981,0.6138286839982741,0.31716983517936814,-0.24393663852837671,0.04711067885867935
2013.0,10.0,13.0,4.605636928539725,26.6271637816245,30.36462494451842,64.59343098091433,47.77807367953839,40.5,6.6,335.5999092353029,0.37427987260128154,-0.24639004025634262,0.03901444208810982,-0.04015154533851981,0.6138286839982741,0.31716983517936814,-0.24393663852837671,0.04711067885867935
2013.0,10.0,13.0,4.605636928539725,26.6271637816245,30.36462494451842,64.59343098091433,47.77807367953839,40.5,7.4,335.5999092353029,0.37427987260128154,-0.24639004025634262,0.03901444208810982,-0.04015154533851981,0.6138286839982741,0.31716983517936814,-0.24393663852837671,0.04711067885867935
2013.0,10.0,13.0,11.0,48.0,58.0,18.0,11.0,40.5,7.6,0.0,-0.8749796881207487,0.4589535454130541,0.7002399879259704,0.5645772551494319,2.375927243335786,1.234716675826781,1.838315215345678,1.4057089324718373
2013.0,10.0,13.0,4.605636928539725,26.6271637816245,30.36462494451842,64.59343098091433,47.77807367953839,40.5,12.4,335.5999092353029,0.37427987260128154,-0.24639004025634262,0.03901444208810982,-0.04015154533851981,0.6138286839982741,0.31716983517936814,-0.24393663852837671,0.04711067885867935
2013.0,10.0,13.0,5.5,36.5,26.0,17.0,60.5,40.5,22.7,0.9463464825000001,0.12933323922324647,0.48642221287699305,0.4539164800120899,0.44943900032845363,0.5364340540738309,1.4805013004680654,-0.6033154101013674,0.11861377537606217
2013.0,10.0,13.0,4.605636928539725,26.6271637816245,30.36462494451842,64.59343098091433,47.77807367953839,40.6,6.3,335.5999092353029,0.37427987260128154,-0.24639004025634262,0.03901444208810982,-0.04015154533851981,0.6138286839982741,0.31716983517936814,-0.24393663852837671,0.04711067885867935
2013.0,10.0,13.0,11.0,48.0,45.0,13.0,23.0,40.6,11.5,0.0,-0.8592329634287348,1.1450505002230018,0.8767901464969525,0.6614097238286749,2.8161725734632768,0.8563519923274847,-0.11625548566502733,-0.12051982009398904
2013.0,10.0,13.0,4.605636928539725,26.6271637816245,30.36462494451842,64.59343098091433,47.77807367953839,40.7,7.3,335.5999092353029,0.37427987260128154,-0.24639004025634262,0.03901444208810982,-0.04015154533851981,0.6138286839982741,0.31716983517936814,-0.24393663852837671,0.04711067885867935
2013.0,10.0,13.0,11.0,48.0,50.0,15.0,20.0,40.7,10.6,0.0,-0.8600521094251293,0.9211274860015009,0.8777428005465198,0.651326743227152,2.6806664035467755,0.9383763139861845,-0.04752189612247376,0.8466670328221427
2013.0,10.0,13.0,0.0,25.0,52.0,38.0,90.0,40.7,10.9,0.0,1.178168196167395,-1.4969731236785149,0.6734961892004105,0.5693756750384483,1.3143158339516907,0.8110828855697361,-0.7187523442745674,-0.25407987469194887
2013.0,10.0,13.0,4.605636928539725,26.6271637816245,30.36462494451842,64.59343098091433,47.77807367953839,40.8,2.8,335.5999092353029,0.37427987260128154,-0.24639004025634262,0.03901444208810982,-0.04015154533851981,0.6138286839982741,0.31716983517936814,-0.24393663852837671,0.04711067885867935
2013.0,10.0,13.0,4.605636928539725,26.6271637816245,30.36462494451842,64.59343098091433,47.77807367953839,40.8,5.5,335.5999092353029,0.37427987260128154,-0.24639004025634262,0.03901444208810982,-0.04015154533851981,0.6138286839982741,0.31716983517936814,-0.24393663852837671,0.04711067885867935
2013.0,10.0,13.0,4.605636928539725,26.6271637816245,30.36462494451842,64.59343098091433,47.77807367953839,40.8,6.5,335.5999092353029,0.37427987260128154,-0.24639004025634262,0.03901444208810982,-0.04015154533851981,0.6138286839982741,0.31716983517936814,-0.24393663852837671,0.04711067885867935
2013.0,10.0,13.0,4.605636928539725,26.6271637816245,30.36462494451842,64.59343098091433,47.77807367953839,40.8,6.7,335.5999092353029,0.37427987260128154,-0.24639004025634262,0.03901444208810982,-0.04015154533851981,0.6138286839982741,0.31716983517936814,-0.24393663852837671,0.04711067885867935
2013.0,10.0,13.0,5.5,37.0,28.0,29.0,53.0,40.8,7.5,0.0,0.16842614274322432,-0.5627240804814495,0.6077837039747221,0.5010648139088871,0.9622827179125507,1.014843388839369,-0.30325550690018294,0.289907640632077
2013.0,10.0,13.0,11.0,48.0,53.0,16.0,19.0,40.8,10.3,0.0,-0.8594175230804098,0.7123917253853452,0.8234979136183591,0.6409796960985794,2.4571927793495782,0.9079235346068953,0.21876106569423076,0.6319225430612534
2013.0,10.0,13.0,4.605636928539725,26.6271637816245,30.36462494451842,64.59343098091433,47.77807367953839,40.8,10.5,335.5999092353029,0.37427987260128154,-0.24639004025634262,0.03901444208810982,-0.04015154533851981,0.6138286839982741,0.31716983517936814,-0.24393663852837671,0.04711067885867935
2013.0,10.0,13.0,2.0,6.0,10.0,0.0,2.0,40.8,11.6,0.0,0.8469076445799382,-0.8902897602127564,0.5726961260444059,0.5122823922795251,1.013936339960244,0.6610549457916772,-0.7758271106237343,0.1017415889690132
2013.0,10.0,13.0,4.605636928539725,26.6271637816245,30.36462494451842,64.59343098091433,47.77807367953839,40.8,16.4,335.5999092353029,0.37427987260128154,-0.24639004025634262,0.03901444208810982,-0.04015154533851981,0.6138286839982741,0.31716983517936814,-0.24393663852837671,0.04711067885867935
2013.0,10.0,13.0,0.0,25.0,44.0,35.0,75.0,40.8,16.6,392.3764,1.1173953079520826,-1.6666571637218421,0.6291705859807561,0.09497410262818698,1.4996946746087267,1.2238732547113047,-0.7502877831991517,0.4847696206844021
2013.0,10.0,13.0,4.605636928539725,26.6271637816245,30.36462494451842,64.59343098091433,47.77807367953839,40.8,19.8,335.5999092353029,0.37427987260128154,-0.24639004025634262,0.03901444208810982,-0.04015154533851981,0.6138286839982741,0.31716983517936814,-0.24393663852837671,0.04711067885867935
2013.0,10.0,13.0,0.0,25.0,33.0,31.0,53.0,40.8,21.6,899.4713,1.0571099357977989,-0.5084718312859267,0.21626252676283292,-0.48356497150003863,0.5012312955994258,0.8104338754601852,-0.7758271106237343,-1.4852604618595548
2013.0,10.0,13.0,4.605636928539725,26.6271637816245,30.36462494451842,64.59343098091433,47.77807367953839,40.8,22.9,335.5999092353029,0.37427987260128154,-0.24639004025634262,0.03901444208810982,-0.04015154533851981,0.6138286839982741,0.31716983517936814,-0.24393663852837671,0.04711067885867935
2013.0,10.0,13.0,2.0,6.0,42.0,12.0,21.0,40.9,3.3,0.0,0.9648532515454169,-0.3798644232036685,0.7484859740367176,0.6197017483275024,1.6398033848836442,1.344515111444748,-0.4941138746548264,0.3665880902874687
2013.0,10.0,13.0,4.605636928539725,26.6271637816245,30.36462494451842,64.59343098091433,47.77807367953839,40.9,4.4,335.5999092353029,0.37427987260128154,-0.24639004025634262,0.03901444208810982,-0.04015154533851981,0.6138286839982741,0.31716983517936814,-0.24393663852837671,0.04711067885867935
2013.0,10.0,13.0,4.605636928539725,26.6271637816245,30.36462494451842,64.59343098091433,47.77807367953839,40.9,6.0,335.5999092353029,0.37427987260128154,-0.24639004025634262,0.03901444208810982,-0.04015154533851981,0.6138286839982741,0.31716983517936814,-0.24393663852837671,0.04711067885867935
2013.0,10.0,13.0,4.605636928539725,26.6271637816245,30.36462494451842,64.59343098091433,47.77807367953839,40.9,6.2,335.5999092353029,0.37427987260128154,-0.24639004025634262,0.03901444208810982,-0.04015154533851981,0.6138286839982741,0.31716983517936814,-0.24393663852837671,0.04711067885867935
2013.0,10.0,13.0,4.605636928539725,26.6271637816245,30.36462494451842,64.59343098091433,47.77807367953839,40.9,7.1,335.5999092353029,0.37427987260128154,-0.24639004025634262,0.03901444208810982,-0.04015154533851981,0.6138286839982741,0.31716983517936814,-0.24393663852837671,0.04711067885867935
2013.0,10.0,13.0,4.605636928539725,26.6271637816245,30.36462494451842,64.59343098091433,47.77807367953839,40.9,8.7,335.5999092353029,0.37427987260128154,-0.24639004025634262,0.03901444208810982,-0.04015154533851981,0.6138286839982741,0.31716983517936814,-0.24393663852837671,0.04711067885867935
2013.0,10.0,13.0,4.605636928539725,26.6271637816245,30.36462494451842,64.59343098091433,47.77807367953839,40.9,11.2,335.5999092353029,0.37427987260128154,-0.24639004025634262,0.03901444208810982,-0.04015154533851981,0.6138286839982741,0.31716983517936814,-0.24393663852837671,0.04711067885867935
2013.0,10.0,13.0,4.605636928539725,26.6271637816245,30.36462494451842,64.59343098091433,47.77807367953839,40.9,11.9,335.5999092353029,0.37427987260128154,-0.24639004025634262,0.03901444208810982,-0.04015154533851981,0.6138286839982741,0.31716983517936814,-0.24393663852837671,0.04711067885867935
2013.0,10.0,13.0,0.0,25.0,30.0,30.0,50.0,40.9,22.3,495.74277,1.0483507356108819,-0.357673808946692,0.3342033135739117,-0.31612175952295163,0.7301328802357061,1.219693264700515,-0.7758271106237343,-0.11540930841962904
2013.0,10.0,13.0,4.605636928539725,26.6271637816245,30.36462494451842,64.59343098091433,47.77807367953839,41.0,0.1,335.5999092353029,0.37427987260128154,-0.24639004025634262,0.03901444208810982,-0.04015154533851981,0.6138286839982741,0.31716983517936814,-0.24393663852837671,0.04711067885867935
2013.0,10.0,13.0,6.5,27.5,41.0,23.0,15.5,41.0,0.8,257.13599999999997,0.059604711822285494,0.08201487473769051,0.279011311282516,0.414426362979394,0.5671267453867948,0.35737464451734335,-0.6751115130871346,0.8266493768036398
2013.0,10.0,13.0,2.0,6.0,34.0,9.0,16.0,41.0,4.9,0.0,0.9410438663406612,-0.6910617409467136,0.8543806215867604,0.5756761247143372,2.476679531945417,1.537206603940344,0.631529103935152,-1.3143329602076506
2013.0,10.0,13.0,11.0,49.0,14.0,24.0,7.0,41.0,5.5,0.0,-0.8701650923448074,0.45708738326062553,0.657997937802042,0.48691100956779,1.4520325105234528,0.940674826295853,-0.46339256847484167,0.20478043474905072
2013.0,10.0,13.0,0.0,25.0,47.0,36.0,90.0,41.0,10.9,0.0,1.1722708386805036,-0.8530583466801196,0.6011710160080317,0.5179085436371148,0.9734378315704894,0.8367647890272504,-0.7404351195028063,-0.9901056698682095
2013.0,10.0,13.0,11.0,48.0,24.0,5.0,72.0,41.0,22.0,360.9777,-0.7860888923331181,1.0367530766242452,0.5258650225337099,1.073747586954116,0.7174262383055189,0.896120803568447,-0.41493291033510854,0.5703011589587366
2013.0,10.0,13.0,4.605636928539725,26.6271637816245,30.36462494451842,64.59343098091433,47.77807367953839,41.1,5.0,335.5999092353029,0.37427987260128154,-0.24639004025634262,0.03901444208810982,-0.04015154533851981,0.6138286839982741,0.31716983517936814,-0.24393663852837671,0.04711067885867935
2013.0,10.0,13.0,11.0,49.0,11.0,23.0,9.0,41.1,6.5,0.0,-0.8662211491219799,1.0528188498722753,0.7129507695471636,0.4902235505278625,1.4418597045886832,0.9184979683998588,-0.20804626003037366,-0.5255876745650345
2013.0,10.0,13.0,2.0,6.0,23.0,5.0,10.0,41.1,7.2,0.0,0.9069034163254553,-0.04011586642494591,0.714604319176545,0.5658345994387641,2.017291646630077,1.6496143729746622,1.0225430817778123,0.32477497894161367
2013.0,10.0,13.0,4.605636928539725,26.6271637816245,30.36462494451842,64.59343098091433,47.77807367953839,41.1,11.3,335.5999092353029,0.37427987260128154,-0.24639004025634262,0.03901444208810982,-0.04015154533851981,0.6138286839982741,0.31716983517936814,-0.24393663852837671,0.04711067885867935
2013.0,10.0,13.0,0.0,25.0,42.0,34.0,82.0,41.1,14.5,323.41003,1.1352026475465344,-1.280693491993481,0.22691694520303418,-0.273548905579984,0.009424992616969888,0.5062359299779927,-0.7041524996469085,0.3683393847224199
2013.0,10.0,13.0,4.605636928539725,26.6271637816245,30.36462494451842,64.59343098091433,47.77807367953839,41.1,16.5,335.5999092353029,0.37427987260128154,-0.24639004025634262,0.03901444208810982,-0.04015154533851981,0.6138286839982741,0.31716983517936814,-0.24393663852837671,0.04711067885867935
2013.0,10.0,13.0,4.605636928539725,26.6271637816245,30.36462494451842,64.59343098091433,47.77807367953839,41.1,21.3,335.5999092353029,0.37427987260128154,-0.24639004025634262,0.03901444208810982,-0.04015154533851981,0.6138286839982741,0.31716983517936814,-0.24393663852837671,0.04711067885867935
2013.0,10.0,13.0,4.605636928539725,26.6271637816245,30.36462494451842,64.59343098091433,47.77807367953839,41.1,22.4,335.5999092353029,0.37427987260128154,-0.24639004025634262,0.03901444208810982,-0.04015154533851981,0.6138286839982741,0.31716983517936814,-0.24393663852837671,0.04711067885867935
2013.0,10.0,13.0,4.605636928539725,26.6271637816245,30.36462494451842,64.59343098091433,47.77807367953839,41.2,-5.0,335.5999092353029,0.37427987260128154,-0.24639004025634262,0.03901444208810982,-0.04015154533851981,0.6138286839982741,0.31716983517936814,-0.24393663852837671,0.04711067885867935
2013.0,10.0,13.0,4.605636928539725,26.6271637816245,30.36462494451842,64.59343098091433,47.77807367953839,41.2,-0.7,335.5999092353029,0.37427987260128154,-0.24639004025634262,0.03901444208810982,-0.04015154533851981,0.6138286839982741,0.31716983517936814,-0.24393663852837671,0.04711067885867935
2013.0,10.0,13.0,4.605636928539725,26.6271637816245,30.36462494451842,64.59343098091433,47.77807367953839,41.2,-0.3,335.5999092353029,0.37427987260128154,-0.24639004025634262,0.03901444208810982,-0.04015154533851981,0.6138286839982741,0.31716983517936814,-0.24393663852837671,0.04711067885867935
2013.0,10.0,13.0,4.605636928539725,26.6271637816245,30.36462494451842,64.59343098091433,47.77807367953839,41.2,1.3,335.5999092353029,0.37427987260128154,-0.24639004025634262,0.03901444208810982,-0.04015154533851981,0.6138286839982741,0.31716983517936814,-0.24393663852837671,0.04711067885867935
2013.0,10.0,13.0,4.605636928539725,26.6271637816245,30.36462494451842,64.59343098091433,47.77807367953839,41.2,1.8,335.5999092353029,0.37427987260128154,-0.24639004025634262,0.03901444208810982,-0.04015154533851981,0.6138286839982741,0.31716983517936814,-0.24393663852837671,0.04711067885867935
2013.0,10.0,13.0,2.0,6.0,37.0,10.0,21.0,41.2,3.4,0.0,0.9596556515150203,-0.5899105177751739,0.7643779756817854,0.5794150483235828,2.0653668978894406,1.4103234333200534,0.2232542229958946,0.740219819210629
2013.0,10.0,13.0,2.0,6.0,34.0,9.0,19.0,41.2,4.0,0.0,0.9508924841992167,-0.5315002109564502,0.7359161771585827,0.544773880706758,2.093576502839421,1.411551209272278,0.4800435380307821,-0.20952986232086715
2013.0,10.0,13.0,4.605636928539725,26.6271637816245,30.36462494451842,64.59343098091433,47.77807367953839,41.2,4.5,335.5999092353029,0.37427987260128154,-0.24639004025634262,0.03901444208810982,-0.04015154533851981,0.6138286839982741,0.31716983517936814,-0.24393663852837671,0.04711067885867935
2013.0,10.0,13.0,2.0,6.0,26.0,6.0,13.0,41.2,6.1,0.0,0.9221343261037118,-0.49817566524945156,0.565841246429809,0.4435596842729193,1.1020267398454013,1.3676661361216442,1.6866931440459125,-1.5445567591029907
2013.0,10.0,13.0,11.0,48.0,55.0,17.0,23.0,41.2,11.3,0.0,-0.8472802024480066,0.6480472392242224,0.7179809037729517,0.5530511953924594,1.7513515043929833,0.5958510634521342,-0.40413752956366844,0.5508233038508092
2013.0,10.0,13.0,11.0,48.0,45.0,13.0,37.0,41.2,14.5,391.51184,-0.8317671196078446,0.5620178189555589,0.6924465527361117,0.9776451370530046,0.3310544652248821,0.27470274630555946,-0.7758271106237343,-1.230361006987711
2013.0,10.0,13.0,0.0,25.0,17.0,25.0,34.0,41.2,25.6,255.58522,1.001849813963367,-1.5560185801805302,0.005955585532683919,-0.24418180061801908,0.6249457500778337,1.085882367292372,-0.7391943174607349,0.21310831279255504
2013.0,10.0,13.0,2.0,6.0,48.0,14.0,40.0,41.3,-1.0,683.7585,1.0158136668542581,-1.0186209756067215,-0.12055405255511138,-0.730882251336888,-0.30098786838852254,-0.42808032696457865,-0.5778818020776714,1.319961937059087
2013.0,10.0,13.0,4.605636928539725,26.6271637816245,30.36462494451842,64.59343098091433,47.77807367953839,41.3,0.9,335.5999092353029,0.37427987260128154,-0.24639004025634262,0.03901444208810982,-0.04015154533851981,0.6138286839982741,0.31716983517936814,-0.24393663852837671,0.04711067885867935
2013.0,10.0,13.0,4.605636928539725,26.6271637816245,30.36462494451842,64.59343098091433,47.77807367953839,41.3,6.3,335.5999092353029,0.37427987260128154,-0.24639004025634262,0.03901444208810982,-0.04015154533851981,0.6138286839982741,0.31716983517936814,-0.24393663852837671,0.04711067885867935
2013.0,10.0,13.0,4.605636928539725,26.6271637816245,30.36462494451842,64.59343098091433,47.77807367953839,41.3,7.7,335.5999092353029,0.37427987260128154,-0.24639004025634262,0.03901444208810982,-0.04015154533851981,0.6138286839982741,0.31716983517936814,-0.24393663852837671,0.04711067885867935
2013.0,10.0,13.0,4.605636928539725,26.6271637816245,30.36462494451842,64.59343098091433,47.77807367953839,41.3,10.4,335.5999092353029,0.37427987260128154,-0.24639004025634262,0.03901444208810982,-0.04015154533851981,0.6138286839982741,0.31716983517936814,-0.24393663852837671,0.04711067885867935
2013.0,10.0,13.0,4.605636928539725,26.6271637816245,30.36462494451842,64.59343098091433,47.77807367953839,41.3,10.8,335.5999092353029,0.37427987260128154,-0.24639004025634262,0.03901444208810982,-0.04015154533851981,0.6138286839982741,0.31716983517936814,-0.24393663852837671,0.04711067885867935
2013.0,10.0,13.0,4.605636928539725,26.6271637816245,30.36462494451842,64.59343098091433,47.77807367953839,41.3,14.0,335.5999092353029,0.37427987260128154,-0.24639004025634262,0.03901444208810982,-0.04015154533851981,0.6138286839982741,0.31716983517936814,-0.24393663852837671,0.04711067885867935
2013.0,10.0,13.0,0.0,25.0,33.0,31.0,71.0,41.3,17.8,0.0,1.0958850943335154,-0.9405466334002526,0.5008210969959588,0.29382588800874687,1.6416010557873195,1.5671796631964892,0.9052357522218313,2.681286453399606
2013.0,10.0,13.0,4.605636928539725,26.6271637816245,30.36462494451842,64.59343098091433,47.77807367953839,41.3,18.0,335.5999092353029,0.37427987260128154,-0.24639004025634262,0.03901444208810982,-0.04015154533851981,0.6138286839982741,0.31716983517936814,-0.24393663852837671,0.04711067885867935
2013.0,10.0,13.0,11.0,48.0,35.0,9.0,62.0,41.3,19.6,67.22689,-0.7974092709296194,1.4348786556974829,0.8425852337616125,0.735485633693967,0.6917246985442953,1.050666792036849,-0.7758271106237343,0.039382613065473526
2013.0,10.0,13.0,0.0,25.0,28.0,29.0,59.0,41.3,20.6,1309.1754,1.063712781038466,-0.5122277350658816,0.06713087961637301,-0.5647060741638857,0.6911234216259544,0.6749487144220422,-0.7758271106237343,-0.15764084731275116
2013.0,10.0,13.0,4.605636928539725,26.6271637816245,30.36462494451842,64.59343098091433,47.77807367953839,41.3,21.5,335.5999092353029,0.37427987260128154,-0.24639004025634262,0.03901444208810982,-0.04015154533851981,0.6138286839982741,0.31716983517936814,-0.24393663852837671,0.04711067885867935
2013.0,10.0,13.0,0.0,25.0,22.0,27.0,48.0,41.3,22.8,605.3109,1.0361628340851667,-0.5292262001321704,0.268568873473849,-0.33036277849683243,0.8066995810720455,1.167407811300598,-0.7127215557693524,-0.6537750784604041
2013.0,10.0,13.0,4.605636928539725,26.6271637816245,30.36462494451842,64.59343098091433,47.77807367953839,41.3,24.4,335.5999092353029,0.37427987260128154,-0.24639004025634262,0.03901444208810982,-0.04015154533851981,0.6138286839982741,0.31716983517936814,-0.24393663852837671,0.04711067885867935
2013.0,10.0,13.0,7.5,17.5,48.5,70.5,59.0,41.4,0.3,246.19578,0.1254701593109031,0.3274721346988256,0.21833500248589172,0.2412140645520964,-0.04316511540253626,0.04940853070030066,-0.6950192050385402,-0.17093919494594706
2013.0,10.0,13.0,4.605636928539725,26.6271637816245,30.36462494451842,64.59343098091433,47.77807367953839,41.4,0.6,335.5999092353029,0.37427987260128154,-0.24639004025634262,0.03901444208810982,-0.04015154533851981,0.6138286839982741,0.31716983517936814,-0.24393663852837671,0.04711067885867935
2013.0,10.0,13.0,6.5,27.5,36.0,21.0,14.0,41.4,2.2,94.1379025,0.05339697057917986,0.6917138467458845,0.2579456730838992,0.3489681471305362,0.04771636341301755,0.2729176426960065,-0.7331888481130943,0.7267283109867652
2013.0,10.0,13.0,2.0,6.0,26.0,6.0,15.0,41.4,5.4,0.0,0.929696114554838,-0.8773588665289156,0.5794956187956581,0.41442595920794467,1.1526805803058964,1.1319007027890375,1.4882288656018794,-0.3692912375942493
2013.0,10.0,13.0,4.605636928539725,26.6271637816245,30.36462494451842,64.59343098091433,47.77807367953839,41.4,7.0,335.5999092353029,0.37427987260128154,-0.24639004025634262,0.03901444208810982,-0.04015154533851981,0.6138286839982741,0.31716983517936814,-0.24393663852837671,0.04711067885867935
2013.0,10.0,13.0,4.605636928539725,26.6271637816245,30.36462494451842,64.59343098091433,47.77807367953839,41.4,7.3,335.5999092353029,0.37427987260128154,-0.24639004025634262,0.03901444208810982,-0.04015154533851981,0.6138286839982741,0.31716983517936814,-0.24393663852837671,0.04711067885867935
2013.0,10.0,13.0,4.605636928539725,26.6271637816245,30.36462494451842,64.59343098091433,47.77807367953839,41.4,13.6,335.5999092353029,0.37427987260128154,-0.24639004025634262,0.03901444208810982,-0.04015154533851981,0.6138286839982741,0.31716983517936814,-0.24393663852837671,0.04711067885867935
2013.0,10.0,13.0,4.605636928539725,26.6271637816245,30.36462494451842,64.59343098091433,47.77807367953839,41.4,22.5,335.5999092353029,0.37427987260128154,-0.24639004025634262,0.03901444208810982,-0.04015154533851981,0.6138286839982741,0.31716983517936814,-0.24393663852837671,0.04711067885867935
2013.0,10.0,13.0,4.605636928539725,26.6271637816245,30.36462494451842,64.59343098091433,47.77807367953839,41.4,23.1,335.5999092353029,0.37427987260128154,-0.24639004025634262,0.03901444208810982,-0.04015154533851981,0.6138286839982741,0.31716983517936814,-0.24393663852837671,0.04711067885867935
2013.0,10.0,13.0,4.605636928539725,26.6271637816245,30.36462494451842,64.59343098091433,47.77807367953839,41.4,24.7,335.5999092353029,0.37427987260128154,-0.24639004025634262,0.03901444208810982,-0.04015154533851981,0.6138286839982741,0.31716983517936814,-0.24393663852837671,0.04711067885867935
2013.0,10.0,13.0,4.605636928539725,26.6271637816245,30.36462494451842,64.59343098091433,47.77807367953839,41.4,26.0,335.5999092353029,0.37427987260128154,-0.24639004025634262,0.03901444208810982,-0.04015154533851981,0.6138286839982741,0.31716983517936814,-0.24393663852837671,0.04711067885867935
2013.0,10.0,13.0,4.605636928539725,26.6271637816245,30.36462494451842,64.59343098091433,47.77807367953839,41.4,26.3,335.5999092353029,0.37427987260128154,-0.24639004025634262,0.03901444208810982,-0.04015154533851981,0.6138286839982741,0.31716983517936814,-0.24393663852837671,0.04711067885867935
2013.0,10.0,13.0,4.605636928539725,26.6271637816245,30.36462494451842,64.59343098091433,47.77807367953839,41.5,-2.5,335.5999092353029,0.37427987260128154,-0.24639004025634262,0.03901444208810982,-0.04015154533851981,0.6138286839982741,0.31716983517936814,-0.24393663852837671,0.04711067885867935
2013.0,10.0,13.0,7.5,17.5,50.0,71.0,59.5,41.5,-0.1,329.75385,0.12702971481508374,0.05984441163712595,0.15653131926168212,0.1744565121833062,-0.16180705800690587,-0.037083013555826,-0.7319953892761423,0.7895437828050336
2013.0,10.0,13.0,4.605636928539725,26.6271637816245,30.36462494451842,64.59343098091433,47.77807367953839,41.5,0.9,335.5999092353029,0.37427987260128154,-0.24639004025634262,0.03901444208810982,-0.04015154533851981,0.6138286839982741,0.31716983517936814,-0.24393663852837671,0.04711067885867935
2013.0,10.0,13.0,4.605636928539725,26.6271637816245,30.36462494451842,64.59343098091433,47.77807367953839,41.5,3.8,335.5999092353029,0.37427987260128154,-0.24639004025634262,0.03901444208810982,-0.04015154533851981,0.6138286839982741,0.31716983517936814,-0.24393663852837671,0.04711067885867935
2013.0,10.0,13.0,4.605636928539725,26.6271637816245,30.36462494451842,64.59343098091433,47.77807367953839,41.5,4.6,335.5999092353029,0.37427987260128154,-0.24639004025634262,0.03901444208810982,-0.04015154533851981,0.6138286839982741,0.31716983517936814,-0.24393663852837671,0.04711067885867935
2013.0,10.0,13.0,4.605636928539725,26.6271637816245,30.36462494451842,64.59343098091433,47.77807367953839,41.5,5.4,335.5999092353029,0.37427987260128154,-0.24639004025634262,0.03901444208810982,-0.04015154533851981,0.6138286839982741,0.31716983517936814,-0.24393663852837671,0.04711067885867935
2013.0,10.0,13.0,6.5,27.5,19.5,15.0,11.0,41.5,6.2,0.0,0.029948638182370257,-0.2175847480038149,0.5846929206453619,0.4296796369736221,1.2173347571909656,1.1151164933514983,0.6200360338251121,-0.056179289669260446
2013.0,10.0,13.0,4.605636928539725,26.6271637816245,30.36462494451842,64.59343098091433,47.77807367953839,41.5,6.4,335.5999092353029,0.37427987260128154,-0.24639004025634262,0.03901444208810982,-0.04015154533851981,0.6138286839982741,0.31716983517936814,-0.24393663852837671,0.04711067885867935
2013.0,10.0,13.0,2.0,6.0,18.0,3.0,11.0,41.5,7.0,0.0,0.9061897739178558,-0.9212653729728117,0.6397283291685678,0.504598621622508,1.3829061558482965,1.3861925076363877,0.5327180237161029,0.27939474835704137
2013.0,10.0,13.0,4.605636928539725,26.6271637816245,30.36462494451842,64.59343098091433,47.77807367953839,41.5,7.2,335.5999092353029,0.37427987260128154,-0.24639004025634262,0.03901444208810982,-0.04015154533851981,0.6138286839982741,0.31716983517936814,-0.24393663852837671,0.04711067885867935
2013.0,10.0,13.0,11.0,49.0,11.0,23.0,13.0,41.5,8.0,0.0,-0.8538902105602758,0.9927692479766818,0.5853011691083039,0.4567444371386196,0.9251555338790735,0.9791761129734635,-0.2847699285994151,-0.06840516092392626
2013.0,10.0,13.0,0.0,25.0,39.0,33.0,91.0,41.5,10.4,0.0,1.1682715319700943,-1.5507450812010075,0.5919204027952059,0.43999599747213985,1.0255364714502815,0.9454974405737505,-0.6924773002201534,-0.8021780532357294
2013.0,10.0,13.0,0.0,25.0,39.0,33.0,90.0,41.5,11.0,0.0,1.1634466216590462,-0.5912738912335276,0.5912325986558262,0.46251836884620184,1.0561149792330486,0.979058170373234,-0.6803050181065214,0.35846266933194326
2013.0,10.0,13.0,11.0,48.0,37.0,10.0,63.0,41.5,19.7,143.37772,-0.7925330524182967,0.9893287579307416,0.8029947038411837,0.7892792961791606,0.580377088481905,0.8832964680623739,-0.7405334342860445,0.5030208991445992
2013.0,10.0,13.0,11.0,48.0,37.0,10.0,64.0,41.5,19.9,834.21375,-0.790505188368783,1.3582446114406452,0.7307601636979182,0.8695975126318128,0.2214369436970888,0.6203428543955082,-0.7030815646098817,1.3645553501634946
2013.0,10.0,13.0,4.605636928539725,26.6271637816245,30.36462494451842,64.59343098091433,47.77807367953839,41.5,20.7,335.5999092353029,0.37427987260128154,-0.24639004025634262,0.03901444208810982,-0.04015154533851981,0.6138286839982741,0.31716983517936814,-0.24393663852837671,0.04711067885867935
2013.0,10.0,13.0,4.605636928539725,26.6271637816245,30.36462494451842,64.59343098091433,47.77807367953839,41.5,21.0,335.5999092353029,0.37427987260128154,-0.24639004025634262,0.03901444208810982,-0.04015154533851981,0.6138286839982741,0.31716983517936814,-0.24393663852837671,0.04711067885867935
2013.0,10.0,13.0,5.5,36.5,19.0,14.5,59.0,41.5,25.7,427.99438499999997,0.1255583838494338,0.01946267672136892,0.09499852815093905,0.2683022834610833,0.4886815413117407,0.9539014698758581,-0.7442575729382954,-0.68331235585385
2013.0,10.0,13.0,2.0,6.0,45.0,13.0,44.0,41.6,-1.7,811.60254,1.0212492946178873,-0.9950399343996295,-0.2695799611442762,-0.8818451278890248,-0.3825049777598273,-0.5542327747567064,-0.44388642198633266,0.9785047250112946
2013.0,10.0,13.0,6.5,27.5,42.5,23.5,17.0,41.6,0.4,206.812995,0.06521718537586502,0.5756078761490502,-0.05602533565423508,0.16975580498472703,0.19077234884894825,0.04017759996343377,-0.671320887368816,0.6201274379500984
2013.0,10.0,13.0,6.5,27.5,23.5,16.5,11.5,41.6,5.2,0.0,0.0363741307221741,-0.047258704966427756,0.6198187658630823,0.4305178664998398,1.42946243804968,0.9776006344163632,0.24450582877304444,-0.42360863949869276
2013.0,10.0,13.0,4.605636928539725,26.6271637816245,30.36462494451842,64.59343098091433,47.77807367953839,41.6,6.0,335.5999092353029,0.37427987260128154,-0.24639004025634262,0.03901444208810982,-0.04015154533851981,0.6138286839982741,0.31716983517936814,-0.24393663852837671,0.04711067885867935
2013.0,10.0,13.0,4.605636928539725,26.6271637816245,30.36462494451842,64.59343098091433,47.77807367953839,41.6,6.8,335.5999092353029,0.37427987260128154,-0.24639004025634262,0.03901444208810982,-0.04015154533851981,0.6138286839982741,0.31716983517936814,-0.24393663852837671,0.04711067885867935
2013.0,10.0,13.0,4.605636928539725,26.6271637816245,30.36462494451842,64.59343098091433,47.77807367953839,41.6,7.8,335.5999092353029,0.37427987260128154,-0.24639004025634262,0.03901444208810982,-0.04015154533851981,0.6138286839982741,0.31716983517936814,-0.24393663852837671,0.04711067885867935
2013.0,10.0,13.0,4.605636928539725,26.6271637816245,30.36462494451842,64.59343098091433,47.77807367953839,41.6,8.8,335.5999092353029,0.37427987260128154,-0.24639004025634262,0.03901444208810982,-0.04015154533851981,0.6138286839982741,0.31716983517936814,-0.24393663852837671,0.04711067885867935
2013.0,10.0,13.0,4.605636928539725,26.6271637816245,30.36462494451842,64.59343098091433,47.77807367953839,41.6,9.0,335.5999092353029,0.37427987260128154,-0.24639004025634262,0.03901444208810982,-0.04015154533851981,0.6138286839982741,0.31716983517936814,-0.24393663852837671,0.04711067885867935
2013.0,10.0,13.0,4.605636928539725,26.6271637816245,30.36462494451842,64.59343098091433,47.77807367953839,41.6,10.4,335.5999092353029,0.37427987260128154,-0.24639004025634262,0.03901444208810982,-0.04015154533851981,0.6138286839982741,0.31716983517936814,-0.24393663852837671,0.04711067885867935
2013.0,10.0,13.0,0.0,25.0,34.0,31.0,84.0,41.6,13.8,887.70557,1.1332860835019118,0.20744666029990277,0.1164876240956919,-0.48495717545302974,1.0947341044053243,-0.05553731627727973,-0.7466045056768983,-0.29612293017961594
2013.0,10.0,13.0,0.0,25.0,28.0,29.0,71.0,41.6,17.9,0.0,1.0902242218075124,-0.24485052392104378,0.6202865330998957,0.382998812317861,2.0195152272555466,1.6671476808278036,-0.6695525510118489,1.1297525852056458
2013.0,10.0,13.0,11.0,48.0,40.0,11.0,63.0,41.6,19.7,95.73077,-0.7896941309073973,0.6399336949640115,0.7928055350530959,0.7697448335209057,0.6022900682414456,0.9145595978153955,-0.7362224680982026,0.8863612360408499
2013.0,10.0,13.0,4.605636928539725,26.6271637816245,30.36462494451842,64.59343098091433,47.77807367953839,41.7,-1.1,335.5999092353029,0.37427987260128154,-0.24639004025634262,0.03901444208810982,-0.04015154533851981,0.6138286839982741,0.31716983517936814,-0.24393663852837671,0.04711067885867935
2013.0,10.0,13.0,11.0,48.0,50.0,15.0,45.0,41.7,15.9,601.1083,-0.8117288871232733,1.4355853566270431,0.6683180209944058,0.7908443143119264,1.4338016133351459,1.1932496214658268,-0.7758271106237343,-0.18057515317256162
2013.0,10.0,13.0,0.0,25.0,17.0,25.0,52.0,41.7,22.1,351.5849,1.0386072466678382,-1.3609065476016144,0.267622261627558,-0.40682497762029685,0.5227407422400296,1.0231142277133722,-0.7758271106237343,-1.1561568768151715
2013.0,10.0,13.0,0.0,25.0,14.0,24.0,46.0,41.7,23.3,1468.254,1.0239793404804378,-1.7276328678082242,0.12436665716527012,-0.5753494895353511,0.44464765538184237,0.5913820163282951,-0.6029383285682244,-0.5933954352179521
2013.0,10.0,13.0,11.0,49.0,46.0,36.0,1.0,41.8,1.2,452.4226,-0.8590624650450043,0.874323169300603,-0.02266532434340557,0.7138628651062301,0.07827930814278666,-0.17790660855331253,-0.7076518667715401,-0.2723666583292767
2013.0,10.0,13.0,2.0,6.0,31.0,8.0,27.0,41.8,2.1,665.0024,0.9706320359577905,-0.9468672002098324,-0.08301686471403921,-0.5007438315301714,-0.3984221844972276,-0.1713910944113457,-0.6867651155284953,1.9178398665893055
2013.0,10.0,13.0,4.605636928539725,26.6271637816245,30.36462494451842,64.59343098091433,47.77807367953839,41.8,2.8,335.5999092353029,0.37427987260128154,-0.24639004025634262,0.03901444208810982,-0.04015154533851981,0.6138286839982741,0.31716983517936814,-0.24393663852837671,0.04711067885867935
2013.0,10.0,13.0,0.0,25.0,37.0,32.0,95.0,41.8,7.6,0.0,1.1877133286660784,-1.6885377800087262,0.456534768097585,0.4179444236065382,0.21445049058239565,0.8484069617414084,-0.2116758689721932,-0.18559914160993307
2013.0,10.0,13.0,4.605636928539725,26.6271637816245,30.36462494451842,64.59343098091433,47.77807367953839,41.8,10.3,335.5999092353029,0.37427987260128154,-0.24639004025634262,0.03901444208810982,-0.04015154533851981,0.6138286839982741,0.31716983517936814,-0.24393663852837671,0.04711067885867935
2013.0,10.0,13.0,4.605636928539725,26.6271637816245,30.36462494451842,64.59343098091433,47.77807367953839,41.8,12.3,335.5999092353029,0.37427987260128154,-0.24639004025634262,0.03901444208810982,-0.04015154533851981,0.6138286839982741,0.31716983517936814,-0.24393663852837671,0.04711067885867935
2013.0,10.0,13.0,5.5,36.5,40.5,22.5,61.0,41.8,15.3,69.2638625,0.15022669653748116,-0.5754191713106658,0.5225262017077662,0.47631523922719743,1.0415020518774531,0.8558944271679196,-0.7758271106237343,-0.2919889285279178
2013.0,10.0,13.0,11.0,48.0,53.0,16.0,43.0,41.8,15.5,180.98743,-0.8122928806134054,1.0028603047491857,0.6054710506715185,0.8181772187184534,1.069486130841336,0.8896798343627578,-0.7758271106237343,-0.6133285797122423
2013.0,10.0,13.0,4.605636928539725,26.6271637816245,30.36462494451842,64.59343098091433,47.77807367953839,41.8,15.8,335.5999092353029,0.37427987260128154,-0.24639004025634262,0.03901444208810982,-0.04015154533851981,0.6138286839982741,0.31716983517936814,-0.24393663852837671,0.04711067885867935
2013.0,10.0,13.0,11.0,48.0,48.0,14.0,51.0,41.8,17.1,0.0,-0.8039675741287251,0.3910523590226169,0.5506320137547212,0.38321442627113456,1.8100264769989258,1.7168125930062652,-0.7373908417237712,0.050846111522138
2013.0,10.0,13.0,4.605636928539725,26.6271637816245,30.36462494451842,64.59343098091433,47.77807367953839,41.8,19.8,335.5999092353029,0.37427987260128154,-0.24639004025634262,0.03901444208810982,-0.04015154533851981,0.6138286839982741,0.31716983517936814,-0.24393663852837671,0.04711067885867935
2013.0,10.0,13.0,2.0,6.0,34.0,9.0,34.0,41.9,0.5,468.01978,0.9895561223339931,-1.9179226909778246,-0.29351816348284376,-0.6375908582573292,-0.6272278263059777,-0.2763047515300789,-0.5960141569426967,1.4879269203960144
2013.0,10.0,13.0,4.605636928539725,26.6271637816245,30.36462494451842,64.59343098091433,47.77807367953839,41.9,5.1,335.5999092353029,0.37427987260128154,-0.24639004025634262,0.03901444208810982,-0.04015154533851981,0.6138286839982741,0.31716983517936814,-0.24393663852837671,0.04711067885867935
2013.0,10.0,13.0,4.605636928539725,26.6271637816245,30.36462494451842,64.59343098091433,47.77807367953839,41.9,13.7,335.5999092353029,0.37427987260128154,-0.24639004025634262,0.03901444208810982,-0.04015154533851981,0.6138286839982741,0.31716983517936814,-0.24393663852837671,0.04711067885867935
2013.0,10.0,13.0,4.605636928539725,26.6271637816245,30.36462494451842,64.59343098091433,47.77807367953839,41.9,16.2,335.5999092353029,0.37427987260128154,-0.24639004025634262,0.03901444208810982,-0.04015154533851981,0.6138286839982741,0.31716983517936814,-0.24393663852837671,0.04711067885867935
2013.0,10.0,13.0,11.0,48.0,50.0,15.0,51.0,41.9,17.1,0.0,-0.8010607045158298,0.4753084147370904,0.576244913434128,0.3884497268669799,1.9521862920615618,1.730030635247469,-0.7065242946859015,-0.4313344263400838
2013.0,10.0,13.0,5.5,36.5,25.0,16.5,62.0,41.9,23.2,828.671465,0.13239665614995227,0.5562467482729784,0.16533883756773443,0.06876973941905301,-0.10875005839745219,0.34344718731000684,-0.21166918164239454,-0.37947577759109674
2013.0,10.0,13.0,13.0,30.0,16.0,2.0,62.0,42.0,-6.0,769.1105,-0.7846098585255453,1.741856266188473,0.04922380317935247,0.39718168820321775,-0.07429694126100463,0.2802091670181586,-0.35417467886532766,-0.01616699342223299
2013.0,10.0,13.0,2.0,6.0,21.0,4.0,19.0,42.0,4.4,0.0,0.9377919226333932,-1.1364029646475715,0.6596273186183245,0.41064988862547275,1.5751955954505654,0.7795894745188079,-0.21392546023199385,-1.16014207214361
2013.0,10.0,13.0,7.5,18.0,19.5,71.0,60.0,42.1,0.2,532.572095,0.12905710501309164,0.4595239755378932,-0.12096542589469801,-0.09840980980243597,-0.3926616423698394,-0.28208419958796077,-0.6657591907715432,0.7701208461343411
2013.0,10.0,13.0,4.605636928539725,26.6271637816245,30.36462494451842,64.59343098091433,47.77807367953839,42.1,6.8,335.5999092353029,0.37427987260128154,-0.24639004025634262,0.03901444208810982,-0.04015154533851981,0.6138286839982741,0.31716983517936814,-0.24393663852837671,0.04711067885867935
2013.0,10.0,13.0,4.605636928539725,26.6271637816245,30.36462494451842,64.59343098091433,47.77807367953839,42.1,12.9,335.5999092353029,0.37427987260128154,-0.24639004025634262,0.03901444208810982,-0.04015154533851981,0.6138286839982741,0.31716983517936814,-0.24393663852837671,0.04711067885867935
2013.0,10.0,13.0,5.5,36.5,36.5,21.0,63.0,42.1,17.2,0.0,0.14639742537909883,-0.10531428237270857,0.47809385289693157,0.32040858506473413,1.4046782132943396,1.504363629799164,0.30040479922267804,0.7449231395948243
2013.0,10.0,13.0,4.605636928539725,26.6271637816245,30.36462494451842,64.59343098091433,47.77807367953839,42.1,24.0,335.5999092353029,0.37427987260128154,-0.24639004025634262,0.03901444208810982,-0.04015154533851981,0.6138286839982741,0.31716983517936814,-0.24393663852837671,0.04711067885867935
2013.0,10.0,13.0,4.605636928539725,26.6271637816245,30.36462494451842,64.59343098091433,47.77807367953839,42.2,7.2,335.5999092353029,0.37427987260128154,-0.24639004025634262,0.03901444208810982,-0.04015154533851981,0.6138286839982741,0.31716983517936814,-0.24393663852837671,0.04711067885867935
2013.0,10.0,13.0,4.605636928539725,26.6271637816245,30.36462494451842,64.59343098091433,47.77807367953839,42.2,7.4,335.5999092353029,0.37427987260128154,-0.24639004025634262,0.03901444208810982,-0.04015154533851981,0.6138286839982741,0.31716983517936814,-0.24393663852837671,0.04711067885867935
2013.0,10.0,13.0,4.605636928539725,26.6271637816245,30.36462494451842,64.59343098091433,47.77807367953839,42.2,8.6,335.5999092353029,0.37427987260128154,-0.24639004025634262,0.03901444208810982,-0.04015154533851981,0.6138286839982741,0.31716983517936814,-0.24393663852837671,0.04711067885867935
2013.0,10.0,13.0,0.0,25.0,26.0,28.0,86.0,42.2,13.1,861.2676,1.1317589592763844,-1.035090889041403,-0.10496919624314688,-0.5888871386466709,0.8166594321459183,-0.09466897683037194,-0.702552698346625,0.9963875236607189
2013.0,10.0,13.0,13.0,30.0,8.0,134.0,88.0,42.3,2.0,1404.5779,-0.7153112576979337,1.3576822662058117,-0.034177735648543206,0.3471818622442174,-0.4437716135371106,-0.5146762601961571,-0.7758271106237343,-0.6351208703621127
2013.0,10.0,13.0,4.605636928539725,26.6271637816245,30.36462494451842,64.59343098091433,47.77807367953839,42.3,2.7,335.5999092353029,0.37427987260128154,-0.24639004025634262,0.03901444208810982,-0.04015154533851981,0.6138286839982741,0.31716983517936814,-0.24393663852837671,0.04711067885867935
2013.0,10.0,13.0,4.605636928539725,26.6271637816245,30.36462494451842,64.59343098091433,47.77807367953839,42.3,5.7,335.5999092353029,0.37427987260128154,-0.24639004025634262,0.03901444208810982,-0.04015154533851981,0.6138286839982741,0.31716983517936814,-0.24393663852837671,0.04711067885867935
2013.0,10.0,13.0,4.605636928539725,26.6271637816245,30.36462494451842,64.59343098091433,47.77807367953839,42.3,6.1,335.5999092353029,0.37427987260128154,-0.24639004025634262,0.03901444208810982,-0.04015154533851981,0.6138286839982741,0.31716983517936814,-0.24393663852837671,0.04711067885867935
2013.0,10.0,13.0,4.605636928539725,26.6271637816245,30.36462494451842,64.59343098091433,47.77807367953839,42.3,6.8,335.5999092353029,0.37427987260128154,-0.24639004025634262,0.03901444208810982,-0.04015154533851981,0.6138286839982741,0.31716983517936814,-0.24393663852837671,0.04711067885867935
2013.0,10.0,13.0,4.605636928539725,26.6271637816245,30.36462494451842,64.59343098091433,47.77807367953839,42.3,13.8,335.5999092353029,0.37427987260128154,-0.24639004025634262,0.03901444208810982,-0.04015154533851981,0.6138286839982741,0.31716983517936814,-0.24393663852837671,0.04711067885867935
2013.0,10.0,13.0,4.605636928539725,26.6271637816245,30.36462494451842,64.59343098091433,47.77807367953839,42.3,18.9,335.5999092353029,0.37427987260128154,-0.24639004025634262,0.03901444208810982,-0.04015154533851981,0.6138286839982741,0.31716983517936814,-0.24393663852837671,0.04711067885867935
2013.0,10.0,13.0,4.605636928539725,26.6271637816245,30.36462494451842,64.59343098091433,47.77807367953839,42.4,3.2,335.5999092353029,0.37427987260128154,-0.24639004025634262,0.03901444208810982,-0.04015154533851981,0.6138286839982741,0.31716983517936814,-0.24393663852837671,0.04711067885867935
2013.0,10.0,13.0,2.0,6.0,4.0,133.0,13.0,42.4,6.7,0.0,0.9012804519199294,-0.6064149698820999,0.3802519517605972,0.30495302157501536,0.32817115194888935,0.829412859848517,1.2327867716414833,-0.7337809181031504
2013.0,10.0,13.0,4.605636928539725,26.6271637816245,30.36462494451842,64.59343098091433,47.77807367953839,42.4,7.9,335.5999092353029,0.37427987260128154,-0.24639004025634262,0.03901444208810982,-0.04015154533851981,0.6138286839982741,0.31716983517936814,-0.24393663852837671,0.04711067885867935
2013.0,10.0,13.0,11.0,49.0,14.0,24.0,26.0,42.4,11.5,45.3318,-0.8200184233291539,-0.13983040740280928,0.4489014512944894,0.6006518114069539,0.2723681786062587,0.487899439533453,-0.4733771712017793,0.8929846008315983
2013.0,10.0,13.0,4.605636928539725,26.6271637816245,30.36462494451842,64.59343098091433,47.77807367953839,42.4,21.0,335.5999092353029,0.37427987260128154,-0.24639004025634262,0.03901444208810982,-0.04015154533851981,0.6138286839982741,0.31716983517936814,-0.24393663852837671,0.04711067885867935
2013.0,10.0,13.0,4.605636928539725,26.6271637816245,30.36462494451842,64.59343098091433,47.77807367953839,42.4,21.7,335.5999092353029,0.37427987260128154,-0.24639004025634262,0.03901444208810982,-0.04015154533851981,0.6138286839982741,0.31716983517936814,-0.24393663852837671,0.04711067885867935
2013.0,10.0,13.0,11.0,49.0,51.0,38.0,3.0,42.5,2.3,1539.9858,-0.8429851683186608,-0.11511226113648021,-0.3061574456986285,0.2481124997425919,-0.4144852414292045,-0.5989629946062232,-0.7758271106237343,-1.218207037151163
2013.0,10.0,13.0,4.605636928539725,26.6271637816245,30.36462494451842,64.59343098091433,47.77807367953839,42.5,4.8,335.5999092353029,0.37427987260128154,-0.24639004025634262,0.03901444208810982,-0.04015154533851981,0.6138286839982741,0.31716983517936814,-0.24393663852837671,0.04711067885867935
2013.0,10.0,13.0,4.605636928539725,26.6271637816245,30.36462494451842,64.59343098091433,47.77807367953839,42.5,11.1,335.5999092353029,0.37427987260128154,-0.24639004025634262,0.03901444208810982,-0.04015154533851981,0.6138286839982741,0.31716983517936814,-0.24393663852837671,0.04711067885867935
2013.0,10.0,13.0,4.605636928539725,26.6271637816245,30.36462494451842,64.59343098091433,47.77807367953839,42.5,14.1,335.5999092353029,0.37427987260128154,-0.24639004025634262,0.03901444208810982,-0.04015154533851981,0.6138286839982741,0.31716983517936814,-0.24393663852837671,0.04711067885867935
2013.0,10.0,13.0,11.0,49.0,4.0,20.0,46.0,42.5,15.9,0.0,-0.7953707176717151,1.7135773023740097,0.5612844181271694,0.3998175082163042,2.052803315364035,1.2043225419393186,-0.4834694774581479,-1.0156044516212424
2013.0,10.0,13.0,11.0,48.0,51.0,15.0,72.0,42.5,21.6,582.09314,-0.7579844289198063,0.7866914275645384,0.39852961666510617,0.7993170543784976,-0.5244476894902498,0.1950780678491005,-0.6227836837914125,0.4302637379979649
2013.0,10.0,13.0,0.0,24.0,55.0,17.0,36.0,42.5,25.7,340.36572,0.984576714392393,-1.1612290862797539,-0.26422959014495606,-0.43996896070762775,0.4648937039397936,1.0155454405381943,-0.6441840881741817,-0.2722981782652266
2013.0,10.0,13.0,4.605636928539725,26.6271637816245,30.36462494451842,64.59343098091433,47.77807367953839,42.6,-0.4,335.5999092353029,0.37427987260128154,-0.24639004025634262,0.03901444208810982,-0.04015154533851981,0.6138286839982741,0.31716983517936814,-0.24393663852837671,0.04711067885867935
2013.0,10.0,13.0,13.0,30.0,11.0,0.0,95.0,42.6,6.4,0.0,-0.6662714617210223,1.2164568413153567,0.4954898596403436,0.3023260845337873,1.1051099340120822,0.6529420587756615,-0.25839891805183074,-0.620936287538119
2013.0,10.0,13.0,2.0,5.0,56.0,130.0,10.0,42.6,8.0,0.0,0.880942304491485,-0.39662015839541004,0.4411070090707542,0.38913775341451123,0.5372759800418859,0.5576212402400245,-0.14716522888072534,-0.48731008828094124
2013.0,10.0,13.0,4.605636928539725,26.6271637816245,30.36462494451842,64.59343098091433,47.77807367953839,42.6,13.9,335.5999092353029,0.37427987260128154,-0.24639004025634262,0.03901444208810982,-0.04015154533851981,0.6138286839982741,0.31716983517936814,-0.24393663852837671,0.04711067885867935
2013.0,10.0,13.0,4.605636928539725,26.6271637816245,30.36462494451842,64.59343098091433,47.77807367953839,42.6,20.0,335.5999092353029,0.37427987260128154,-0.24639004025634262,0.03901444208810982,-0.04015154533851981,0.6138286839982741,0.31716983517936814,-0.24393663852837671,0.04711067885867935
2013.0,10.0,13.0,2.0,6.0,15.0,2.0,27.0,42.7,2.5,568.508,0.9545656047566768,-1.4256150491295037,-0.4598590125881568,-0.830962657544508,-0.13986742746194003,-0.5377055628966839,-0.6046419887350643,0.7579814501933566
2013.0,10.0,13.0,4.605636928539725,26.6271637816245,30.36462494451842,64.59343098091433,47.77807367953839,42.7,6.3,335.5999092353029,0.37427987260128154,-0.24639004025634262,0.03901444208810982,-0.04015154533851981,0.6138286839982741,0.31716983517936814,-0.24393663852837671,0.04711067885867935
2013.0,10.0,13.0,4.605636928539725,26.6271637816245,30.36462494451842,64.59343098091433,47.77807367953839,42.7,7.0,335.5999092353029,0.37427987260128154,-0.24639004025634262,0.03901444208810982,-0.04015154533851981,0.6138286839982741,0.31716983517936814,-0.24393663852837671,0.04711067885867935
2013.0,10.0,13.0,4.605636928539725,26.6271637816245,30.36462494451842,64.59343098091433,47.77807367953839,42.7,9.5,335.5999092353029,0.37427987260128154,-0.24639004025634262,0.03901444208810982,-0.04015154533851981,0.6138286839982741,0.31716983517936814,-0.24393663852837671,0.04711067885867935
2013.0,10.0,13.0,4.605636928539725,26.6271637816245,30.36462494451842,64.59343098091433,47.77807367953839,42.7,13.6,335.5999092353029,0.37427987260128154,-0.24639004025634262,0.03901444208810982,-0.04015154533851981,0.6138286839982741,0.31716983517936814,-0.24393663852837671,0.04711067885867935
2013.0,10.0,13.0,11.0,49.0,1.0,19.0,57.0,42.7,18.1,296.7994,-0.7785217041787841,1.8435744672214658,0.7237109265446657,0.6378423919469732,1.975641748883207,1.538380426040088,-0.48817698243969543,0.9198997993076868
2013.0,10.0,13.0,11.0,48.0,59.0,18.0,62.0,42.7,19.1,1196.2595,-0.7717521293268294,1.3572329230868672,0.3188712227655882,0.4668904060860451,0.6062135164165298,0.4742205740498049,-0.17218928319856291,-0.154032452651251
2013.0,10.0,13.0,4.605636928539725,26.6271637816245,30.36462494451842,64.59343098091433,47.77807367953839,42.7,19.5,335.5999092353029,0.37427987260128154,-0.24639004025634262,0.03901444208810982,-0.04015154533851981,0.6138286839982741,0.31716983517936814,-0.24393663852837671,0.04711067885867935
2013.0,10.0,13.0,0.0,25.0,4.0,20.0,58.0,42.7,21.2,731.56067,1.03660560974819,-0.45628826767950065,0.1934834204190346,-0.4347134715393833,0.5973282451247981,1.0999153212233395,-0.7267031070987341,-0.4283476498384485
2013.0,10.0,13.0,4.605636928539725,26.6271637816245,30.36462494451842,64.59343098091433,47.77807367953839,42.8,-0.7,335.5999092353029,0.37427987260128154,-0.24639004025634262,0.03901444208810982,-0.04015154533851981,0.6138286839982741,0.31716983517936814,-0.24393663852837671,0.04711067885867935
2013.0,10.0,13.0,4.605636928539725,26.6271637816245,30.36462494451842,64.59343098091433,47.77807367953839,42.8,2.2,335.5999092353029,0.37427987260128154,-0.24639004025634262,0.03901444208810982,-0.04015154533851981,0.6138286839982741,0.31716983517936814,-0.24393663852837671,0.04711067885867935
2013.0,10.0,13.0,13.0,30.0,16.0,2.0,90.0,42.8,2.9,71.06894,-0.6962726535345203,-0.2462486697236188,0.32619437313393945,0.4938090409868384,-0.0025395506503800842,0.26885357527406095,-0.7758271106237343,-0.6367264276130591
2013.0,10.0,13.0,4.605636928539725,26.6271637816245,30.36462494451842,64.59343098091433,47.77807367953839,42.8,11.7,335.5999092353029,0.37427987260128154,-0.24639004025634262,0.03901444208810982,-0.04015154533851981,0.6138286839982741,0.31716983517936814,-0.24393663852837671,0.04711067885867935
2013.0,10.0,13.0,4.605636928539725,26.6271637816245,30.36462494451842,64.59343098091433,47.77807367953839,42.8,13.3,335.5999092353029,0.37427987260128154,-0.24639004025634262,0.03901444208810982,-0.04015154533851981,0.6138286839982741,0.31716983517936814,-0.24393663852837671,0.04711067885867935
2013.0,10.0,13.0,5.5,37.0,8.0,21.5,63.5,42.8,16.8,6.8722224999999995,0.14964626150207194,-0.13375552519973755,0.6389604658358038,0.4579690759406525,2.513916210479391,1.6032934919018276,0.9258906672036971,0.17965018054824128
2013.0,10.0,13.0,4.605636928539725,26.6271637816245,30.36462494451842,64.59343098091433,47.77807367953839,42.8,18.1,335.5999092353029,0.37427987260128154,-0.24639004025634262,0.03901444208810982,-0.04015154533851981,0.6138286839982741,0.31716983517936814,-0.24393663852837671,0.04711067885867935
2013.0,10.0,13.0,4.605636928539725,26.6271637816245,30.36462494451842,64.59343098091433,47.77807367953839,42.8,20.8,335.5999092353029,0.37427987260128154,-0.24639004025634262,0.03901444208810982,-0.04015154533851981,0.6138286839982741,0.31716983517936814,-0.24393663852837671,0.04711067885867935
2013.0,10.0,13.0,5.5,36.5,28.5,18.0,64.5,42.8,21.5,718.9358500000001,0.13972435093732566,0.3554111227057289,0.4124281947466203,0.2777396335171244,0.5163841527823838,0.8425977999676675,-0.6512530912517601,-0.2690639442063841
2013.0,10.0,13.0,11.0,48.0,51.0,15.0,82.0,42.8,24.7,961.5561,-0.7282726171190256,1.3485348230489163,0.25838675392291394,0.8458694797137712,0.37702707008320546,1.1679997397981041,-0.4940171842526877,-0.977133284105046
2013.0,10.0,13.0,0.0,24.0,50.0,15.0,37.0,42.8,25.6,670.6899,0.9812571090979929,-0.32931502589625206,-0.14194345214583948,-0.4290542109230517,0.414371860293904,0.9536279212373144,-0.6874995785598694,-0.10009823617336522
2013.0,10.0,13.0,1.0,15.0,36.0,77.0,53.0,42.9,7.7,0.0,1.0245879641705506,-1.270453253746992,0.3226269556174507,0.32139015345502425,0.21643945629824715,0.420906413561587,-0.1535825494623831,-1.1706800856417034
2013.0,10.0,13.0,11.0,49.0,30.0,30.0,19.0,42.9,9.3,82.60453,-0.8171915574821506,0.6864575641547899,0.4361725430634735,0.5773041311930055,0.384118693231326,0.9185562229217402,-0.23656893549347907,1.2782420750697467
2013.0,10.0,13.0,6.5,27.0,32.5,76.0,14.5,42.9,10.8,57.496294999999996,0.013683354645785017,-0.6399711172036899,0.31534005846874474,0.1867408547197828,0.7124757794860525,0.5017002550592723,0.11162746008315744,1.3493911578851088
2013.0,10.0,13.0,1.0,15.0,19.5,71.0,43.0,42.9,13.7,268.723545,0.9561197936170573,-1.100596701198075,0.11061863064866957,-0.2785593054792435,0.9061357985844338,0.20065303862547917,-0.7758271106237343,-0.5798041691760678
2013.0,10.0,13.0,4.605636928539725,26.6271637816245,30.36462494451842,64.59343098091433,47.77807367953839,42.9,19.2,335.5999092353029,0.37427987260128154,-0.24639004025634262,0.03901444208810982,-0.04015154533851981,0.6138286839982741,0.31716983517936814,-0.24393663852837671,0.04711067885867935
2013.0,10.0,13.0,4.605636928539725,26.6271637816245,30.36462494451842,64.59343098091433,47.77807367953839,42.9,22.4,335.5999092353029,0.37427987260128154,-0.24639004025634262,0.03901444208810982,-0.04015154533851981,0.6138286839982741,0.31716983517936814,-0.24393663852837671,0.04711067885867935
2013.0,10.0,13.0,0.0,24.0,53.0,16.0,45.0,42.9,24.0,569.04675,1.000055128934002,-0.8123367512476113,0.06805332264956526,-0.4744017822572445,0.2925232122177579,0.8003704393860069,-0.6174528335980861,-0.9220559649343647
2013.0,10.0,13.0,2.0,5.0,54.0,129.0,12.0,43.0,7.3,0.0,0.8868784516830511,-1.0235358477748175,0.3505847336841919,0.31899296236775365,0.585302455335471,0.5665612893374299,0.10172879947581066,-0.94717963724318
2013.0,10.0,13.0,4.605636928539725,26.6271637816245,30.36462494451842,64.59343098091433,47.77807367953839,43.0,8.1,335.5999092353029,0.37427987260128154,-0.24639004025634262,0.03901444208810982,-0.04015154533851981,0.6138286839982741,0.31716983517936814,-0.24393663852837671,0.04711067885867935
2013.0,10.0,13.0,4.605636928539725,26.6271637816245,30.36462494451842,64.59343098091433,47.77807367953839,43.0,13.2,335.5999092353029,0.37427987260128154,-0.24639004025634262,0.03901444208810982,-0.04015154533851981,0.6138286839982741,0.31716983517936814,-0.24393663852837671,0.04711067885867935
2013.0,10.0,13.0,5.5,37.0,5.5,20.5,64.5,43.0,18.0,459.02985,0.14713839689681052,0.6113880190451229,0.2778597680418404,0.22446602865706372,0.5879120952158482,0.6719069030842968,-0.5483866685781834,0.1809880176013551
2013.0,10.0,13.0,4.605636928539725,26.6271637816245,30.36462494451842,64.59343098091433,47.77807367953839,43.0,20.8,335.5999092353029,0.37427987260128154,-0.24639004025634262,0.03901444208810982,-0.04015154533851981,0.6138286839982741,0.31716983517936814,-0.24393663852837671,0.04711067885867935
2013.0,10.0,13.0,4.605636928539725,26.6271637816245,30.36462494451842,64.59343098091433,47.77807367953839,43.0,21.6,335.5999092353029,0.37427987260128154,-0.24639004025634262,0.03901444208810982,-0.04015154533851981,0.6138286839982741,0.31716983517936814,-0.24393663852837671,0.04711067885867935
2013.0,10.0,13.0,0.0,24.0,56.0,17.0,53.0,43.0,22.4,671.8872,1.018351968153926,-0.7992467318488223,0.22282637358639037,-0.3225118464603089,0.36979678742412286,1.179377095535835,0.09169032291376203,-1.1195881587922232
2013.0,10.0,13.0,4.605636928539725,26.6271637816245,30.36462494451842,64.59343098091433,47.77807367953839,43.0,22.7,335.5999092353029,0.37427987260128154,-0.24639004025634262,0.03901444208810982,-0.04015154533851981,0.6138286839982741,0.31716983517936814,-0.24393663852837671,0.04711067885867935
2013.0,10.0,13.0,5.5,36.0,54.5,16.5,63.5,43.0,23.2,1010.5490500000001,0.13592622174070812,0.2755585363348378,0.21269359869553225,0.15996232851147396,-0.14406272621948554,0.618486138124269,0.0474782668567488,0.08311601303196778
2013.0,10.0,13.0,4.605636928539725,26.6271637816245,30.36462494451842,64.59343098091433,47.77807367953839,43.1,-2.4,335.5999092353029,0.37427987260128154,-0.24639004025634262,0.03901444208810982,-0.04015154533851981,0.6138286839982741,0.31716983517936814,-0.24393663852837671,0.04711067885867935
2013.0,10.0,13.0,2.0,6.0,18.0,3.0,44.0,43.1,-1.1,527.9286,0.993775825093692,-0.6537609803325242,-0.26930705496305946,-0.7004290011795773,-0.2463064908362828,-0.3156573101023857,-0.22889159396945735,1.8033918663941035
2013.0,10.0,13.0,2.0,6.0,13.0,1.0,33.0,43.1,1.2,463.5283,0.9657341745544277,-0.8458906163191612,-0.2609416245299041,-0.8574993246554153,-0.2953112510929729,-0.533467709333958,-0.6928524881133732,-0.5347696120114043
2013.0,10.0,13.0,4.605636928539725,26.6271637816245,30.36462494451842,64.59343098091433,47.77807367953839,43.1,1.7,335.5999092353029,0.37427987260128154,-0.24639004025634262,0.03901444208810982,-0.04015154533851981,0.6138286839982741,0.31716983517936814,-0.24393663852837671,0.04711067885867935
2013.0,10.0,13.0,4.605636928539725,26.6271637816245,30.36462494451842,64.59343098091433,47.77807367953839,43.1,8.0,335.5999092353029,0.37427987260128154,-0.24639004025634262,0.03901444208810982,-0.04015154533851981,0.6138286839982741,0.31716983517936814,-0.24393663852837671,0.04711067885867935
2013.0,10.0,13.0,2.0,5.0,46.0,126.0,9.0,43.1,8.7,0.0,0.8659796167052138,0.18967115896173525,0.5987178814786994,0.4106305075959632,1.8919631853871741,0.7358882875658799,-0.10277230593361251,-0.7983622408931934
2013.0,10.0,13.0,4.605636928539725,26.6271637816245,30.36462494451842,64.59343098091433,47.77807367953839,43.1,10.8,335.5999092353029,0.37427987260128154,-0.24639004025634262,0.03901444208810982,-0.04015154533851981,0.6138286839982741,0.31716983517936814,-0.24393663852837671,0.04711067885867935
2013.0,10.0,13.0,0.0,25.0,10.0,22.0,85.0,43.1,13.7,168.82776,1.1105575205228728,-1.5388736078714709,0.18124896582262498,-0.16274917496865776,0.9890251468403778,0.33989502987005243,-0.7758271106237343,-0.8179344895184576
2013.0,10.0,13.0,0.0,24.0,50.0,15.0,47.0,43.1,23.6,478.3199,1.0011729776959986,-1.3640552684378968,0.041915758319182934,-0.4089391249224598,0.33332606754861693,1.0993378586138172,-0.3256074432739598,0.15854794340571998
2013.0,10.0,13.0,4.605636928539725,26.6271637816245,30.36462494451842,64.59343098091433,47.77807367953839,43.1,24.8,335.5999092353029,0.37427987260128154,-0.24639004025634262,0.03901444208810982,-0.04015154533851981,0.6138286839982741,0.31716983517936814,-0.24393663852837671,0.04711067885867935
2013.0,10.0,13.0,2.0,6.0,27.0,6.0,61.0,43.2,-4.7,872.1229,1.0354602114800315,-0.30825074248606876,-0.3776598722118341,-0.7864969230529328,-0.13558303714009826,0.06897631582657425,-0.5126599148037245,0.08420827872347003
2013.0,10.0,13.0,4.605636928539725,26.6271637816245,30.36462494451842,64.59343098091433,47.77807367953839,43.2,0.1,335.5999092353029,0.37427987260128154,-0.24639004025634262,0.03901444208810982,-0.04015154533851981,0.6138286839982741,0.31716983517936814,-0.24393663852837671,0.04711067885867935
2013.0,10.0,13.0,13.0,30.0,24.0,5.0,89.0,43.2,2.3,182.54333,-0.693755730651633,1.1053429342841854,0.3587558065786917,0.5716852477214859,-0.3236955695409901,0.13741912351805863,-0.7758271106237343,-0.17869487361730224
2013.0,10.0,13.0,11.0,49.0,46.0,36.0,11.0,43.2,6.2,211.66484,-0.8200475156076601,0.9461380504703535,0.062334377250521156,0.45533446724191184,0.08523340318121365,0.20686398717989204,0.19475507457425908,-0.14835161834372423
2013.0,10.0,13.0,4.605636928539725,26.6271637816245,30.36462494451842,64.59343098091433,47.77807367953839,43.2,16.5,335.5999092353029,0.37427987260128154,-0.24639004025634262,0.03901444208810982,-0.04015154533851981,0.6138286839982741,0.31716983517936814,-0.24393663852837671,0.04711067885867935
2013.0,10.0,13.0,4.605636928539725,26.6271637816245,30.36462494451842,64.59343098091433,47.77807367953839,43.2,17.3,335.5999092353029,0.37427987260128154,-0.24639004025634262,0.03901444208810982,-0.04015154533851981,0.6138286839982741,0.31716983517936814,-0.24393663852837671,0.04711067885867935
2013.0,10.0,13.0,4.605636928539725,26.6271637816245,30.36462494451842,64.59343098091433,47.77807367953839,43.2,18.2,335.5999092353029,0.37427987260128154,-0.24639004025634262,0.03901444208810982,-0.04015154533851981,0.6138286839982741,0.31716983517936814,-0.24393663852837671,0.04711067885867935
2013.0,10.0,13.0,4.605636928539725,26.6271637816245,30.36462494451842,64.59343098091433,47.77807367953839,43.3,2.7,335.5999092353029,0.37427987260128154,-0.24639004025634262,0.03901444208810982,-0.04015154533851981,0.6138286839982741,0.31716983517936814,-0.24393663852837671,0.04711067885867935
2013.0,10.0,13.0,2.0,5.0,54.0,129.0,16.0,43.3,6.0,422.7168,0.901639036292124,-0.9429744951706461,-0.05255509690707693,-0.22676875314799277,0.24152442008176034,0.4978532736995729,2.1856511524178224,-1.094295569701666
2013.0,10.0,13.0,2.0,5.0,51.0,128.0,14.0,43.3,6.7,30.053263,0.8919707024018877,-1.0601316207343991,-0.024684427270869957,-0.0865801139165051,-0.014335816835796114,0.35866901568362036,1.2999059338327381,-0.43761958491140235
2013.0,10.0,13.0,4.605636928539725,26.6271637816245,30.36462494451842,64.59343098091433,47.77807367953839,43.3,10.7,335.5999092353029,0.37427987260128154,-0.24639004025634262,0.03901444208810982,-0.04015154533851981,0.6138286839982741,0.31716983517936814,-0.24393663852837671,0.04711067885867935
2013.0,10.0,13.0,4.605636928539725,26.6271637816245,30.36462494451842,64.59343098091433,47.77807367953839,43.3,12.2,335.5999092353029,0.37427987260128154,-0.24639004025634262,0.03901444208810982,-0.04015154533851981,0.6138286839982741,0.31716983517936814,-0.24393663852837671,0.04711067885867935
2013.0,10.0,13.0,4.605636928539725,26.6271637816245,30.36462494451842,64.59343098091433,47.77807367953839,43.3,12.3,335.5999092353029,0.37427987260128154,-0.24639004025634262,0.03901444208810982,-0.04015154533851981,0.6138286839982741,0.31716983517936814,-0.24393663852837671,0.04711067885867935
2013.0,10.0,13.0,4.605636928539725,26.6271637816245,30.36462494451842,64.59343098091433,47.77807367953839,43.3,12.5,335.5999092353029,0.37427987260128154,-0.24639004025634262,0.03901444208810982,-0.04015154533851981,0.6138286839982741,0.31716983517936814,-0.24393663852837671,0.04711067885867935
2013.0,10.0,13.0,0.0,25.0,7.0,21.0,86.0,43.3,13.3,321.7384,1.111291439367007,-1.4252469505310739,0.02762896867729876,-0.35038741969305714,0.7862320292880611,0.12333338864444696,-0.7510867469610097,-0.7413154910637417
2013.0,10.0,13.0,0.0,25.0,2.0,19.0,76.0,43.3,17.0,245.50566,1.0742322844710583,-0.3711613285249582,0.3427318834954712,0.03673249387091402,1.465780293042748,0.7091313470815213,-0.23293076323825398,-0.4101290615370631
2013.0,10.0,13.0,0.0,25.0,2.0,19.0,75.0,43.3,17.2,586.0074,1.0715337552435569,-1.158689370261802,0.21095948635582826,-0.07018699312433631,0.8326554346960754,0.5913779763055249,-0.2144919852108792,0.4041503826647147
2013.0,10.0,13.0,4.605636928539725,26.6271637816245,30.36462494451842,64.59343098091433,47.77807367953839,43.3,17.8,335.5999092353029,0.37427987260128154,-0.24639004025634262,0.03901444208810982,-0.04015154533851981,0.6138286839982741,0.31716983517936814,-0.24393663852837671,0.04711067885867935
2013.0,10.0,13.0,0.0,24.0,59.0,18.0,72.0,43.3,18.1,1115.2064,1.0611866015215086,-0.6319726981192944,-0.04714329684113617,-0.4001562883837589,0.6250204225615248,0.21068532742733195,-0.6031720099144566,0.16382609420972555
2013.0,10.0,13.0,4.605636928539725,26.6271637816245,30.36462494451842,64.59343098091433,47.77807367953839,43.3,20.7,335.5999092353029,0.37427987260128154,-0.24639004025634262,0.03901444208810982,-0.04015154533851981,0.6138286839982741,0.31716983517936814,-0.24393663852837671,0.04711067885867935
2013.0,10.0,13.0,0.0,24.0,53.0,16.0,60.0,43.3,21.0,788.2784,1.0293735337868004,-1.4806873006956112,0.10229851674007374,-0.35883270330115924,0.6665881051495839,0.9983750831178039,-0.45708531295492,0.5185810869098307
2013.0,10.0,13.0,4.605636928539725,26.6271637816245,30.36462494451842,64.59343098091433,47.77807367953839,43.3,22.6,335.5999092353029,0.37427987260128154,-0.24639004025634262,0.03901444208810982,-0.04015154533851981,0.6138286839982741,0.31716983517936814,-0.24393663852837671,0.04711067885867935
2013.0,10.0,13.0,4.605636928539725,26.6271637816245,30.36462494451842,64.59343098091433,47.77807367953839,43.3,23.1,335.5999092353029,0.37427987260128154,-0.24639004025634262,0.03901444208810982,-0.04015154533851981,0.6138286839982741,0.31716983517936814,-0.24393663852837671,0.04711067885867935
2013.0,10.0,13.0,11.0,50.0,7.0,44.0,3.0,43.4,1.7,239.08188,-0.8246474015523833,0.9687143240213858,-0.0361464868820627,0.5977317362944187,-0.011514982052049995,0.02575380641026888,-0.7758271106237343,0.22027310126216493
2013.0,10.0,13.0,4.605636928539725,26.6271637816245,30.36462494451842,64.59343098091433,47.77807367953839,43.4,8.8,335.5999092353029,0.37427987260128154,-0.24639004025634262,0.03901444208810982,-0.04015154533851981,0.6138286839982741,0.31716983517936814,-0.24393663852837671,0.04711067885867935
2013.0,10.0,13.0,4.605636928539725,26.6271637816245,30.36462494451842,64.59343098091433,47.77807367953839,43.4,13.6,335.5999092353029,0.37427987260128154,-0.24639004025634262,0.03901444208810982,-0.04015154533851981,0.6138286839982741,0.31716983517936814,-0.24393663852837671,0.04711067885867935
2013.0,10.0,13.0,4.605636928539725,26.6271637816245,30.36462494451842,64.59343098091433,47.77807367953839,43.4,19.9,335.5999092353029,0.37427987260128154,-0.24639004025634262,0.03901444208810982,-0.04015154533851981,0.6138286839982741,0.31716983517936814,-0.24393663852837671,0.04711067885867935
2013.0,10.0,13.0,4.605636928539725,26.6271637816245,30.36462494451842,64.59343098091433,47.77807367953839,43.4,20.7,335.5999092353029,0.37427987260128154,-0.24639004025634262,0.03901444208810982,-0.04015154533851981,0.6138286839982741,0.31716983517936814,-0.24393663852837671,0.04711067885867935
2013.0,10.0,13.0,4.605636928539725,26.6271637816245,30.36462494451842,64.59343098091433,47.77807367953839,43.4,24.7,335.5999092353029,0.37427987260128154,-0.24639004025634262,0.03901444208810982,-0.04015154533851981,0.6138286839982741,0.31716983517936814,-0.24393663852837671,0.04711067885867935
2013.0,10.0,13.0,4.605636928539725,26.6271637816245,30.36462494451842,64.59343098091433,47.77807367953839,43.4,25.5,335.5999092353029,0.37427987260128154,-0.24639004025634262,0.03901444208810982,-0.04015154533851981,0.6138286839982741,0.31716983517936814,-0.24393663852837671,0.04711067885867935
2013.0,10.0,13.0,4.605636928539725,26.6271637816245,30.36462494451842,64.59343098091433,47.77807367953839,43.5,13.3,335.5999092353029,0.37427987260128154,-0.24639004025634262,0.03901444208810982,-0.04015154533851981,0.6138286839982741,0.31716983517936814,-0.24393663852837671,0.04711067885867935
2013.0,10.0,13.0,4.605636928539725,26.6271637816245,30.36462494451842,64.59343098091433,47.77807367953839,43.5,16.8,335.5999092353029,0.37427987260128154,-0.24639004025634262,0.03901444208810982,-0.04015154533851981,0.6138286839982741,0.31716983517936814,-0.24393663852837671,0.04711067885867935
2013.0,10.0,13.0,4.605636928539725,26.6271637816245,30.36462494451842,64.59343098091433,47.77807367953839,43.6,-0.2,335.5999092353029,0.37427987260128154,-0.24639004025634262,0.03901444208810982,-0.04015154533851981,0.6138286839982741,0.31716983517936814,-0.24393663852837671,0.04711067885867935
2013.0,10.0,13.0,2.0,6.0,2.0,132.0,32.0,43.6,1.7,203.49474,0.9525908561550421,-0.943497695732986,-0.2929099150199075,-0.676472433621924,0.04688040872943304,0.3434459492385126,0.12687501343204968,0.537836311834845
2013.0,10.0,13.0,4.605636928539725,26.6271637816245,30.36462494451842,64.59343098091433,47.77807367953839,43.6,4.2,335.5999092353029,0.37427987260128154,-0.24639004025634262,0.03901444208810982,-0.04015154533851981,0.6138286839982741,0.31716983517936814,-0.24393663852837671,0.04711067885867935
2013.0,10.0,13.0,11.0,49.0,51.0,38.0,12.0,43.6,6.5,612.8801,-0.8109554292278963,1.4632276697438447,-0.20503311763357432,0.4316670000410859,-0.2748665536146031,-0.06840661332708652,0.20117875142978497,0.08170815622000091
2013.0,10.0,13.0,4.605636928539725,26.6271637816245,30.36462494451842,64.59343098091433,47.77807367953839,43.6,10.9,335.5999092353029,0.37427987260128154,-0.24639004025634262,0.03901444208810982,-0.04015154533851981,0.6138286839982741,0.31716983517936814,-0.24393663852837671,0.04711067885867935
2013.0,10.0,13.0,4.605636928539725,26.6271637816245,30.36462494451842,64.59343098091433,47.77807367953839,43.6,11.6,335.5999092353029,0.37427987260128154,-0.24639004025634262,0.03901444208810982,-0.04015154533851981,0.6138286839982741,0.31716983517936814,-0.24393663852837671,0.04711067885867935
2013.0,10.0,13.0,4.605636928539725,26.6271637816245,30.36462494451842,64.59343098091433,47.77807367953839,43.6,16.9,335.5999092353029,0.37427987260128154,-0.24639004025634262,0.03901444208810982,-0.04015154533851981,0.6138286839982741,0.31716983517936814,-0.24393663852837671,0.04711067885867935
2013.0,10.0,13.0,4.605636928539725,26.6271637816245,30.36462494451842,64.59343098091433,47.77807367953839,43.6,17.2,335.5999092353029,0.37427987260128154,-0.24639004025634262,0.03901444208810982,-0.04015154533851981,0.6138286839982741,0.31716983517936814,-0.24393663852837671,0.04711067885867935
2013.0,10.0,13.0,0.0,24.0,56.0,17.0,74.0,43.6,17.6,1160.0773,1.0632801435937103,-0.4331271300529064,-0.18544429461856768,-0.4336959674902127,0.012203110717284558,-0.03150204790694934,0.1369612503296902,0.1408717267423496
2013.0,10.0,13.0,5.5,36.5,28.5,18.0,65.5,43.6,21.1,273.332515,0.14156730270148532,0.16176454272358243,0.3547483152570675,0.32960569110916654,0.5882644638552188,0.9706903057910861,-0.36654566516260145,-0.2027193254219231
2013.0,10.0,13.0,4.605636928539725,26.6271637816245,30.36462494451842,64.59343098091433,47.77807367953839,43.6,22.0,335.5999092353029,0.37427987260128154,-0.24639004025634262,0.03901444208810982,-0.04015154533851981,0.6138286839982741,0.31716983517936814,-0.24393663852837671,0.04711067885867935
2013.0,10.0,13.0,4.605636928539725,26.6271637816245,30.36462494451842,64.59343098091433,47.77807367953839,43.6,22.7,335.5999092353029,0.37427987260128154,-0.24639004025634262,0.03901444208810982,-0.04015154533851981,0.6138286839982741,0.31716983517936814,-0.24393663852837671,0.04711067885867935
2013.0,10.0,13.0,2.0,5.0,57.0,130.0,27.0,43.7,3.0,734.9105,0.9356247682807284,-0.8654581958913118,-0.4438169628951136,-0.6889667373114015,0.11222672662579254,0.22128660782322035,0.574296728478532,-0.8129791592338895
2013.0,10.0,13.0,4.605636928539725,26.6271637816245,30.36462494451842,64.59343098091433,47.77807367953839,43.7,3.9,335.5999092353029,0.37427987260128154,-0.24639004025634262,0.03901444208810982,-0.04015154533851981,0.6138286839982741,0.31716983517936814,-0.24393663852837671,0.04711067885867935
2013.0,10.0,13.0,0.0,25.0,2.0,19.0,90.0,43.7,11.3,297.4472,1.1217009651710041,-2.1627183332737205,-0.3131251131076788,-0.8614247906736772,-0.07897943397569655,-0.4996003287738775,-0.7758271106237343,-0.6312435934030937
2013.0,10.0,13.0,4.605636928539725,26.6271637816245,30.36462494451842,64.59343098091433,47.77807367953839,43.7,12.8,335.5999092353029,0.37427987260128154,-0.24639004025634262,0.03901444208810982,-0.04015154533851981,0.6138286839982741,0.31716983517936814,-0.24393663852837671,0.04711067885867935
2013.0,10.0,13.0,4.605636928539725,26.6271637816245,30.36462494451842,64.59343098091433,47.77807367953839,43.7,16.6,335.5999092353029,0.37427987260128154,-0.24639004025634262,0.03901444208810982,-0.04015154533851981,0.6138286839982741,0.31716983517936814,-0.24393663852837671,0.04711067885867935
2013.0,10.0,13.0,5.5,36.5,35.0,20.5,65.5,43.7,18.2,1453.2739,0.14899760286960523,-0.054856990561515384,0.05669196642628233,-0.0009942951521597632,0.7534641343403705,0.24534038210430506,-0.3109827495881479,-0.2151411852352481
2013.0,10.0,13.0,4.605636928539725,26.6271637816245,30.36462494451842,64.59343098091433,47.77807367953839,43.7,19.2,335.5999092353029,0.37427987260128154,-0.24639004025634262,0.03901444208810982,-0.04015154533851981,0.6138286839982741,0.31716983517936814,-0.24393663852837671,0.04711067885867935
2013.0,10.0,13.0,4.605636928539725,26.6271637816245,30.36462494451842,64.59343098091433,47.77807367953839,43.7,19.8,335.5999092353029,0.37427987260128154,-0.24639004025634262,0.03901444208810982,-0.04015154533851981,0.6138286839982741,0.31716983517936814,-0.24393663852837671,0.04711067885867935
2013.0,10.0,13.0,11.0,49.0,12.0,23.0,70.0,43.7,20.8,281.1638,-0.7401076645698281,1.021464239517788,0.6073552110591951,0.8571613520308594,0.4937054657868787,0.730172176639171,-0.5081701122021576,-0.5650134618220385
2013.0,10.0,13.0,4.605636928539725,26.6271637816245,30.36462494451842,64.59343098091433,47.77807367953839,43.7,21.3,335.5999092353029,0.37427987260128154,-0.24639004025634262,0.03901444208810982,-0.04015154533851981,0.6138286839982741,0.31716983517936814,-0.24393663852837671,0.04711067885867935
2013.0,10.0,13.0,4.605636928539725,26.6271637816245,30.36462494451842,64.59343098091433,47.77807367953839,43.7,22.3,335.5999092353029,0.37427987260128154,-0.24639004025634262,0.03901444208810982,-0.04015154533851981,0.6138286839982741,0.31716983517936814,-0.24393663852837671,0.04711067885867935
2013.0,10.0,13.0,11.0,50.0,2.0,42.0,8.0,43.8,4.5,38.486866,-0.8113319538385027,0.8871582792714141,0.07429491863183188,0.7099462820598267,0.5477736238518368,0.31740513537101783,-0.2599671520656091,-0.2125483925544926
2013.0,10.0,13.0,13.0,30.0,33.0,8.0,93.0,43.8,4.7,54.395016,-0.6610301351144465,1.0430863485151045,0.3944390450484566,0.6823153943246185,0.03823886641308913,0.22764417010719978,-0.6567943065221247,-1.4664845134513753
2013.0,10.0,13.0,13.0,30.0,33.0,8.0,94.0,43.8,5.5,373.9033,-0.6536233732443905,2.0745762443071145,0.2444071096141388,0.5707711091630252,-0.0751872283477059,0.003178028846536832,-0.5633143634115417,-0.6450658534552538
2013.0,10.0,13.0,11.0,49.0,41.0,34.0,24.0,43.8,10.3,46.898735,-0.7941199039731819,1.3714142921762684,0.07087402454475071,0.24753429902893723,0.21046820954137302,0.497454354031835,-0.08808127967450056,3.6365762093802485
2013.0,10.0,13.0,0.0,24.0,59.0,18.0,88.0,43.8,12.4,487.2847,1.110179100506242,-1.2728516670154288,-0.10299339577248048,-0.5326563117008556,0.3433306718282036,-0.2305628317848905,-0.7758271106237343,-1.7092338666434448
2013.0,10.0,13.0,4.605636928539725,26.6271637816245,30.36462494451842,64.59343098091433,47.77807367953839,43.8,14.5,335.5999092353029,0.37427987260128154,-0.24639004025634262,0.03901444208810982,-0.04015154533851981,0.6138286839982741,0.31716983517936814,-0.24393663852837671,0.04711067885867935
2013.0,10.0,13.0,4.605636928539725,26.6271637816245,30.36462494451842,64.59343098091433,47.77807367953839,43.8,19.9,335.5999092353029,0.37427987260128154,-0.24639004025634262,0.03901444208810982,-0.04015154533851981,0.6138286839982741,0.31716983517936814,-0.24393663852837671,0.04711067885867935
2013.0,10.0,13.0,0.0,24.0,45.0,13.0,59.0,43.8,21.4,171.54108,1.018904501049495,-0.03721496934927693,0.059300184172986686,-0.21213284569788315,0.5458631899551131,1.4023638065226782,0.07294887148421217,-0.7306012079193152
2013.0,10.0,13.0,11.0,50.0,20.0,49.0,2.0,43.9,0.6,151.4932,-0.8138510806818828,0.885473651777489,-0.07866345725496653,0.6336924290035795,0.22387933732779813,0.3789182614249226,0.497423135713707,-0.20795085855615908
2013.0,10.0,13.0,4.605636928539725,26.6271637816245,30.36462494451842,64.59343098091433,47.77807367953839,43.9,3.9,335.5999092353029,0.37427987260128154,-0.24639004025634262,0.03901444208810982,-0.04015154533851981,0.6138286839982741,0.31716983517936814,-0.24393663852837671,0.04711067885867935
2013.0,10.0,13.0,4.605636928539725,26.6271637816245,30.36462494451842,64.59343098091433,47.77807367953839,43.9,7.2,335.5999092353029,0.37427987260128154,-0.24639004025634262,0.03901444208810982,-0.04015154533851981,0.6138286839982741,0.31716983517936814,-0.24393663852837671,0.04711067885867935
2013.0,10.0,13.0,4.605636928539725,26.6271637816245,30.36462494451842,64.59343098091433,47.77807367953839,43.9,7.9,335.5999092353029,0.37427987260128154,-0.24639004025634262,0.03901444208810982,-0.04015154533851981,0.6138286839982741,0.31716983517936814,-0.24393663852837671,0.04711067885867935
2013.0,10.0,13.0,4.605636928539725,26.6271637816245,30.36462494451842,64.59343098091433,47.77807367953839,43.9,12.6,335.5999092353029,0.37427987260128154,-0.24639004025634262,0.03901444208810982,-0.04015154533851981,0.6138286839982741,0.31716983517936814,-0.24393663852837671,0.04711067885867935
2013.0,10.0,13.0,0.0,24.0,54.0,16.0,80.0,43.9,15.8,120.31198,1.0767485461657977,-1.427143472808852,0.32029718273830377,-0.05398122228408239,1.0643784826723621,0.6492142906685142,0.2280681072831505,-0.4997920834379128
2013.0,10.0,13.0,4.605636928539725,26.6271637816245,30.36462494451842,64.59343098091433,47.77807367953839,43.9,17.5,335.5999092353029,0.37427987260128154,-0.24639004025634262,0.03901444208810982,-0.04015154533851981,0.6138286839982741,0.31716983517936814,-0.24393663852837671,0.04711067885867935
2013.0,10.0,13.0,0.0,24.0,51.0,15.0,74.0,43.9,17.7,1172.0127,1.0574116579892763,-0.5061749305208052,-0.082037020749738,-0.40794342453148574,0.890841390531718,0.06686227616953018,0.0903851459424605,0.49940740277433027
2013.0,10.0,13.0,4.605636928539725,26.6271637816245,30.36462494451842,64.59343098091433,47.77807367953839,44.0,0.8,335.5999092353029,0.37427987260128154,-0.24639004025634262,0.03901444208810982,-0.04015154533851981,0.6138286839982741,0.31716983517936814,-0.24393663852837671,0.04711067885867935
2013.0,10.0,13.0,2.0,5.0,54.0,129.0,30.0,44.0,2.3,424.2387,0.93991191223151,-0.4239225881406718,-0.5086649095356484,-0.6985861882905295,0.1602372617326235,0.44817220143003034,1.5376989947234692,-0.9821414073525041
2013.0,10.0,13.0,4.605636928539725,26.6271637816245,30.36462494451842,64.59343098091433,47.77807367953839,44.0,2.8,335.5999092353029,0.37427987260128154,-0.24639004025634262,0.03901444208810982,-0.04015154533851981,0.6138286839982741,0.31716983517936814,-0.24393663852837671,0.04711067885867935
2013.0,10.0,13.0,2.0,5.0,51.0,128.0,27.0,44.0,3.1,672.81195,0.9301651173477267,-0.14631920082997452,-0.6165132028110232,-0.7499216901997898,0.08309983181218032,0.20266914031117236,1.2172156662963907,0.24110385909681553
2013.0,10.0,13.0,4.605636928539725,26.6271637816245,30.36462494451842,64.59343098091433,47.77807367953839,44.0,4.4,335.5999092353029,0.37427987260128154,-0.24639004025634262,0.03901444208810982,-0.04015154533851981,0.6138286839982741,0.31716983517936814,-0.24393663852837671,0.04711067885867935
2013.0,10.0,13.0,2.0,5.0,46.0,126.0,20.0,44.0,5.0,111.077614,0.9061948430269892,-0.6751248302605821,-0.15529873544962008,-0.4928872466933752,0.46929586056251354,0.6999744399876713,1.8592622275962554,-0.6784454757612688
2013.0,10.0,13.0,13.0,30.0,35.0,9.0,94.0,44.0,5.5,569.98615,-0.6509074327289947,1.3828934083674307,0.1616349669606373,0.5287094298733298,-0.1472986469862277,-0.0856671544815755,-0.542615157560237,-0.9923167135433377
2013.0,10.0,13.0,4.605636928539725,26.6271637816245,30.36462494451842,64.59343098091433,47.77807367953839,44.0,7.6,335.5999092353029,0.37427987260128154,-0.24639004025634262,0.03901444208810982,-0.04015154533851981,0.6138286839982741,0.31716983517936814,-0.24393663852837671,0.04711067885867935
2013.0,10.0,13.0,4.605636928539725,26.6271637816245,30.36462494451842,64.59343098091433,47.77807367953839,44.0,8.2,335.5999092353029,0.37427987260128154,-0.24639004025634262,0.03901444208810982,-0.04015154533851981,0.6138286839982741,0.31716983517936814,-0.24393663852837671,0.04711067885867935
2013.0,10.0,13.0,11.0,49.0,43.0,35.0,24.0,44.0,10.3,416.936,-0.7910713858194082,0.9928229669848957,-0.03278802889547298,0.14422533632244505,0.17651468149151966,0.39436431106228725,-0.08300429420397717,2.777627012859718
2013.0,10.0,13.0,0.0,24.0,56.0,17.0,89.0,44.0,11.9,528.4114,1.1113800385788215,-1.1351465911395762,-0.29950397285983416,-0.7550980401642124,0.004673358713675268,-0.46867030541443266,-0.7758271106237343,-1.1822843344205363
2013.0,10.0,13.0,11.0,49.0,25.0,28.0,52.0,44.0,16.6,1186.6687,-0.7614240619026494,0.8888863003342922,0.1678926754849679,0.4928432196830205,0.6628243102645465,0.11338880743370472,0.063255730398599,-0.43550162137685766
2013.0,10.0,13.0,4.605636928539725,26.6271637816245,30.36462494451842,64.59343098091433,47.77807367953839,44.0,18.2,335.5999092353029,0.37427987260128154,-0.24639004025634262,0.03901444208810982,-0.04015154533851981,0.6138286839982741,0.31716983517936814,-0.24393663852837671,0.04711067885867935
2013.0,10.0,13.0,4.605636928539725,26.6271637816245,30.36462494451842,64.59343098091433,47.77807367953839,44.0,20.3,335.5999092353029,0.37427987260128154,-0.24639004025634262,0.03901444208810982,-0.04015154533851981,0.6138286839982741,0.31716983517936814,-0.24393663852837671,0.04711067885867935
2013.0,10.0,13.0,11.0,49.0,17.0,25.0,71.0,44.0,20.9,243.68816,-0.7320693137413228,1.1826566594442074,0.511830998395461,0.9497784467921147,0.5372470664539247,0.9992558080817282,-0.6470700351438348,-0.6715583425461327
2013.0,10.0,13.0,4.605636928539725,26.6271637816245,30.36462494451842,64.59343098091433,47.77807367953839,44.0,21.4,335.5999092353029,0.37427987260128154,-0.24639004025634262,0.03901444208810982,-0.04015154533851981,0.6138286839982741,0.31716983517936814,-0.24393663852837671,0.04711067885867935
2013.0,10.0,13.0,4.605636928539725,26.6271637816245,30.36462494451842,64.59343098091433,47.77807367953839,44.0,22.5,335.5999092353029,0.37427987260128154,-0.24639004025634262,0.03901444208810982,-0.04015154533851981,0.6138286839982741,0.31716983517936814,-0.24393663852837671,0.04711067885867935
2013.0,10.0,13.0,4.605636928539725,26.6271637816245,30.36462494451842,64.59343098091433,47.77807367953839,44.0,23.0,335.5999092353029,0.37427987260128154,-0.24639004025634262,0.03901444208810982,-0.04015154533851981,0.6138286839982741,0.31716983517936814,-0.24393663852837671,0.04711067885867935
2013.0,10.0,13.0,0.0,24.0,32.0,8.0,42.0,44.0,25.0,89.38279,0.9720518273073143,-0.2044233805582285,-0.2574421818002561,-0.3654198307051838,0.3893482813147447,1.2301772541127494,-0.6707975707064764,-0.15034884907015922
2013.0,10.0,13.0,2.0,6.0,8.0,134.0,54.0,44.1,-2.9,0.0,1.001953179710484,-0.5788439185933622,0.17414736290766328,0.2616953712561021,0.4981320103924883,0.6359239189873902,1.8541668354159886,0.8932770860831336
2013.0,10.0,13.0,2.0,6.0,0.0,131.0,41.0,44.1,-0.1,144.08109,0.9685466485394124,-1.0755794302619397,-0.299824209633372,-0.49026757753821254,0.32247316374049917,0.8096953332331122,1.2148506027279873,0.1341361630622085
2013.0,10.0,13.0,2.0,6.0,0.0,131.0,39.0,44.1,0.3,101.46974,0.9645204535109898,-0.6225955675086263,-0.3216466337920857,-0.54328519130019,0.295436193349224,0.7754058354551928,0.9328681079355022,-0.5322879963159135
2013.0,10.0,13.0,2.0,5.0,54.0,129.0,32.0,44.1,1.9,262.47272,0.9443947678740603,-0.44627950722157994,-0.45002431972549356,-0.7138107945119404,0.15159637311479005,0.5145598104412703,1.187011226705697,-0.5039704474383948
2013.0,10.0,13.0,4.605636928539725,26.6271637816245,30.36462494451842,64.59343098091433,47.77807367953839,44.1,2.4,335.5999092353029,0.37427987260128154,-0.24639004025634262,0.03901444208810982,-0.04015154533851981,0.6138286839982741,0.31716983517936814,-0.24393663852837671,0.04711067885867935
2013.0,10.0,13.0,4.605636928539725,26.6271637816245,30.36462494451842,64.59343098091433,47.77807367953839,44.1,2.8,335.5999092353029,0.37427987260128154,-0.24639004025634262,0.03901444208810982,-0.04015154533851981,0.6138286839982741,0.31716983517936814,-0.24393663852837671,0.04711067885867935
2013.0,10.0,13.0,2.0,5.0,46.0,126.0,22.0,44.1,4.5,195.65326,0.9118539523845981,-0.016831762040343645,-0.15288185413993322,-0.5565999585721707,0.4677981367061231,0.6197497529881657,0.660735145050259,-0.5622932547926595
2013.0,10.0,13.0,13.0,30.0,38.0,10.0,93.0,44.1,4.7,122.93786,-0.655565370993101,1.476130015259313,0.2737319361716719,0.5922259088283568,-0.030726829282004348,0.14011199417943435,-0.4318454322407086,0.3028968753068164
2013.0,10.0,13.0,2.0,5.0,43.0,125.0,20.0,44.1,5.1,301.99643,0.9034925670666492,0.0032738167372176052,-0.3020396841672507,-0.5524677615724891,0.34436188122840294,0.5772282526841643,2.455270164847461,-0.7029501809497158
2013.0,10.0,13.0,4.605636928539725,26.6271637816245,30.36462494451842,64.59343098091433,47.77807367953839,44.1,6.0,335.5999092353029,0.37427987260128154,-0.24639004025634262,0.03901444208810982,-0.04015154533851981,0.6138286839982741,0.31716983517936814,-0.24393663852837671,0.04711067885867935
2013.0,10.0,13.0,11.0,49.0,59.0,41.0,13.0,44.1,6.6,1759.5602,-0.7989027186388155,1.7526357613253087,-0.6399962258362651,0.08537968547884112,-0.1433887253418593,-0.6101681932446135,-0.12290825322454735,-0.915642639122397
2013.0,10.0,13.0,4.605636928539725,26.6271637816245,30.36462494451842,64.59343098091433,47.77807367953839,44.1,7.6,335.5999092353029,0.37427987260128154,-0.24639004025634262,0.03901444208810982,-0.04015154533851981,0.6138286839982741,0.31716983517936814,-0.24393663852837671,0.04711067885867935
2013.0,10.0,13.0,0.0,24.0,54.0,16.0,90.0,44.1,11.4,649.95856,1.112778010719465,-1.5165294643387894,-0.36845256145580635,-0.8270929119860834,-0.09795740799242016,-0.44410227533168367,-0.7758271106237343,0.4259688636518243
2013.0,10.0,13.0,4.605636928539725,26.6271637816245,30.36462494451842,64.59343098091433,47.77807367953839,44.1,12.3,335.5999092353029,0.37427987260128154,-0.24639004025634262,0.03901444208810982,-0.04015154533851981,0.6138286839982741,0.31716983517936814,-0.24393663852837671,0.04711067885867935
2013.0,10.0,13.0,5.5,36.5,40.5,22.5,64.0,44.1,15.5,133.471115,0.1562626610997705,-0.23762656495737783,0.4012979527985737,0.2469290456282605,0.9521177060754054,0.5087604229161671,-0.12094461704242515,-0.011870021813675857
2013.0,10.0,13.0,4.605636928539725,26.6271637816245,30.36462494451842,64.59343098091433,47.77807367953839,44.1,17.1,335.5999092353029,0.37427987260128154,-0.24639004025634262,0.03901444208810982,-0.04015154533851981,0.6138286839982741,0.31716983517936814,-0.24393663852837671,0.04711067885867935
2013.0,10.0,13.0,4.605636928539725,26.6271637816245,30.36462494451842,64.59343098091433,47.77807367953839,44.1,17.7,335.5999092353029,0.37427987260128154,-0.24639004025634262,0.03901444208810982,-0.04015154533851981,0.6138286839982741,0.31716983517936814,-0.24393663852837671,0.04711067885867935
2013.0,10.0,13.0,4.605636928539725,26.6271637816245,30.36462494451842,64.59343098091433,47.77807367953839,44.1,19.8,335.5999092353029,0.37427987260128154,-0.24639004025634262,0.03901444208810982,-0.04015154533851981,0.6138286839982741,0.31716983517936814,-0.24393663852837671,0.04711067885867935
2013.0,10.0,13.0,4.605636928539725,26.6271637816245,30.36462494451842,64.59343098091433,47.77807367953839,44.1,20.9,335.5999092353029,0.37427987260128154,-0.24639004025634262,0.03901444208810982,-0.04015154533851981,0.6138286839982741,0.31716983517936814,-0.24393663852837671,0.04711067885867935
2013.0,10.0,13.0,4.605636928539725,26.6271637816245,30.36462494451842,64.59343098091433,47.77807367953839,44.1,21.9,335.5999092353029,0.37427987260128154,-0.24639004025634262,0.03901444208810982,-0.04015154533851981,0.6138286839982741,0.31716983517936814,-0.24393663852837671,0.04711067885867935
2013.0,10.0,13.0,0.0,24.0,37.0,10.0,54.0,44.1,22.5,165.3033,1.0006742214364563,-0.7565150031540002,-0.21916985922748886,-0.30028988104361953,0.4911987834218939,1.8799232994243804,0.32992651320283606,0.3017762662498857
2013.0,10.0,13.0,4.605636928539725,26.6271637816245,30.36462494451842,64.59343098091433,47.77807367953839,44.2,2.3,335.5999092353029,0.37427987260128154,-0.24639004025634262,0.03901444208810982,-0.04015154533851981,0.6138286839982741,0.31716983517936814,-0.24393663852837671,0.04711067885867935
2013.0,10.0,13.0,7.5,17.5,43.5,68.5,58.0,44.2,4.0,474.94592,0.1287029285618831,0.7324755524456403,-0.20798775503467115,-0.20561355189713737,0.029117861381596985,0.04525212920955666,0.08591186303183185,-0.6786467228321554
2013.0,10.0,13.0,4.605636928539725,26.6271637816245,30.36462494451842,64.59343098091433,47.77807367953839,44.2,4.4,335.5999092353029,0.37427987260128154,-0.24639004025634262,0.03901444208810982,-0.04015154533851981,0.6138286839982741,0.31716983517936814,-0.24393663852837671,0.04711067885867935
2013.0,10.0,13.0,2.0,5.0,41.0,124.0,19.0,44.2,5.5,914.568,0.8978815040477857,-0.9918494763060223,-0.6334837377405406,-0.6835658904218423,0.04274390512445032,0.2975310904540925,3.508455969209559,-0.3081848260355484
2013.0,10.0,13.0,11.0,49.0,54.0,39.0,17.0,44.2,8.0,831.9131,-0.7946107259749499,1.4849322167115018,-0.18428620565767487,0.26797805498826965,-0.5120032812317451,0.007639126248150407,-0.07286680984827563,0.3642666189277621
2013.0,10.0,13.0,0.0,24.0,54.0,16.0,91.0,44.2,10.8,955.7316,1.117284007947191,-0.824202012229498,-0.38705147016772395,-0.826996814381439,-0.0761675246908429,-0.4605931269867734,-0.7758271106237343,-0.5550473724705742
2013.0,10.0,13.0,4.605636928539725,26.6271637816245,30.36462494451842,64.59343098091433,47.77807367953839,44.2,11.4,335.5999092353029,0.37427987260128154,-0.24639004025634262,0.03901444208810982,-0.04015154533851981,0.6138286839982741,0.31716983517936814,-0.24393663852837671,0.04711067885867935
2013.0,10.0,13.0,1.0,14.0,53.0,61.0,40.5,44.2,15.5,229.559935,0.9178813876197802,-0.3474281187843199,0.1724399369657579,-0.2216016899268755,0.7391661136710482,0.45706083797960095,0.3037993363833566,-0.5794818444667069
2013.0,10.0,13.0,11.0,49.0,25.0,28.0,60.0,44.2,18.2,985.0387,-0.7468134347655135,1.1842928841835532,0.3483833576246185,0.5761872993676094,0.6978444480031635,0.4390113846367254,-0.3623903173325499,-1.0674733278003723
2013.0,10.0,13.0,4.605636928539725,26.6271637816245,30.36462494451842,64.59343098091433,47.77807367953839,44.2,19.3,335.5999092353029,0.37427987260128154,-0.24639004025634262,0.03901444208810982,-0.04015154533851981,0.6138286839982741,0.31716983517936814,-0.24393663852837671,0.04711067885867935
2013.0,10.0,13.0,11.0,49.0,20.0,26.0,71.0,44.2,20.9,224.3077,-0.7292186010417865,1.412598797296213,0.5034273006749016,0.9656725060744505,0.5306054895879825,1.07441652202364,-0.6482007897804865,0.4068733833318946
2013.0,10.0,13.0,4.605636928539725,26.6271637816245,30.36462494451842,64.59343098091433,47.77807367953839,44.2,22.5,335.5999092353029,0.37427987260128154,-0.24639004025634262,0.03901444208810982,-0.04015154533851981,0.6138286839982741,0.31716983517936814,-0.24393663852837671,0.04711067885867935
2013.0,10.0,13.0,4.605636928539725,26.6271637816245,30.36462494451842,64.59343098091433,47.77807367953839,44.2,25.0,335.5999092353029,0.37427987260128154,-0.24639004025634262,0.03901444208810982,-0.04015154533851981,0.6138286839982741,0.31716983517936814,-0.24393663852837671,0.04711067885867935
2013.0,10.0,13.0,4.605636928539725,26.6271637816245,30.36462494451842,64.59343098091433,47.77807367953839,44.3,3.8,335.5999092353029,0.37427987260128154,-0.24639004025634262,0.03901444208810982,-0.04015154533851981,0.6138286839982741,0.31716983517936814,-0.24393663852837671,0.04711067885867935
2013.0,10.0,13.0,2.0,5.0,41.0,124.0,21.0,44.3,4.9,180.07593,0.9036589660838631,-1.1111024554716111,-0.3424741084783107,-0.5717147389597049,0.3256559212187683,0.5082793995598717,2.369732595603763,-1.0530790136016766
2013.0,10.0,13.0,4.605636928539725,26.6271637816245,30.36462494451842,64.59343098091433,47.77807367953839,44.3,7.2,335.5999092353029,0.37427987260128154,-0.24639004025634262,0.03901444208810982,-0.04015154533851981,0.6138286839982741,0.31716983517936814,-0.24393663852837671,0.04711067885867935
2013.0,10.0,13.0,4.605636928539725,26.6271637816245,30.36462494451842,64.59343098091433,47.77807367953839,44.3,10.7,335.5999092353029,0.37427987260128154,-0.24639004025634262,0.03901444208810982,-0.04015154533851981,0.6138286839982741,0.31716983517936814,-0.24393663852837671,0.04711067885867935
2013.0,10.0,13.0,0.0,24.0,51.0,15.0,89.0,44.3,12.0,40.582912,1.1054205294060306,-1.0443070748134846,-0.12204144159444764,-0.5486771552178863,0.07879321574098408,-0.21465296146883261,-0.7278805273793669,-0.5286059005033048
2013.0,10.0,13.0,0.0,24.0,46.0,13.0,79.0,44.3,16.2,885.96716,1.0649672753510222,-1.156183153707575,-0.10925916056784592,-0.5013575641312594,-0.003593815494197116,-0.020449262385651295,0.5914114593465594,-0.41700091644922627
2013.0,10.0,13.0,4.605636928539725,26.6271637816245,30.36462494451842,64.59343098091433,47.77807367953839,44.3,17.1,335.5999092353029,0.37427987260128154,-0.24639004025634262,0.03901444208810982,-0.04015154533851981,0.6138286839982741,0.31716983517936814,-0.24393663852837671,0.04711067885867935
2013.0,10.0,13.0,0.0,24.0,43.0,12.0,73.0,44.3,18.1,787.597,1.0463367565124737,-1.5654802731304054,0.08409537234261419,-0.38388349148312256,0.8401908185637746,0.4748857442504369,-0.38715674392517296,-0.4718492007270245
2013.0,10.0,13.0,0.0,24.0,40.0,11.0,67.0,44.3,19.7,430.05786,1.0297188943960371,-2.005461853389535,0.3056287272562611,-0.21870059207240278,0.8137474567044686,1.0271155444590627,-0.5739189456149635,-0.5762873508519812
2013.0,10.0,13.0,0.0,24.0,37.0,10.0,60.0,44.3,21.3,186.36313,1.0124094294769308,-1.1258930118782844,0.0070190133089459055,-0.16006167221021406,0.5720793915820457,1.554656113901831,0.16688634492612023,-0.1603699538123925
2013.0,10.0,13.0,4.605636928539725,26.6271637816245,30.36462494451842,64.59343098091433,47.77807367953839,44.4,-0.7,335.5999092353029,0.37427987260128154,-0.24639004025634262,0.03901444208810982,-0.04015154533851981,0.6138286839982741,0.31716983517936814,-0.24393663852837671,0.04711067885867935
2013.0,10.0,13.0,2.0,5.0,54.0,129.0,39.0,44.4,0.4,79.88921,0.9590167233681299,-0.7414922248152228,-0.4630553381202189,-0.6123381843513291,0.10067929329259585,0.7078612160518661,1.2855043387385763,-0.6516087794829437
2013.0,10.0,13.0,2.0,5.0,52.0,128.0,37.0,44.4,0.9,120.5831,0.952199653167553,-0.7311931035402229,-0.5532785244447069,-0.7315646250841467,-0.022086544078180476,0.5099721691006256,0.9500389638189686,-1.0287006984130298
2013.0,10.0,13.0,7.5,17.5,42.0,68.0,57.5,44.4,4.6,205.45634,0.12811118720914555,0.18176461064986071,-0.15727554295416582,-0.13784374450800682,0.13709243741468324,0.22652814639773447,0.8401776118322917,-0.36356530009701127
2013.0,10.0,13.0,4.605636928539725,26.6271637816245,30.36462494451842,64.59343098091433,47.77807367953839,44.4,9.3,335.5999092353029,0.37427987260128154,-0.24639004025634262,0.03901444208810982,-0.04015154533851981,0.6138286839982741,0.31716983517936814,-0.24393663852837671,0.04711067885867935
2013.0,10.0,13.0,4.605636928539725,26.6271637816245,30.36462494451842,64.59343098091433,47.77807367953839,44.4,10.4,335.5999092353029,0.37427987260128154,-0.24639004025634262,0.03901444208810982,-0.04015154533851981,0.6138286839982741,0.31716983517936814,-0.24393663852837671,0.04711067885867935
2013.0,10.0,13.0,11.0,49.0,36.0,32.0,47.0,44.4,15.4,908.6892,-0.7583941451754357,0.6140723821487495,0.31969900461415535,0.3940250030221066,0.5044331611879997,-0.009602322540665861,-0.58527044296683,-0.1843076707015908
2013.0,10.0,13.0,4.605636928539725,26.6271637816245,30.36462494451842,64.59343098091433,47.77807367953839,44.4,16.5,335.5999092353029,0.37427987260128154,-0.24639004025634262,0.03901444208810982,-0.04015154533851981,0.6138286839982741,0.31716983517936814,-0.24393663852837671,0.04711067885867935
2013.0,10.0,13.0,4.605636928539725,26.6271637816245,30.36462494451842,64.59343098091433,47.77807367953839,44.4,17.0,335.5999092353029,0.37427987260128154,-0.24639004025634262,0.03901444208810982,-0.04015154533851981,0.6138286839982741,0.31716983517936814,-0.24393663852837671,0.04711067885867935
2013.0,10.0,13.0,5.5,36.5,34.0,20.0,66.5,44.4,18.4,459.76614500000005,0.1495528686761856,0.08479100189334099,0.3300110315354844,0.18239465885261585,0.7507550568596569,0.6838776208760008,-0.46711175011629125,-0.03130642261252621
2013.0,10.0,13.0,7.5,18.0,30.5,75.0,67.0,44.5,-5.4,0.0,0.14713624803533,0.31078017917856304,0.20719922185151007,0.25151185156400335,0.14066276268288447,0.7049856972642786,1.036572305161204,1.2422475488416964
2013.0,10.0,13.0,6.5,27.5,30.5,86.5,16.5,44.5,3.5,1047.76497,0.061678208873804596,0.4038039777851099,-0.7378471902775137,-0.4596265736575445,0.02493860337980747,-0.21625131176774554,0.7666756692281409,0.11629752530072401
2013.0,10.0,13.0,6.5,27.5,28.0,85.5,16.0,44.5,4.1,645.3608999999999,0.05795315198732903,0.06363303065031012,-0.5763864273500077,-0.367023610896971,0.13314577037135378,0.019791710226175076,0.8612029739864506,-0.31146276040781473
2013.0,10.0,13.0,4.605636928539725,26.6271637816245,30.36462494451842,64.59343098091433,47.77807367953839,44.5,5.4,335.5999092353029,0.37427987260128154,-0.24639004025634262,0.03901444208810982,-0.04015154533851981,0.6138286839982741,0.31716983517936814,-0.24393663852837671,0.04711067885867935
2013.0,10.0,13.0,2.0,5.0,35.0,122.0,18.0,44.5,5.9,992.8333,0.8895049114024353,-0.6664653367272624,-1.0601891681351354,-0.933965561493355,-0.2775702757959811,-0.1343328778026218,2.986812242839416,-0.8769046547292414
2013.0,10.0,13.0,2.0,5.0,30.0,120.0,15.0,44.5,7.0,2196.0752,0.8744818350986591,-0.48313749203067163,-1.4163015236092942,-1.3409752565898967,-0.6487284731589412,-0.6846097831334123,0.2836747332756446,-0.6797328595755517
2013.0,10.0,13.0,4.605636928539725,26.6271637816245,30.36462494451842,64.59343098091433,47.77807367953839,44.5,16.5,335.5999092353029,0.37427987260128154,-0.24639004025634262,0.03901444208810982,-0.04015154533851981,0.6138286839982741,0.31716983517936814,-0.24393663852837671,0.04711067885867935
2013.0,10.0,13.0,4.605636928539725,26.6271637816245,30.36462494451842,64.59343098091433,47.77807367953839,44.5,20.4,335.5999092353029,0.37427987260128154,-0.24639004025634262,0.03901444208810982,-0.04015154533851981,0.6138286839982741,0.31716983517936814,-0.24393663852837671,0.04711067885867935
2013.0,10.0,13.0,4.605636928539725,26.6271637816245,30.36462494451842,64.59343098091433,47.77807367953839,44.5,21.5,335.5999092353029,0.37427987260128154,-0.24639004025634262,0.03901444208810982,-0.04015154533851981,0.6138286839982741,0.31716983517936814,-0.24393663852837671,0.04711067885867935
2013.0,10.0,13.0,2.0,5.0,52.0,128.0,40.0,44.6,0.3,82.66764,0.9582197712538988,-1.4605149905531674,-0.5217503077598418,-0.6418239981190337,0.01868126295561958,0.6381312049764393,1.4231099433434764,-0.21344433654145534
2013.0,10.0,13.0,13.0,30.0,46.0,13.0,93.0,44.6,4.6,298.22348,-0.6476507064274571,1.063915937306801,-0.010399651696744491,0.2326803549968625,0.007257881485901679,0.0799806862362861,0.3842735375904782,-0.8203115930778981
2013.0,10.0,13.0,11.0,50.0,2.0,42.0,17.0,44.6,7.8,315.89008,-0.7855334281700934,0.4107608618233933,-0.34697957805311747,0.28572784784599614,-0.32592168953374956,-0.21220118894052337,-0.4176187229594995,-0.7832873477668225
2013.0,10.0,13.0,2.0,5.0,19.0,116.0,9.0,44.6,9.6,905.19763,0.8399120535794367,-1.279058309137151,-0.3342385854155493,-0.689960015073684,-0.06934266081947733,-0.2860838221305544,-0.7758271106237343,-1.0805251561889626
2013.0,10.0,13.0,4.605636928539725,26.6271637816245,30.36462494451842,64.59343098091433,47.77807367953839,44.6,16.1,335.5999092353029,0.37427987260128154,-0.24639004025634262,0.03901444208810982,-0.04015154533851981,0.6138286839982741,0.31716983517936814,-0.24393663852837671,0.04711067885867935
2013.0,10.0,13.0,4.605636928539725,26.6271637816245,30.36462494451842,64.59343098091433,47.77807367953839,44.7,-4.0,335.5999092353029,0.37427987260128154,-0.24639004025634262,0.03901444208810982,-0.04015154533851981,0.6138286839982741,0.31716983517936814,-0.24393663852837671,0.04711067885867935
2013.0,10.0,13.0,4.605636928539725,26.6271637816245,30.36462494451842,64.59343098091433,47.77807367953839,44.7,-2.4,335.5999092353029,0.37427987260128154,-0.24639004025634262,0.03901444208810982,-0.04015154533851981,0.6138286839982741,0.31716983517936814,-0.24393663852837671,0.04711067885867935
2013.0,10.0,13.0,4.605636928539725,26.6271637816245,30.36462494451842,64.59343098091433,47.77807367953839,44.7,-0.8,335.5999092353029,0.37427987260128154,-0.24639004025634262,0.03901444208810982,-0.04015154533851981,0.6138286839982741,0.31716983517936814,-0.24393663852837671,0.04711067885867935
2013.0,10.0,13.0,4.605636928539725,26.6271637816245,30.36462494451842,64.59343098091433,47.77807367953839,44.7,0.8,335.5999092353029,0.37427987260128154,-0.24639004025634262,0.03901444208810982,-0.04015154533851981,0.6138286839982741,0.31716983517936814,-0.24393663852837671,0.04711067885867935
2013.0,10.0,13.0,13.0,30.0,51.0,15.0,87.0,44.7,1.0,203.31651,-0.6762435013671797,1.1126267440108186,0.16146377120120406,0.2337729605353751,0.25939610993858714,0.7157287042654157,2.0761060691968716,-0.6622310205123001
2013.0,10.0,13.0,2.0,5.0,41.0,124.0,28.0,44.7,3.1,1173.0325,0.9216789878658797,0.3707624778391363,-0.9306272103599773,-0.8831339663513014,-0.15126302674496478,-0.7834902526996259,0.5112572126611916,-0.52511520822369
2013.0,10.0,13.0,4.605636928539725,26.6271637816245,30.36462494451842,64.59343098091433,47.77807367953839,44.7,5.3,335.5999092353029,0.37427987260128154,-0.24639004025634262,0.03901444208810982,-0.04015154533851981,0.6138286839982741,0.31716983517936814,-0.24393663852837671,0.04711067885867935
2013.0,10.0,13.0,4.605636928539725,26.6271637816245,30.36462494451842,64.59343098091433,47.77807367953839,44.7,5.5,335.5999092353029,0.37427987260128154,-0.24639004025634262,0.03901444208810982,-0.04015154533851981,0.6138286839982741,0.31716983517936814,-0.24393663852837671,0.04711067885867935
2013.0,10.0,13.0,2.0,5.0,33.0,121.0,19.0,44.7,5.7,1308.7032,0.8898683444877139,-0.3058945540395355,-1.0343889601542258,-0.8947545086271301,-0.2982592553792475,-0.13077948229117337,3.2123191560326956,-0.1735566771960248
2013.0,10.0,13.0,2.0,5.0,27.0,119.0,15.0,44.7,7.1,2196.5466,0.8717901381486851,-0.15602677713545765,-1.3586236581874944,-1.3814783780899884,-0.6665004488506777,-0.6667044022154581,0.02536991040153007,-0.7575641132323667
2013.0,10.0,13.0,0.0,24.0,46.0,13.0,94.0,44.7,8.7,356.3033,1.1240459791354458,-0.8476729116463336,-0.2670593553450529,-0.5819123906524877,-0.13130103533204485,0.03158903284704411,-0.7405905789537499,0.12930708084626075
2013.0,10.0,13.0,4.605636928539725,26.6271637816245,30.36462494451842,64.59343098091433,47.77807367953839,44.7,8.9,335.5999092353029,0.37427987260128154,-0.24639004025634262,0.03901444208810982,-0.04015154533851981,0.6138286839982741,0.31716983517936814,-0.24393663852837671,0.04711067885867935
2013.0,10.0,13.0,0.0,24.0,46.0,13.0,93.0,44.7,9.5,832.5152,1.1184331529481872,-0.1476964824038648,-0.32101623058380935,-0.6918456277362306,-0.08908878087045392,-0.2291205436558948,-0.7758271106237343,-0.7498435569382316
2013.0,10.0,13.0,4.605636928539725,26.6271637816245,30.36462494451842,64.59343098091433,47.77807367953839,44.7,10.3,335.5999092353029,0.37427987260128154,-0.24639004025634262,0.03901444208810982,-0.04015154533851981,0.6138286839982741,0.31716983517936814,-0.24393663852837671,0.04711067885867935
2013.0,10.0,13.0,4.605636928539725,26.6271637816245,30.36462494451842,64.59343098091433,47.77807367953839,44.7,16.6,335.5999092353029,0.37427987260128154,-0.24639004025634262,0.03901444208810982,-0.04015154533851981,0.6138286839982741,0.31716983517936814,-0.24393663852837671,0.04711067885867935
2013.0,10.0,13.0,11.0,49.0,36.0,32.0,57.0,44.7,17.4,347.54755,-0.7407555407963198,1.1392996723964224,0.47145699611714514,0.6120276681852423,0.48844470131296297,0.3978490261866407,-0.26355663702863646,-0.8686466389123588
2013.0,10.0,13.0,11.0,49.0,33.0,31.0,63.0,44.7,18.7,260.6573,-0.7322104774108927,1.6763579995080038,0.5800736562422252,0.8842972159707191,0.6756967653361291,1.0186301934082882,-0.46022401009240943,-0.6938234437010604
2013.0,10.0,13.0,0.0,24.0,32.0,8.0,66.0,44.7,20.0,74.70914,1.0190151398662384,-1.4092704119304775,0.2837136559806753,-0.1807606117247378,-0.1467623125006725,1.1972814338672675,-0.3535115076250944,0.8021624371967713
2013.0,10.0,13.0,4.605636928539725,26.6271637816245,30.36462494451842,64.59343098091433,47.77807367953839,44.7,21.4,335.5999092353029,0.37427987260128154,-0.24639004025634262,0.03901444208810982,-0.04015154533851981,0.6138286839982741,0.31716983517936814,-0.24393663852837671,0.04711067885867935
2013.0,10.0,13.0,4.605636928539725,26.6271637816245,30.36462494451842,64.59343098091433,47.77807367953839,44.8,1.4,335.5999092353029,0.37427987260128154,-0.24639004025634262,0.03901444208810982,-0.04015154533851981,0.6138286839982741,0.31716983517936814,-0.24393663852837671,0.04711067885867935
2013.0,10.0,13.0,4.605636928539725,26.6271637816245,30.36462494451842,64.59343098091433,47.77807367953839,44.8,2.9,335.5999092353029,0.37427987260128154,-0.24639004025634262,0.03901444208810982,-0.04015154533851981,0.6138286839982741,0.31716983517936814,-0.24393663852837671,0.04711067885867935
2013.0,10.0,13.0,2.0,5.0,38.0,123.0,27.0,44.8,3.4,1181.7682,0.9165572040764384,-1.4712271112521664,-0.9833001174029644,-0.9323415927291665,-0.20927160400402778,-0.9392872537673475,0.29719938327996936,0.28067112455324994
2013.0,10.0,13.0,4.605636928539725,26.6271637816245,30.36462494451842,64.59343098091433,47.77807367953839,44.8,4.9,335.5999092353029,0.37427987260128154,-0.24639004025634262,0.03901444208810982,-0.04015154533851981,0.6138286839982741,0.31716983517936814,-0.24393663852837671,0.04711067885867935
2013.0,10.0,13.0,4.605636928539725,26.6271637816245,30.36462494451842,64.59343098091433,47.77807367953839,44.8,7.1,335.5999092353029,0.37427987260128154,-0.24639004025634262,0.03901444208810982,-0.04015154533851981,0.6138286839982741,0.31716983517936814,-0.24393663852837671,0.04711067885867935
2013.0,10.0,13.0,11.0,50.0,2.0,42.0,20.0,44.8,8.7,138.66957,-0.7785002155639784,1.3117280583019322,-0.18802028728114123,0.39437224646745794,-0.09529851444350737,0.15313833082402162,-0.5797566755436737,-0.8080999623586421
2013.0,10.0,13.0,0.0,24.0,43.0,12.0,93.0,44.8,9.5,486.28613,1.1154741155904249,-1.0009716839529836,-0.31149573229140204,-0.7486409271664682,-0.13420136991155895,-0.14708957550812096,-0.7758271106237343,-0.6991421111581552
2013.0,10.0,13.0,4.605636928539725,26.6271637816245,30.36462494451842,64.59343098091433,47.77807367953839,44.8,15.0,335.5999092353029,0.37427987260128154,-0.24639004025634262,0.03901444208810982,-0.04015154533851981,0.6138286839982741,0.31716983517936814,-0.24393663852837671,0.04711067885867935
2013.0,10.0,13.0,2.0,4.0,47.0,104.0,0.0,44.8,15.9,625.70044,0.7514807835545749,-0.8147202068261341,-0.04942422857715293,-0.5022079068009234,0.7954479211725668,0.3012980858791063,-0.14239206447293662,-0.10503399540324582
2013.0,10.0,13.0,4.605636928539725,26.6271637816245,30.36462494451842,64.59343098091433,47.77807367953839,44.8,16.6,335.5999092353029,0.37427987260128154,-0.24639004025634262,0.03901444208810982,-0.04015154533851981,0.6138286839982741,0.31716983517936814,-0.24393663852837671,0.04711067885867935
2013.0,10.0,13.0,4.605636928539725,26.6271637816245,30.36462494451842,64.59343098091433,47.77807367953839,44.8,17.2,335.5999092353029,0.37427987260128154,-0.24639004025634262,0.03901444208810982,-0.04015154533851981,0.6138286839982741,0.31716983517936814,-0.24393663852837671,0.04711067885867935
2013.0,10.0,13.0,5.5,36.5,35.5,20.5,67.0,44.8,18.2,340.09582,0.1521940177922549,0.3735189168757155,0.3692375187086393,0.2769559131363957,0.7143522210602341,0.9367292879290551,-0.2941491624516072,-0.32612979029211286
2013.0,10.0,13.0,0.0,24.0,32.0,8.0,67.0,44.8,19.8,80.35566,1.0211664257033544,-1.279001796421077,0.2623514463046812,-0.19537390797375678,-0.1259833739454712,1.1375667695627207,-0.32156357301094823,-0.5924278097176374
2013.0,10.0,13.0,4.605636928539725,26.6271637816245,30.36462494451842,64.59343098091433,47.77807367953839,44.8,26.1,335.5999092353029,0.37427987260128154,-0.24639004025634262,0.03901444208810982,-0.04015154533851981,0.6138286839982741,0.31716983517936814,-0.24393663852837671,0.04711067885867935
2013.0,10.0,13.0,4.605636928539725,26.6271637816245,30.36462494451842,64.59343098091433,47.77807367953839,44.9,3.4,335.5999092353029,0.37427987260128154,-0.24639004025634262,0.03901444208810982,-0.04015154533851981,0.6138286839982741,0.31716983517936814,-0.24393663852837671,0.04711067885867935
2013.0,10.0,13.0,2.0,5.0,35.0,122.0,25.0,44.9,4.0,1070.8488,0.9089184974041102,-0.5343918163095455,-0.9358738568697552,-0.9240707383866364,-0.18453364098942476,-0.8728684583867871,0.2485038588248619,0.7453769611497258
2013.0,10.0,13.0,4.605636928539725,26.6271637816245,30.36462494451842,64.59343098091433,47.77807367953839,44.9,4.5,335.5999092353029,0.37427987260128154,-0.24639004025634262,0.03901444208810982,-0.04015154533851981,0.6138286839982741,0.31716983517936814,-0.24393663852837671,0.04711067885867935
2013.0,10.0,13.0,4.605636928539725,26.6271637816245,30.36462494451842,64.59343098091433,47.77807367953839,44.9,8.1,335.5999092353029,0.37427987260128154,-0.24639004025634262,0.03901444208810982,-0.04015154533851981,0.6138286839982741,0.31716983517936814,-0.24393663852837671,0.04711067885867935
2013.0,10.0,13.0,4.605636928539725,26.6271637816245,30.36462494451842,64.59343098091433,47.77807367953839,44.9,13.8,335.5999092353029,0.37427987260128154,-0.24639004025634262,0.03901444208810982,-0.04015154533851981,0.6138286839982741,0.31716983517936814,-0.24393663852837671,0.04711067885867935
2013.0,10.0,13.0,4.605636928539725,26.6271637816245,30.36462494451842,64.59343098091433,47.77807367953839,44.9,14.0,335.5999092353029,0.37427987260128154,-0.24639004025634262,0.03901444208810982,-0.04015154533851981,0.6138286839982741,0.31716983517936814,-0.24393663852837671,0.04711067885867935
2013.0,10.0,13.0,0.0,24.0,35.0,9.0,76.0,44.9,17.4,209.24248,1.0452321315134343,-0.5215227412468387,0.06865250780759591,-0.43144696052439085,0.7547790740363454,0.7583363482807447,-0.10811687287766453,-0.7830913482401489
2013.0,10.0,13.0,0.0,24.0,32.0,8.0,73.0,44.9,18.3,204.93169,1.0347921910546352,-2.3857699798454393,0.1980170869424576,-0.23759548075688866,0.693818168023939,1.1397472089488445,-0.23048677593598876,0.035589206047197175
2013.0,10.0,13.0,4.605636928539725,26.6271637816245,30.36462494451842,64.59343098091433,47.77807367953839,44.9,19.2,335.5999092353029,0.37427987260128154,-0.24639004025634262,0.03901444208810982,-0.04015154533851981,0.6138286839982741,0.31716983517936814,-0.24393663852837671,0.04711067885867935
2013.0,10.0,13.0,4.605636928539725,26.6271637816245,30.36462494451842,64.59343098091433,47.77807367953839,44.9,19.8,335.5999092353029,0.37427987260128154,-0.24639004025634262,0.03901444208810982,-0.04015154533851981,0.6138286839982741,0.31716983517936814,-0.24393663852837671,0.04711067885867935
2013.0,10.0,13.0,0.0,24.0,24.0,5.0,56.0,44.9,22.4,553.82947,0.9903718081124142,-1.2417358488830756,-0.3424056301745374,-0.4026798599342771,0.3610290561530161,1.478011669016699,1.6911716686754428,-0.15201726305260893
2013.0,10.0,13.0,11.0,49.0,26.0,28.0,83.0,44.9,24.6,396.14868,-0.6884656303993494,1.2666947866038827,-0.18856408557582163,0.2910608611322742,0.27936702685039955,1.053354840735563,0.18239781606290878,-0.45752801758089157
2013.0,10.0,13.0,4.605636928539725,26.6271637816245,30.36462494451842,64.59343098091433,47.77807367953839,45.0,2.4,335.5999092353029,0.37427987260128154,-0.24639004025634262,0.03901444208810982,-0.04015154533851981,0.6138286839982741,0.31716983517936814,-0.24393663852837671,0.04711067885867935
2013.0,10.0,13.0,2.0,5.0,30.0,120.0,22.0,45.0,4.9,177.76836,0.895569329094688,-0.6798234795650278,-0.6046473226143376,-0.6640395031925517,0.001129055674638924,-0.16225021708526186,3.6928331556935268,-1.042382005448018
2013.0,10.0,13.0,11.0,50.0,15.0,47.0,13.0,45.0,6.1,1866.5035,-0.7805726877738682,0.9625142252613751,-1.0860699388263595,-0.6743308298612918,-0.29922479322139894,-0.6192879581936395,0.5921390320004973,-0.07133024279380112
2013.0,10.0,13.0,6.5,27.5,18.0,82.0,15.5,45.0,6.5,2265.67425,0.04742824885152869,0.39985732117407663,-1.38668365019296,-1.0934310571992236,-0.5459166445365827,-0.8294404942641149,0.2283807896096284,0.15126344340356634
2013.0,10.0,13.0,2.0,5.0,22.0,117.0,15.0,45.0,7.2,1197.3147,0.8663183654329718,0.1742397978651664,-1.1757201228736742,-1.3775052670408536,-0.6457489907751647,-0.5326847268564117,-0.42693543138159373,-0.18237182504557242
2013.0,10.0,13.0,4.605636928539725,26.6271637816245,30.36462494451842,64.59343098091433,47.77807367953839,45.0,7.7,335.5999092353029,0.37427987260128154,-0.24639004025634262,0.03901444208810982,-0.04015154533851981,0.6138286839982741,0.31716983517936814,-0.24393663852837671,0.04711067885867935
2013.0,10.0,13.0,0.0,24.0,41.0,11.0,95.0,45.0,7.9,258.54913,1.1239448173488216,-1.0698782219884406,-0.6400647041400385,-0.9292656618376699,-0.384001695926202,0.05373800155359156,-0.4382936955166822,0.2065114130328617
2013.0,10.0,13.0,2.0,5.0,14.0,114.0,10.0,45.0,9.3,227.88855,0.8388971297724582,-1.1807309559794752,-0.2925876641786167,-0.8167426346859251,-0.1552238865886456,-0.01445966798205654,-0.7758271106237343,-0.2046219448787065
2013.0,10.0,13.0,4.605636928539725,26.6271637816245,30.36462494451842,64.59343098091433,47.77807367953839,45.0,10.2,335.5999092353029,0.37427987260128154,-0.24639004025634262,0.03901444208810982,-0.04015154533851981,0.6138286839982741,0.31716983517936814,-0.24393663852837671,0.04711067885867935
2013.0,10.0,13.0,0.0,24.0,40.0,11.0,91.0,45.0,10.9,15.536443,1.1023896429361995,-2.0315138204669916,-0.2356338561158476,-0.7390909248764141,-0.26935554832244535,-0.2938526555945194,-0.7758271106237343,0.6134040532831067
2013.0,10.0,13.0,4.605636928539725,26.6271637816245,30.36462494451842,64.59343098091433,47.77807367953839,45.0,16.5,335.5999092353029,0.37427987260128154,-0.24639004025634262,0.03901444208810982,-0.04015154533851981,0.6138286839982741,0.31716983517936814,-0.24393663852837671,0.04711067885867935
2013.0,10.0,13.0,0.0,24.0,32.0,8.0,76.0,45.0,17.4,113.62542,1.042308137127509,-1.419756759544974,0.08139047934352317,-0.38700625986259324,0.7392195409531507,0.9320598035464834,-0.11705377186574735,-0.2674276479398138
2013.0,10.0,13.0,4.605636928539725,26.6271637816245,30.36462494451842,64.59343098091433,47.77807367953839,45.0,17.6,335.5999092353029,0.37427987260128154,-0.24639004025634262,0.03901444208810982,-0.04015154533851981,0.6138286839982741,0.31716983517936814,-0.24393663852837671,0.04711067885867935
2013.0,10.0,13.0,4.605636928539725,26.6271637816245,30.36462494451842,64.59343098091433,47.77807367953839,45.0,18.8,335.5999092353029,0.37427987260128154,-0.24639004025634262,0.03901444208810982,-0.04015154533851981,0.6138286839982741,0.31716983517936814,-0.24393663852837671,0.04711067885867935
2013.0,10.0,13.0,4.605636928539725,26.6271637816245,30.36462494451842,64.59343098091433,47.77807367953839,45.0,19.2,335.5999092353029,0.37427987260128154,-0.24639004025634262,0.03901444208810982,-0.04015154533851981,0.6138286839982741,0.31716983517936814,-0.24393663852837671,0.04711067885867935
2013.0,10.0,13.0,5.5,36.5,30.0,18.5,67.5,45.0,20.4,72.38902300000001,0.1469700914537705,-0.0972989210266888,0.3269028214678388,0.4556893823447758,0.2008528072979948,1.34109177860184,-0.4551111999561131,0.3592893823720511
2013.0,10.0,13.0,0.0,24.0,27.0,6.0,63.0,45.0,20.8,120.50128,1.0070551278554891,-0.8235554087609378,0.11626809071006101,-0.09871102330270733,0.2047117907430507,1.5004314495721711,-0.19327004204511358,0.5712284512710732
2013.0,10.0,13.0,4.605636928539725,26.6271637816245,30.36462494451842,64.59343098091433,47.77807367953839,45.0,21.5,335.5999092353029,0.37427987260128154,-0.24639004025634262,0.03901444208810982,-0.04015154533851981,0.6138286839982741,0.31716983517936814,-0.24393663852837671,0.04711067885867935
2013.0,10.0,13.0,11.0,50.0,26.0,51.0,8.0,45.1,3.7,859.41974,-0.7834967262390032,1.0866450638314569,-0.7355083540934526,-0.13568841251814004,-0.044467169695180796,-0.18126113068581046,0.13767613250628744,-0.6934842979150324
2013.0,10.0,13.0,4.605636928539725,26.6271637816245,30.36462494451842,64.59343098091433,47.77807367953839,45.1,4.6,335.5999092353029,0.37427987260128154,-0.24639004025634262,0.03901444208810982,-0.04015154533851981,0.6138286839982741,0.31716983517936814,-0.24393663852837671,0.04711067885867935
2013.0,10.0,13.0,2.0,5.0,19.0,116.0,15.0,45.1,7.3,1028.9314,0.8635402732316765,-0.822866173770319,-1.1618260764446129,-1.425919078751786,-0.6459045961628967,-0.546080790746139,-0.4274703294839064,-0.5069209886776962
2013.0,10.0,13.0,11.0,50.0,7.0,44.0,20.0,45.1,8.5,113.95819,-0.7724607687441102,0.8037511397781192,-0.29379610483346014,0.3364657680120969,-0.1740957603086768,0.03944309775913071,-0.6826366229555363,-0.1424758119215434
2013.0,10.0,13.0,6.5,27.5,8.0,78.0,16.5,45.1,9.4,63.124077,0.03359515693668147,0.02493358941702628,-0.1785053276750661,-0.1807521325243288,-0.12711468721564212,0.09576199260192818,-0.6788083639025437,-0.14697235368473915
2013.0,10.0,13.0,4.605636928539725,26.6271637816245,30.36462494451842,64.59343098091433,47.77807367953839,45.1,15.6,335.5999092353029,0.37427987260128154,-0.24639004025634262,0.03901444208810982,-0.04015154533851981,0.6138286839982741,0.31716983517936814,-0.24393663852837671,0.04711067885867935
2013.0,10.0,13.0,4.605636928539725,26.6271637816245,30.36462494451842,64.59343098091433,47.77807367953839,45.1,15.8,335.5999092353029,0.37427987260128154,-0.24639004025634262,0.03901444208810982,-0.04015154533851981,0.6138286839982741,0.31716983517936814,-0.24393663852837671,0.04711067885867935
2013.0,10.0,13.0,4.605636928539725,26.6271637816245,30.36462494451842,64.59343098091433,47.77807367953839,45.1,16.0,335.5999092353029,0.37427987260128154,-0.24639004025634262,0.03901444208810982,-0.04015154533851981,0.6138286839982741,0.31716983517936814,-0.24393663852837671,0.04711067885867935
2013.0,10.0,13.0,0.0,24.0,27.0,6.0,68.0,45.1,19.7,213.52478,1.0175722069315394,-0.48329573207435844,0.19482982471530685,-0.20316992709334203,-0.1531588781364561,1.1286520031884586,-0.36914827239642795,0.0007029798926239117
2013.0,10.0,13.0,4.605636928539725,26.6271637816245,30.36462494451842,64.59343098091433,47.77807367953839,45.2,1.5,335.5999092353029,0.37427987260128154,-0.24639004025634262,0.03901444208810982,-0.04015154533851981,0.6138286839982741,0.31716983517936814,-0.24393663852837671,0.04711067885867935
2013.0,10.0,13.0,2.0,5.0,35.0,122.0,33.0,45.2,2.1,525.0181,0.9272893896965958,-1.0314175031943664,-1.102669885288394,-1.1590390722553185,-0.44886173755755476,-1.1578676161772807,-0.5213323221736313,-0.9552520951200751
2013.0,10.0,13.0,4.605636928539725,26.6271637816245,30.36462494451842,64.59343098091433,47.77807367953839,45.2,2.2,335.5999092353029,0.37427987260128154,-0.24639004025634262,0.03901444208810982,-0.04015154533851981,0.6138286839982741,0.31716983517936814,-0.24393663852837671,0.04711067885867935
2013.0,10.0,13.0,0.0,24.0,38.0,10.0,95.0,45.2,7.9,242.008,1.1209403784049055,-0.8109290688247244,-0.717888282311954,-1.0068656889018328,-0.4275185817611033,-0.05027642469046275,-0.38475722846958876,-1.1605414544677943
2013.0,10.0,13.0,5.5,37.0,22.5,27.0,57.5,45.2,8.8,92.0173,0.1723561899951443,-0.09301339128610803,-0.27988040717599694,-0.20720844911706618,-0.19368272991461466,0.08457432244942843,-0.6580576490589927,-0.6286155253113566
2013.0,10.0,13.0,4.605636928539725,26.6271637816245,30.36462494451842,64.59343098091433,47.77807367953839,45.2,10.4,335.5999092353029,0.37427987260128154,-0.24639004025634262,0.03901444208810982,-0.04015154533851981,0.6138286839982741,0.31716983517936814,-0.24393663852837671,0.04711067885867935
2013.0,10.0,13.0,4.605636928539725,26.6271637816245,30.36462494451842,64.59343098091433,47.77807367953839,45.2,12.0,335.5999092353029,0.37427987260128154,-0.24639004025634262,0.03901444208810982,-0.04015154533851981,0.6138286839982741,0.31716983517936814,-0.24393663852837671,0.04711067885867935
2013.0,10.0,13.0,5.5,36.5,37.0,21.0,67.0,45.2,17.4,107.958125,0.1545959931156351,-0.33037661007031394,0.2694444894316727,0.13145485296247847,0.6664684280376748,0.7442061731566596,-0.13022763500597911,-0.9389222023646862
2013.0,10.0,13.0,4.605636928539725,26.6271637816245,30.36462494451842,64.59343098091433,47.77807367953839,45.2,17.5,335.5999092353029,0.37427987260128154,-0.24639004025634262,0.03901444208810982,-0.04015154533851981,0.6138286839982741,0.31716983517936814,-0.24393663852837671,0.04711067885867935
2013.0,10.0,13.0,0.0,24.0,16.0,2.0,50.0,45.2,23.8,960.1592,0.9704949496151326,-1.8009162420389493,-0.44433759941057166,-0.5419688963794397,0.3076684010143437,0.9620870773017395,-0.25371121021493465,-1.1415983943286825
2013.0,10.0,13.0,4.605636928539725,26.6271637816245,30.36462494451842,64.59343098091433,47.77807367953839,45.3,1.6,335.5999092353029,0.37427987260128154,-0.24639004025634262,0.03901444208810982,-0.04015154533851981,0.6138286839982741,0.31716983517936814,-0.24393663852837671,0.04711067885867935
2013.0,10.0,13.0,2.0,5.0,30.0,120.0,27.0,45.3,3.7,970.1267,0.908297200941163,-0.7015588836725298,-1.1120916942606587,-1.05343103492344,-0.36861524209476787,-1.2547939658264966,-0.19361603963341015,-0.7999125902480353
2013.0,10.0,13.0,4.605636928539725,26.6271637816245,30.36462494451842,64.59343098091433,47.77807367953839,45.3,5.8,335.5999092353029,0.37427987260128154,-0.24639004025634262,0.03901444208810982,-0.04015154533851981,0.6138286839982741,0.31716983517936814,-0.24393663852837671,0.04711067885867935
2013.0,10.0,13.0,4.605636928539725,26.6271637816245,30.36462494451842,64.59343098091433,47.77807367953839,45.3,8.4,335.5999092353029,0.37427987260128154,-0.24639004025634262,0.03901444208810982,-0.04015154533851981,0.6138286839982741,0.31716983517936814,-0.24393663852837671,0.04711067885867935
2013.0,10.0,13.0,11.0,50.0,7.0,44.0,23.0,45.3,9.4,78.192535,-0.7659356571900273,0.6721506375473738,-0.10267618010058358,0.4040102709331968,-0.05150523984994715,0.09730260967222044,-0.6925832734305868,-0.17857811073414998
2013.0,10.0,13.0,4.605636928539725,26.6271637816245,30.36462494451842,64.59343098091433,47.77807367953839,45.3,11.4,335.5999092353029,0.37427987260128154,-0.24639004025634262,0.03901444208810982,-0.04015154533851981,0.6138286839982741,0.31716983517936814,-0.24393663852837671,0.04711067885867935
2013.0,10.0,13.0,4.605636928539725,26.6271637816245,30.36462494451842,64.59343098091433,47.77807367953839,45.3,16.4,335.5999092353029,0.37427987260128154,-0.24639004025634262,0.03901444208810982,-0.04015154533851981,0.6138286839982741,0.31716983517936814,-0.24393663852837671,0.04711067885867935
2013.0,10.0,13.0,11.0,49.0,47.0,36.0,55.0,45.3,16.8,103.1971,-0.7326515339847312,0.6009877927330656,0.4147186933044895,0.6027562681943598,0.5693640285387321,0.5371522693893442,0.042525736345745954,-1.4326723281579197
2013.0,10.0,13.0,4.605636928539725,26.6271637816245,30.36462494451842,64.59343098091433,47.77807367953839,45.3,17.4,335.5999092353029,0.37427987260128154,-0.24639004025634262,0.03901444208810982,-0.04015154533851981,0.6138286839982741,0.31716983517936814,-0.24393663852837671,0.04711067885867935
2013.0,10.0,13.0,0.0,24.0,21.0,4.0,65.0,45.3,20.5,76.232445,1.0054330129327178,-1.6763052022267249,0.07688903790423383,-0.15328234959690526,-0.2119712279985902,1.2605193889974586,-0.3875041540187736,0.3138052050853277
2013.0,10.0,13.0,0.0,24.0,21.0,4.0,63.0,45.3,20.9,73.043144,1.0012825145324957,-0.4921213502772576,0.10516050702429275,-0.1045753998146613,0.17470838679595688,1.4865069246394262,-0.1198045155933321,-0.4311578346916017
2013.0,10.0,13.0,4.605636928539725,26.6271637816245,30.36462494451842,64.59343098091433,47.77807367953839,45.4,-0.1,335.5999092353029,0.37427987260128154,-0.24639004025634262,0.03901444208810982,-0.04015154533851981,0.6138286839982741,0.31716983517936814,-0.24393663852837671,0.04711067885867935
2013.0,10.0,13.0,13.0,31.0,2.0,19.0,89.0,45.4,1.9,582.92334,-0.6555309892094119,-0.08888152584618103,-0.38785609023707446,-0.3144622588713297,0.2548748041912165,0.4416499104756746,3.5705391085841067,-0.3781467362011911
2013.0,10.0,13.0,2.0,5.0,30.0,120.0,31.0,45.4,2.7,996.23676,0.9174533344128499,-0.11630135867114255,-1.2713742429078023,-1.1365514252257911,-0.49163541847060094,-1.3441292560459719,-0.40757777451316896,-0.6679524998409591
2013.0,10.0,13.0,4.605636928539725,26.6271637816245,30.36462494451842,64.59343098091433,47.77807367953839,45.4,4.7,335.5999092353029,0.37427987260128154,-0.24639004025634262,0.03901444208810982,-0.04015154533851981,0.6138286839982741,0.31716983517936814,-0.24393663852837671,0.04711067885867935
2013.0,10.0,13.0,4.605636928539725,26.6271637816245,30.36462494451842,64.59343098091433,47.77807367953839,45.4,9.5,335.5999092353029,0.37427987260128154,-0.24639004025634262,0.03901444208810982,-0.04015154533851981,0.6138286839982741,0.31716983517936814,-0.24393663852837671,0.04711067885867935
2013.0,10.0,13.0,4.605636928539725,26.6271637816245,30.36462494451842,64.59343098091433,47.77807367953839,45.4,10.5,335.5999092353029,0.37427987260128154,-0.24639004025634262,0.03901444208810982,-0.04015154533851981,0.6138286839982741,0.31716983517936814,-0.24393663852837671,0.04711067885867935
2013.0,10.0,13.0,0.0,24.0,32.0,8.0,91.0,45.4,11.0,99.92192,1.0933824971938326,-1.1860162094932067,-0.28922417102263304,-0.8654487769252703,-0.18499877262184408,-0.3447874381560056,-0.7758271106237343,-0.9986523293466862
2013.0,10.0,13.0,4.605636928539725,26.6271637816245,30.36462494451842,64.59343098091433,47.77807367953839,45.4,14.3,335.5999092353029,0.37427987260128154,-0.24639004025634262,0.03901444208810982,-0.04015154533851981,0.6138286839982741,0.31716983517936814,-0.24393663852837671,0.04711067885867935
2013.0,10.0,13.0,4.605636928539725,26.6271637816245,30.36462494451842,64.59343098091433,47.77807367953839,45.4,14.7,335.5999092353029,0.37427987260128154,-0.24639004025634262,0.03901444208810982,-0.04015154533851981,0.6138286839982741,0.31716983517936814,-0.24393663852837671,0.04711067885867935
2013.0,10.0,13.0,4.605636928539725,26.6271637816245,30.36462494451842,64.59343098091433,47.77807367953839,45.4,15.3,335.5999092353029,0.37427987260128154,-0.24639004025634262,0.03901444208810982,-0.04015154533851981,0.6138286839982741,0.31716983517936814,-0.24393663852837671,0.04711067885867935
2013.0,10.0,13.0,4.605636928539725,26.6271637816245,30.36462494451842,64.59343098091433,47.77807367953839,45.4,17.0,335.5999092353029,0.37427987260128154,-0.24639004025634262,0.03901444208810982,-0.04015154533851981,0.6138286839982741,0.31716983517936814,-0.24393663852837671,0.04711067885867935
2013.0,10.0,13.0,11.0,49.0,44.0,35.0,65.0,45.4,19.0,80.91063,-0.7165479880889174,0.6469413753262312,0.5292184453509,0.9847474768247858,0.6219187488407991,1.141448710151715,-0.20984742499694156,-0.6330886342605645
2013.0,10.0,13.0,4.605636928539725,26.6271637816245,30.36462494451842,64.59343098091433,47.77807367953839,45.4,24.8,335.5999092353029,0.37427987260128154,-0.24639004025634262,0.03901444208810982,-0.04015154533851981,0.6138286839982741,0.31716983517936814,-0.24393663852837671,0.04711067885867935
2013.0,10.0,13.0,2.0,5.0,25.0,118.0,25.0,45.5,4.3,515.275,0.8979086127618481,-0.44383332923367264,-0.9984902164343474,-1.1604902268397277,-0.3527739398113281,-1.1062622028682567,-0.3696615194408776,-1.1664775367839784
2013.0,10.0,13.0,4.605636928539725,26.6271637816245,30.36462494451842,64.59343098091433,47.77807367953839,45.5,7.8,335.5999092353029,0.37427987260128154,-0.24639004025634262,0.03901444208810982,-0.04015154533851981,0.6138286839982741,0.31716983517936814,-0.24393663852837671,0.04711067885867935
2013.0,10.0,13.0,5.5,37.0,24.0,27.5,57.0,45.5,8.0,465.05897500000003,0.17454541701214527,0.1818816302153884,-0.699079407036258,-0.5953910891323938,-0.4122316409567565,-0.35660874026686606,-0.4808572309791411,0.05207879067781504
2013.0,10.0,13.0,0.0,24.0,33.0,8.0,94.0,45.5,8.8,146.15244,1.1087930297522601,-1.158986433357266,-0.3852408232532146,-0.7973672579782172,-0.37085647258001836,0.14749207319424437,-0.3992588245251956,-0.8972873803673198
2013.0,10.0,13.0,4.605636928539725,26.6271637816245,30.36462494451842,64.59343098091433,47.77807367953839,45.5,9.0,335.5999092353029,0.37427987260128154,-0.24639004025634262,0.03901444208810982,-0.04015154533851981,0.6138286839982741,0.31716983517936814,-0.24393663852837671,0.04711067885867935
2013.0,10.0,13.0,0.0,24.0,30.0,7.0,88.0,45.5,12.7,-0.04,1.0774156850069976,-0.5419887562188177,0.1746055633226242,-0.18734693158586826,0.30884153841805684,0.23990967923782044,-0.7758271106237343,-0.7706813140176073
2013.0,10.0,13.0,11.0,49.0,57.0,40.0,42.0,45.5,13.9,365.72107,-0.7431818588633441,0.5432550560118092,0.0668831492821259,0.17945197253898998,0.3509663732750031,-0.031102215976005057,-0.45832522776709717,-0.8576668989126733
2013.0,10.0,13.0,1.0,14.0,33.0,53.5,41.5,45.5,15.4,205.710295,0.9028416273350726,-1.2151628175826261,-0.11914924029385654,-0.6161663414506008,0.6642918634204559,0.22622566598322263,-0.4748273948114866,-0.5775038542165436
2013.0,10.0,13.0,4.605636928539725,26.6271637816245,30.36462494451842,64.59343098091433,47.77807367953839,45.5,17.4,335.5999092353029,0.37427987260128154,-0.24639004025634262,0.03901444208810982,-0.04015154533851981,0.6138286839982741,0.31716983517936814,-0.24393663852837671,0.04711067885867935
2013.0,10.0,13.0,4.605636928539725,26.6271637816245,30.36462494451842,64.59343098091433,47.77807367953839,45.5,20.1,335.5999092353029,0.37427987260128154,-0.24639004025634262,0.03901444208810982,-0.04015154533851981,0.6138286839982741,0.31716983517936814,-0.24393663852837671,0.04711067885867935
2013.0,10.0,13.0,4.605636928539725,26.6271637816245,30.36462494451842,64.59343098091433,47.77807367953839,45.5,20.2,335.5999092353029,0.37427987260128154,-0.24639004025634262,0.03901444208810982,-0.04015154533851981,0.6138286839982741,0.31716983517936814,-0.24393663852837671,0.04711067885867935
2013.0,10.0,13.0,4.605636928539725,26.6271637816245,30.36462494451842,64.59343098091433,47.77807367953839,45.5,22.1,335.5999092353029,0.37427987260128154,-0.24639004025634262,0.03901444208810982,-0.04015154533851981,0.6138286839982741,0.31716983517936814,-0.24393663852837671,0.04711067885867935
2013.0,10.0,13.0,4.605636928539725,26.6271637816245,30.36462494451842,64.59343098091433,47.77807367953839,45.5,23.3,335.5999092353029,0.37427987260128154,-0.24639004025634262,0.03901444208810982,-0.04015154533851981,0.6138286839982741,0.31716983517936814,-0.24393663852837671,0.04711067885867935
2013.0,10.0,13.0,4.605636928539725,26.6271637816245,30.36462494451842,64.59343098091433,47.77807367953839,45.6,2.0,335.5999092353029,0.37427987260128154,-0.24639004025634262,0.03901444208810982,-0.04015154533851981,0.6138286839982741,0.31716983517936814,-0.24393663852837671,0.04711067885867935
2013.0,10.0,13.0,4.605636928539725,26.6271637816245,30.36462494451842,64.59343098091433,47.77807367953839,45.6,3.9,335.5999092353029,0.37427987260128154,-0.24639004025634262,0.03901444208810982,-0.04015154533851981,0.6138286839982741,0.31716983517936814,-0.24393663852837671,0.04711067885867935
2013.0,10.0,13.0,4.605636928539725,26.6271637816245,30.36462494451842,64.59343098091433,47.77807367953839,45.6,5.8,335.5999092353029,0.37427987260128154,-0.24639004025634262,0.03901444208810982,-0.04015154533851981,0.6138286839982741,0.31716983517936814,-0.24393663852837671,0.04711067885867935
2013.0,10.0,13.0,11.0,50.0,15.0,47.0,20.0,45.6,8.3,243.50087,-0.7633218922830822,0.8636503945134041,-0.49682017705042064,0.0041497530964151675,-0.2827955142700806,-0.4354106224729939,-0.6561629563779434,-1.7806618387929007
2013.0,10.0,13.0,4.605636928539725,26.6271637816245,30.36462494451842,64.59343098091433,47.77807367953839,45.6,9.1,335.5999092353029,0.37427987260128154,-0.24639004025634262,0.03901444208810982,-0.04015154533851981,0.6138286839982741,0.31716983517936814,-0.24393663852837671,0.04711067885867935
2013.0,10.0,13.0,4.605636928539725,26.6271637816245,30.36462494451842,64.59343098091433,47.77807367953839,45.6,9.4,335.5999092353029,0.37427987260128154,-0.24639004025634262,0.03901444208810982,-0.04015154533851981,0.6138286839982741,0.31716983517936814,-0.24393663852837671,0.04711067885867935
2013.0,10.0,13.0,11.0,50.0,10.0,45.0,26.0,45.6,10.0,220.90558,-0.7568564419395422,0.844400324069926,-0.24974240076114593,0.280220405294146,-0.13711500474153526,-0.15036466558002232,-0.6548519241307488,-1.0424679907155865
2013.0,10.0,13.0,4.605636928539725,26.6271637816245,30.36462494451842,64.59343098091433,47.77807367953839,45.6,11.5,335.5999092353029,0.37427987260128154,-0.24639004025634262,0.03901444208810982,-0.04015154533851981,0.6138286839982741,0.31716983517936814,-0.24393663852837671,0.04711067885867935
2013.0,10.0,13.0,4.605636928539725,26.6271637816245,30.36462494451842,64.59343098091433,47.77807367953839,45.6,12.3,335.5999092353029,0.37427987260128154,-0.24639004025634262,0.03901444208810982,-0.04015154533851981,0.6138286839982741,0.31716983517936814,-0.24393663852837671,0.04711067885867935
2013.0,10.0,13.0,11.0,49.0,57.0,40.0,46.0,45.6,14.7,821.2455,-0.7364407591809575,0.7545143878188791,-0.18506061471065047,0.0975194778369017,0.27708411051398407,-0.16681830992863073,-0.18151473149722572,0.19338056258836667
2013.0,10.0,13.0,5.5,36.5,39.0,22.0,66.0,45.6,15.8,133.58810499999998,0.1582424237115267,-0.3833620244644438,0.00459860738068274,-0.07054554217023526,0.5365140441434819,0.34289187966406387,-0.4235065681349881,-0.8084366212053342
2013.0,10.0,13.0,4.605636928539725,26.6271637816245,30.36462494451842,64.59343098091433,47.77807367953839,45.6,16.3,335.5999092353029,0.37427987260128154,-0.24639004025634262,0.03901444208810982,-0.04015154533851981,0.6138286839982741,0.31716983517936814,-0.24393663852837671,0.04711067885867935
2013.0,10.0,13.0,11.0,49.0,49.0,37.0,60.0,45.6,17.8,200.12698,-0.7205997931382673,0.19075878405959978,0.3634818165730058,0.6720046866263735,0.7017179888112017,0.7599590038779368,-0.0432013072422483,-0.4544778251071442
2013.0,10.0,13.0,4.605636928539725,26.6271637816245,30.36462494451842,64.59343098091433,47.77807367953839,45.7,0.0,335.5999092353029,0.37427987260128154,-0.24639004025634262,0.03901444208810982,-0.04015154533851981,0.6138286839982741,0.31716983517936814,-0.24393663852837671,0.04711067885867935
2013.0,10.0,13.0,4.605636928539725,26.6271637816245,30.36462494451842,64.59343098091433,47.77807367953839,45.7,4.2,335.5999092353029,0.37427987260128154,-0.24639004025634262,0.03901444208810982,-0.04015154533851981,0.6138286839982741,0.31716983517936814,-0.24393663852837671,0.04711067885867935
2013.0,10.0,13.0,2.0,5.0,17.0,115.0,21.0,45.7,5.6,326.1513,0.8791879519391398,-0.7839848170262976,-0.9678038800723546,-0.8817272266261839,-0.34378598756895856,-0.5483841250184687,3.342184672979522,-0.2681735177166757
2013.0,10.0,13.0,4.605636928539725,26.6271637816245,30.36462494451842,64.59343098091433,47.77807367953839,45.7,7.0,335.5999092353029,0.37427987260128154,-0.24639004025634262,0.03901444208810982,-0.04015154533851981,0.6138286839982741,0.31716983517936814,-0.24393663852837671,0.04711067885867935
2013.0,10.0,13.0,4.605636928539725,26.6271637816245,30.36462494451842,64.59343098091433,47.77807367953839,45.7,7.1,335.5999092353029,0.37427987260128154,-0.24639004025634262,0.03901444208810982,-0.04015154533851981,0.6138286839982741,0.31716983517936814,-0.24393663852837671,0.04711067885867935
2013.0,10.0,13.0,2.0,5.0,8.0,112.0,15.0,45.7,7.7,1523.8942,0.8526533695849181,-0.008626629559335908,-1.5112950294187708,-1.7498939830929696,-1.1521347064934313,-0.9366066595622612,0.027962983224554514,-0.06986595899263512
2013.0,10.0,13.0,4.605636928539725,26.6271637816245,30.36462494451842,64.59343098091433,47.77807367953839,45.7,12.1,335.5999092353029,0.37427987260128154,-0.24639004025634262,0.03901444208810982,-0.04015154533851981,0.6138286839982741,0.31716983517936814,-0.24393663852837671,0.04711067885867935
2013.0,10.0,13.0,11.0,50.0,2.0,42.0,40.0,45.7,13.4,-0.42363113,-0.740620856770599,1.1810661804014577,-0.17378183526544896,0.0929673585312137,-1.6177327050298052,-0.507885242565919,-0.7758271106237343,-0.24559033888619317
2013.0,10.0,13.0,0.0,24.0,19.0,3.0,71.0,45.7,19.0,80.43114,1.0156122248652073,-1.285447923946056,0.304147380420201,-0.20142724952341387,0.7395202422679469,1.1869587847192145,-0.5424258818494996,0.1518235143852622
2013.0,10.0,13.0,4.605636928539725,26.6271637816245,30.36462494451842,64.59343098091433,47.77807367953839,45.8,1.8,335.5999092353029,0.37427987260128154,-0.24639004025634262,0.03901444208810982,-0.04015154533851981,0.6138286839982741,0.31716983517936814,-0.24393663852837671,0.04711067885867935
2013.0,10.0,13.0,2.0,5.0,25.0,118.0,33.0,45.8,2.4,745.04407,0.9162017052489342,-0.7108349836976595,-1.2694870614184905,-1.1250722029567928,-0.5059101825583023,-1.3005798045288974,-0.40889217690973745,-0.613161200413613
2013.0,10.0,13.0,4.605636928539725,26.6271637816245,30.36462494451842,64.59343098091433,47.77807367953839,45.8,7.6,335.5999092353029,0.37427987260128154,-0.24639004025634262,0.03901444208810982,-0.04015154533851981,0.6138286839982741,0.31716983517936814,-0.24393663852837671,0.04711067885867935
2013.0,10.0,13.0,4.605636928539725,26.6271637816245,30.36462494451842,64.59343098091433,47.77807367953839,45.8,9.2,335.5999092353029,0.37427987260128154,-0.24639004025634262,0.03901444208810982,-0.04015154533851981,0.6138286839982741,0.31716983517936814,-0.24393663852837671,0.04711067885867935
2013.0,10.0,13.0,2.0,4.0,55.0,107.0,8.0,45.8,10.8,848.1801,0.8110561498360721,-0.12356589724724354,-0.717505609437919,-1.2223665861726423,-0.35877403730053764,-0.615186162171952,-0.5437229369153032,-1.4890210129973003
2013.0,10.0,13.0,4.605636928539725,26.6271637816245,30.36462494451842,64.59343098091433,47.77807367953839,45.8,11.6,335.5999092353029,0.37427987260128154,-0.24639004025634262,0.03901444208810982,-0.04015154533851981,0.6138286839982741,0.31716983517936814,-0.24393663852837671,0.04711067885867935
2013.0,10.0,13.0,4.605636928539725,26.6271637816245,30.36462494451842,64.59343098091433,47.77807367953839,45.8,12.4,335.5999092353029,0.37427987260128154,-0.24639004025634262,0.03901444208810982,-0.04015154533851981,0.6138286839982741,0.31716983517936814,-0.24393663852837671,0.04711067885867935
2013.0,10.0,13.0,11.0,50.0,5.0,43.0,37.0,45.8,12.7,2.7747252,-0.742800331262419,0.9596589638058718,0.14901381135468098,0.35027152136494616,1.2033557916792328,0.4745999452202674,0.012759592736807969,0.5228869704354753
2013.0,10.0,13.0,6.5,27.0,22.0,72.0,23.0,45.8,14.0,474.21469,0.017016789792278053,0.2547549744710803,-0.24301642148306085,-0.3364080446175299,0.05813688336986351,-0.21310328692813596,-0.5933327937100134,-0.4175792937696345
2013.0,10.0,13.0,4.605636928539725,26.6271637816245,30.36462494451842,64.59343098091433,47.77807367953839,45.8,14.2,335.5999092353029,0.37427987260128154,-0.24639004025634262,0.03901444208810982,-0.04015154533851981,0.6138286839982741,0.31716983517936814,-0.24393663852837671,0.04711067885867935
2013.0,10.0,13.0,11.0,50.0,0.0,41.0,48.0,45.8,15.0,319.25443,-0.7301159435564691,0.45016285744784146,-0.2700381615592371,0.1791644872679555,0.2513427202858751,-0.11214663662793536,-0.2970848781628313,-0.003692598095247246
2013.0,10.0,13.0,4.605636928539725,26.6271637816245,30.36462494451842,64.59343098091433,47.77807367953839,45.8,16.4,335.5999092353029,0.37427987260128154,-0.24639004025634262,0.03901444208810982,-0.04015154533851981,0.6138286839982741,0.31716983517936814,-0.24393663852837671,0.04711067885867935
2013.0,10.0,13.0,0.0,24.0,19.0,3.0,77.0,45.8,17.3,169.10109,1.0302848714506134,-1.1415977604864942,0.01476310383873053,-0.5041573153522668,0.7344010286637888,0.5140798296714962,-0.6410925775420043,-1.2662030821639911
2013.0,10.0,13.0,4.605636928539725,26.6271637816245,30.36462494451842,64.59343098091433,47.77807367953839,45.8,17.5,335.5999092353029,0.37427987260128154,-0.24639004025634262,0.03901444208810982,-0.04015154533851981,0.6138286839982741,0.31716983517936814,-0.24393663852837671,0.04711067885867935
2013.0,10.0,13.0,0.0,24.0,13.0,1.0,65.0,45.8,20.6,75.03357,0.9967496289867566,0.348772791544142,0.011594975255284672,-0.15731683390614962,-0.23141373023372372,1.28597413891663,-0.24342329404435595,-0.26127256022186707
2013.0,10.0,13.0,4.605636928539725,26.6271637816245,30.36462494451842,64.59343098091433,47.77807367953839,45.9,0.8,335.5999092353029,0.37427987260128154,-0.24639004025634262,0.03901444208810982,-0.04015154533851981,0.6138286839982741,0.31716983517936814,-0.24393663852837671,0.04711067885867935
2013.0,10.0,13.0,13.0,31.0,10.0,22.0,91.0,45.9,3.1,539.1202,-0.636213297528783,0.5964766187234416,-0.2117631250471768,-0.017881632196778234,-0.13105733149890733,-0.0841475846266832,0.9347595408191547,-0.15273055943351738
2013.0,10.0,13.0,2.0,5.0,19.0,116.0,27.0,45.9,4.0,568.3259,0.8972432370890426,-1.3758832465240616,-1.1325727492924942,-1.0504972315816725,-0.42215372837052684,-1.1546016617697732,-0.19951678054091648,-0.3380721831712613
2013.0,10.0,13.0,11.0,50.0,34.0,54.0,11.0,45.9,4.7,284.03946,-0.764816397893315,1.1629539798971222,-0.9133465089957158,0.02951871317946324,-0.31288256648425855,-0.8506743978131902,-0.20411395561598364,-0.8629041455214046
2013.0,10.0,13.0,4.605636928539725,26.6271637816245,30.36462494451842,64.59343098091433,47.77807367953839,45.9,7.9,335.5999092353029,0.37427987260128154,-0.24639004025634262,0.03901444208810982,-0.04015154533851981,0.6138286839982741,0.31716983517936814,-0.24393663852837671,0.04711067885867935
2013.0,10.0,13.0,11.0,50.0,21.0,49.0,21.0,45.9,8.4,700.20795,-0.7550491943353674,0.7075311892014855,-0.9342323916469262,-0.4945338266586589,-0.4238921389900067,-0.9485193183170563,-0.4687360318991248,-0.8208388438611425
2013.0,10.0,13.0,0.0,24.0,25.0,5.0,93.0,45.9,9.7,1185.2988,1.09405338276787,-1.3793385499788773,-0.8260890374449946,-1.1612073249315258,-0.5610879938447108,-0.4722188789632199,-0.22256206942060217,0.029361645914256107
2013.0,10.0,13.0,4.605636928539725,26.6271637816245,30.36462494451842,64.59343098091433,47.77807367953839,45.9,13.2,335.5999092353029,0.37427987260128154,-0.24639004025634262,0.03901444208810982,-0.04015154533851981,0.6138286839982741,0.31716983517936814,-0.24393663852837671,0.04711067885867935
2013.0,10.0,13.0,4.605636928539725,26.6271637816245,30.36462494451842,64.59343098091433,47.77807367953839,45.9,18.0,335.5999092353029,0.37427987260128154,-0.24639004025634262,0.03901444208810982,-0.04015154533851981,0.6138286839982741,0.31716983517936814,-0.24393663852837671,0.04711067885867935
2013.0,10.0,13.0,4.605636928539725,26.6271637816245,30.36462494451842,64.59343098091433,47.77807367953839,45.9,19.0,335.5999092353029,0.37427987260128154,-0.24639004025634262,0.03901444208810982,-0.04015154533851981,0.6138286839982741,0.31716983517936814,-0.24393663852837671,0.04711067885867935
2013.0,10.0,13.0,0.0,24.0,8.0,134.0,56.0,45.9,22.7,507.9859,0.9732867063714838,-0.7825767328058502,-0.1644728140876377,-0.33289200284762793,0.4761192158988552,1.5176295658586934,1.4346498909732934,0.14536025676207354
2013.0,10.0,13.0,4.605636928539725,26.6271637816245,30.36462494451842,64.59343098091433,47.77807367953839,46.0,4.1,335.5999092353029,0.37427987260128154,-0.24639004025634262,0.03901444208810982,-0.04015154533851981,0.6138286839982741,0.31716983517936814,-0.24393663852837671,0.04711067885867935
2013.0,10.0,13.0,4.605636928539725,26.6271637816245,30.36462494451842,64.59343098091433,47.77807367953839,46.0,4.8,335.5999092353029,0.37427987260128154,-0.24639004025634262,0.03901444208810982,-0.04015154533851981,0.6138286839982741,0.31716983517936814,-0.24393663852837671,0.04711067885867935
2013.0,10.0,13.0,4.605636928539725,26.6271637816245,30.36462494451842,64.59343098091433,47.77807367953839,46.0,8.8,335.5999092353029,0.37427987260128154,-0.24639004025634262,0.03901444208810982,-0.04015154533851981,0.6138286839982741,0.31716983517936814,-0.24393663852837671,0.04711067885867935
2013.0,10.0,13.0,11.0,50.0,21.0,49.0,23.0,46.0,9.0,753.5625,-0.7507752080287287,0.6062050601244156,-0.7412615386443834,-0.28645263351781663,-0.320663967272132,-0.8662177989669878,-0.41049881341146854,-1.3770663603027837
2013.0,10.0,13.0,4.605636928539725,26.6271637816245,30.36462494451842,64.59343098091433,47.77807367953839,46.0,9.4,335.5999092353029,0.37427987260128154,-0.24639004025634262,0.03901444208810982,-0.04015154533851981,0.6138286839982741,0.31716983517936814,-0.24393663852837671,0.04711067885867935
2013.0,10.0,13.0,4.605636928539725,26.6271637816245,30.36462494451842,64.59343098091433,47.77807367953839,46.0,12.6,335.5999092353029,0.37427987260128154,-0.24639004025634262,0.03901444208810982,-0.04015154533851981,0.6138286839982741,0.31716983517936814,-0.24393663852837671,0.04711067885867935
2013.0,10.0,13.0,2.0,4.0,36.0,100.0,3.0,46.0,14.2,588.67456,0.7644279494700928,-0.6069408968689091,-0.6358150211705079,-0.9466472151347473,-0.05091500037953206,-0.4360498583339068,-0.6635101623068247,-0.8746219554547943
2013.0,10.0,13.0,0.0,24.0,19.0,3.0,85.0,46.0,14.3,497.96405,1.0542430239886391,-0.8225983027645688,-0.6716070192992089,-0.9475322821489414,-0.03891123520155638,-0.44559955989968175,-0.6384306450854093,-0.6316528188177931
2013.0,10.0,13.0,2.0,4.0,34.0,99.0,2.0,46.0,14.9,416.33038,0.7547243522119701,-0.4092848491521764,-0.5368739425552044,-0.7649476408687451,0.17507463395754905,-0.20298407247506442,-0.3841970156237807,-0.7080383791887286
2013.0,10.0,13.0,4.605636928539725,26.6271637816245,30.36462494451842,64.59343098091433,47.77807367953839,46.0,16.5,335.5999092353029,0.37427987260128154,-0.24639004025634262,0.03901444208810982,-0.04015154533851981,0.6138286839982741,0.31716983517936814,-0.24393663852837671,0.04711067885867935
2013.0,10.0,13.0,4.605636928539725,26.6271637816245,30.36462494451842,64.59343098091433,47.77807367953839,46.0,17.5,335.5999092353029,0.37427987260128154,-0.24639004025634262,0.03901444208810982,-0.04015154533851981,0.6138286839982741,0.31716983517936814,-0.24393663852837671,0.04711067885867935
2013.0,10.0,13.0,11.0,49.0,55.0,39.0,62.0,46.0,18.1,133.9282,-0.7109138496036927,1.2440817414352132,0.3179769766810007,0.7048208072978626,0.726518430318051,0.9043942489087535,-0.2578614156428638,-0.7833019556946667
2013.0,10.0,13.0,4.605636928539725,26.6271637816245,30.36462494451842,64.59343098091433,47.77807367953839,46.0,18.9,335.5999092353029,0.37427987260128154,-0.24639004025634262,0.03901444208810982,-0.04015154533851981,0.6138286839982741,0.31716983517936814,-0.24393663852837671,0.04711067885867935
2013.0,10.0,13.0,11.0,49.0,52.0,38.0,68.0,46.0,19.6,108.083885,-0.7015066629922596,0.6253417301327856,0.4894808884841309,0.8773701130074087,0.5627772617786646,1.1381839807833702,-0.2843899646726361,-0.014551856627355364
2013.0,10.0,13.0,0.0,24.0,11.0,0.0,66.0,46.0,20.4,74.28605,0.9959398939016664,-1.2031937106461115,0.17786231088743046,-0.09579579344754602,0.7545495252901838,1.5549050314338069,-0.3494852936783831,-0.36662916069044277
2013.0,10.0,13.0,4.605636928539725,26.6271637816245,30.36462494451842,64.59343098091433,47.77807367953839,46.0,23.7,335.5999092353029,0.37427987260128154,-0.24639004025634262,0.03901444208810982,-0.04015154533851981,0.6138286839982741,0.31716983517936814,-0.24393663852837671,0.04711067885867935
2013.0,10.0,13.0,4.605636928539725,26.6271637816245,30.36462494451842,64.59343098091433,47.77807367953839,46.0,24.2,335.5999092353029,0.37427987260128154,-0.24639004025634262,0.03901444208810982,-0.04015154533851981,0.6138286839982741,0.31716983517936814,-0.24393663852837671,0.04711067885867935
2013.0,10.0,13.0,4.605636928539725,26.6271637816245,30.36462494451842,64.59343098091433,47.77807367953839,46.0,26.8,335.5999092353029,0.37427987260128154,-0.24639004025634262,0.03901444208810982,-0.04015154533851981,0.6138286839982741,0.31716983517936814,-0.24393663852837671,0.04711067885867935
2013.0,10.0,13.0,4.605636928539725,26.6271637816245,30.36462494451842,64.59343098091433,47.77807367953839,46.1,0.1,335.5999092353029,0.37427987260128154,-0.24639004025634262,0.03901444208810982,-0.04015154533851981,0.6138286839982741,0.31716983517936814,-0.24393663852837671,0.04711067885867935
2013.0,10.0,13.0,2.0,5.0,25.0,118.0,39.0,46.1,1.1,304.53296,0.9283298794452922,-0.526886618716945,-0.9776627417481224,-1.1821913270883924,-0.4067817816175741,-1.1066161740245923,-0.6959610370907803,-0.3200587617968168
2013.0,10.0,13.0,4.605636928539725,26.6271637816245,30.36462494451842,64.59343098091433,47.77807367953839,46.1,2.7,335.5999092353029,0.37427987260128154,-0.24639004025634262,0.03901444208810982,-0.04015154533851981,0.6138286839982741,0.31716983517936814,-0.24393663852837671,0.04711067885867935
2013.0,10.0,13.0,11.0,50.0,42.0,57.0,9.0,46.1,3.6,486.2568,-0.7617494546298206,0.8902750039029222,-1.045431086637856,0.013685219614342874,-0.4572318441385688,-1.1598640781393779,-0.5333033266955207,0.03615646703359243
2013.0,10.0,13.0,2.0,5.0,14.0,114.0,25.0,46.1,4.6,432.38635,0.886922971685008,-0.8128339525142853,-1.0407292454566406,-1.0617584172687011,-0.39194916127797436,-0.95607655884651,0.13721046923426664,-0.023508150591955435
2013.0,10.0,13.0,4.605636928539725,26.6271637816245,30.36462494451842,64.59343098091433,47.77807367953839,46.1,5.9,335.5999092353029,0.37427987260128154,-0.24639004025634262,0.03901444208810982,-0.04015154533851981,0.6138286839982741,0.31716983517936814,-0.24393663852837671,0.04711067885867935
2013.0,10.0,13.0,4.605636928539725,26.6271637816245,30.36462494451842,64.59343098091433,47.77807367953839,46.1,6.2,335.5999092353029,0.37427987260128154,-0.24639004025634262,0.03901444208810982,-0.04015154533851981,0.6138286839982741,0.31716983517936814,-0.24393663852837671,0.04711067885867935
2013.0,10.0,13.0,4.605636928539725,26.6271637816245,30.36462494451842,64.59343098091433,47.77807367953839,46.1,6.4,335.5999092353029,0.37427987260128154,-0.24639004025634262,0.03901444208810982,-0.04015154533851981,0.6138286839982741,0.31716983517936814,-0.24393663852837671,0.04711067885867935
2013.0,10.0,13.0,2.0,5.0,3.0,110.0,16.0,46.1,7.5,2298.191,0.8506788413793326,-1.110539827720187,-1.8157616524065645,-1.9455155968888647,-0.7511539785327624,-1.2829815435354748,0.23705748967143567,-0.3679655265031523
2013.0,10.0,13.0,4.605636928539725,26.6271637816245,30.36462494451842,64.59343098091433,47.77807367953839,46.1,9.4,335.5999092353029,0.37427987260128154,-0.24639004025634262,0.03901444208810982,-0.04015154533851981,0.6138286839982741,0.31716983517936814,-0.24393663852837671,0.04711067885867935
2013.0,10.0,13.0,4.605636928539725,26.6271637816245,30.36462494451842,64.59343098091433,47.77807367953839,46.1,11.2,335.5999092353029,0.37427987260128154,-0.24639004025634262,0.03901444208810982,-0.04015154533851981,0.6138286839982741,0.31716983517936814,-0.24393663852837671,0.04711067885867935
2013.0,10.0,13.0,4.605636928539725,26.6271637816245,30.36462494451842,64.59343098091433,47.77807367953839,46.1,11.5,335.5999092353029,0.37427987260128154,-0.24639004025634262,0.03901444208810982,-0.04015154533851981,0.6138286839982741,0.31716983517936814,-0.24393663852837671,0.04711067885867935
2013.0,10.0,13.0,1.0,14.0,30.5,52.5,46.5,46.1,12.8,237.332295,0.9236893965482895,-0.99475928375854,-0.46582921294002433,-0.8629187450315854,-0.05398194008132878,-0.24939005467270586,-0.2988424651337309,-0.8537910134618
2013.0,10.0,13.0,0.0,24.0,16.0,2.0,80.0,46.1,16.3,199.5615,1.0355655607915921,-1.355036084250123,-0.06791538466401666,-0.5537695207211085,0.7033614120086663,0.41493480377548575,-0.5225996704872599,-1.3048181184300904
2013.0,10.0,13.0,4.605636928539725,26.6271637816245,30.36462494451842,64.59343098091433,47.77807367953839,46.1,17.3,335.5999092353029,0.37427987260128154,-0.24639004025634262,0.03901444208810982,-0.04015154533851981,0.6138286839982741,0.31716983517936814,-0.24393663852837671,0.04711067885867935
2013.0,10.0,13.0,0.0,24.0,11.0,0.0,72.0,46.1,18.9,92.019196,1.0091431600264589,-0.8462327445571879,0.20061019918097733,-0.2820410266760648,0.8114559920029165,1.031214212721186,-0.6554754039719393,-0.39638554303576684
2013.0,10.0,13.0,4.605636928539725,26.6271637816245,30.36462494451842,64.59343098091433,47.77807367953839,46.1,19.1,335.5999092353029,0.37427987260128154,-0.24639004025634262,0.03901444208810982,-0.04015154533851981,0.6138286839982741,0.31716983517936814,-0.24393663852837671,0.04711067885867935
2013.0,10.0,13.0,0.0,24.0,8.0,134.0,66.0,46.1,20.5,78.59953,0.9930579951611553,-0.14546145894387785,0.16574769332262124,-0.08836962897440737,0.7572234036203357,1.638826339268134,-0.014523918307562986,-1.1007412540074357
2013.0,10.0,13.0,4.605636928539725,26.6271637816245,30.36462494451842,64.59343098091433,47.77807367953839,46.1,22.6,335.5999092353029,0.37427987260128154,-0.24639004025634262,0.03901444208810982,-0.04015154533851981,0.6138286839982741,0.31716983517936814,-0.24393663852837671,0.04711067885867935
2013.0,10.0,13.0,2.0,5.0,25.0,118.0,44.0,46.2,0.1,134.16035,0.9378968311528552,-1.2921258218450324,-0.9507507683647588,-1.105240564512751,-0.40028173047913984,-0.9550096279298692,-0.6953455997016645,-0.22544379032870127
2013.0,10.0,13.0,13.0,31.0,15.0,24.0,91.0,46.2,3.0,421.1258,-0.6306208579760839,1.5794690683711292,-0.16831464833615795,0.055297097510871106,-0.27045049332741117,-0.31461185646808504,0.15402263705209568,-0.5017271496097724
2013.0,10.0,13.0,2.0,5.0,17.0,115.0,30.0,46.2,3.3,303.94446,0.9013705939040894,-0.4352564445494716,-1.1464416198745802,-1.0378656455998445,-0.4403613186927118,-1.135134955406746,-0.4020244216288678,-0.568392033300691
2013.0,10.0,13.0,4.605636928539725,26.6271637816245,30.36462494451842,64.59343098091433,47.77807367953839,46.2,4.8,335.5999092353029,0.37427987260128154,-0.24639004025634262,0.03901444208810982,-0.04015154533851981,0.6138286839982741,0.31716983517936814,-0.24393663852837671,0.04711067885867935
2013.0,10.0,13.0,4.605636928539725,26.6271637816245,30.36462494451842,64.59343098091433,47.77807367953839,46.2,5.1,335.5999092353029,0.37427987260128154,-0.24639004025634262,0.03901444208810982,-0.04015154533851981,0.6138286839982741,0.31716983517936814,-0.24393663852837671,0.04711067885867935
2013.0,10.0,13.0,11.0,50.0,26.0,51.0,20.0,46.2,8.0,2368.907,-0.7509684953639556,0.5368184274197947,-1.7348112340402424,-1.165449347765084,-0.6749830670022365,-1.6104519359273084,0.22308979855034955,0.30684391955352397
2013.0,10.0,13.0,4.605636928539725,26.6271637816245,30.36462494451842,64.59343098091433,47.77807367953839,46.2,9.1,335.5999092353029,0.37427987260128154,-0.24639004025634262,0.03901444208810982,-0.04015154533851981,0.6138286839982741,0.31716983517936814,-0.24393663852837671,0.04711067885867935
2013.0,10.0,13.0,4.605636928539725,26.6271637816245,30.36462494451842,64.59343098091433,47.77807367953839,46.2,9.9,335.5999092353029,0.37427987260128154,-0.24639004025634262,0.03901444208810982,-0.04015154533851981,0.6138286839982741,0.31716983517936814,-0.24393663852837671,0.04711067885867935
2013.0,10.0,13.0,4.605636928539725,26.6271637816245,30.36462494451842,64.59343098091433,47.77807367953839,46.2,10.3,335.5999092353029,0.37427987260128154,-0.24639004025634262,0.03901444208810982,-0.04015154533851981,0.6138286839982741,0.31716983517936814,-0.24393663852837671,0.04711067885867935
2013.0,10.0,13.0,4.605636928539725,26.6271637816245,30.36462494451842,64.59343098091433,47.77807367953839,46.2,12.8,335.5999092353029,0.37427987260128154,-0.24639004025634262,0.03901444208810982,-0.04015154533851981,0.6138286839982741,0.31716983517936814,-0.24393663852837671,0.04711067885867935
2013.0,10.0,13.0,11.0,50.0,8.0,44.0,46.0,46.2,14.4,440.66766,-0.7245984607001336,2.0178441971855907,-0.48645477733350573,-0.04189553530006143,-0.0036448794047617286,-0.32800075257547806,-0.64672355200684,-0.7660089551370264
2013.0,10.0,13.0,4.605636928539725,26.6271637816245,30.36462494451842,64.59343098091433,47.77807367953839,46.2,14.6,335.5999092353029,0.37427987260128154,-0.24639004025634262,0.03901444208810982,-0.04015154533851981,0.6138286839982741,0.31716983517936814,-0.24393663852837671,0.04711067885867935
2013.0,10.0,13.0,4.605636928539725,26.6271637816245,30.36462494451842,64.59343098091433,47.77807367953839,46.2,15.9,335.5999092353029,0.37427987260128154,-0.24639004025634262,0.03901444208810982,-0.04015154533851981,0.6138286839982741,0.31716983517936814,-0.24393663852837671,0.04711067885867935
2013.0,10.0,13.0,4.605636928539725,26.6271637816245,30.36462494451842,64.59343098091433,47.77807367953839,46.2,19.6,335.5999092353029,0.37427987260128154,-0.24639004025634262,0.03901444208810982,-0.04015154533851981,0.6138286839982741,0.31716983517936814,-0.24393663852837671,0.04711067885867935
2013.0,10.0,13.0,0.0,24.0,5.0,133.0,64.0,46.2,21.0,101.02469,0.9860621837646047,-1.7015417501731078,-0.026718635706521818,-0.14548229276284022,-0.23783005767832252,1.5541801731548266,1.366407345657442,-0.07362768225983626
2013.0,10.0,13.0,4.605636928539725,26.6271637816245,30.36462494451842,64.59343098091433,47.77807367953839,46.3,2.5,335.5999092353029,0.37427987260128154,-0.24639004025634262,0.03901444208810982,-0.04015154533851981,0.6138286839982741,0.31716983517936814,-0.24393663852837671,0.04711067885867935
2013.0,10.0,13.0,4.605636928539725,26.6271637816245,30.36462494451842,64.59343098091433,47.77807367953839,46.3,6.7,335.5999092353029,0.37427987260128154,-0.24639004025634262,0.03901444208810982,-0.04015154533851981,0.6138286839982741,0.31716983517936814,-0.24393663852837671,0.04711067885867935
2013.0,10.0,13.0,11.0,50.0,23.0,50.0,25.0,46.3,9.4,1295.8566,-0.7436607353992405,1.244275156521013,-1.2525427093698307,-0.8288057104688508,-0.5147512034893281,-1.2891367658403203,-0.5683291986486887,-0.9984372380704296
2013.0,10.0,13.0,11.0,50.0,21.0,49.0,28.0,46.3,10.2,1754.9381,-0.7408393794534696,0.49954456826091903,-1.3493267214162354,-0.8217308271555434,-0.5588936033719574,-1.341038638626695,-0.5997870049575407,-0.9926526532174639
2013.0,10.0,13.0,4.605636928539725,26.6271637816245,30.36462494451842,64.59343098091433,47.77807367953839,46.3,12.8,335.5999092353029,0.37427987260128154,-0.24639004025634262,0.03901444208810982,-0.04015154533851981,0.6138286839982741,0.31716983517936814,-0.24393663852837671,0.04711067885867935
2013.0,10.0,13.0,11.0,50.0,10.0,45.0,42.0,46.3,13.6,834.04596,-0.7282988442488911,0.4675102602150839,-0.40481756186168044,-0.11155741569491007,-0.09454085272767161,-0.3289266997297669,-0.2984187245777253,-1.1593131190641843
2013.0,10.0,13.0,4.605636928539725,26.6271637816245,30.36462494451842,64.59343098091433,47.77807367953839,46.3,14.2,335.5999092353029,0.37427987260128154,-0.24639004025634262,0.03901444208810982,-0.04015154533851981,0.6138286839982741,0.31716983517936814,-0.24393663852837671,0.04711067885867935
2013.0,10.0,13.0,4.605636928539725,26.6271637816245,30.36462494451842,64.59343098091433,47.77807367953839,46.3,16.5,335.5999092353029,0.37427987260128154,-0.24639004025634262,0.03901444208810982,-0.04015154533851981,0.6138286839982741,0.31716983517936814,-0.24393663852837671,0.04711067885867935
2013.0,10.0,13.0,11.0,50.0,3.0,42.0,59.0,46.3,17.3,159.0763,-0.7078183209726054,1.663833540149665,0.07107241021891797,0.5463849287846084,0.5327202042692154,0.44883489548767425,-0.6237816849998824,-0.7264934874951667
2013.0,10.0,13.0,2.0,5.0,20.0,116.0,41.0,46.4,0.9,124.202896,0.9265667110509751,-0.6551285415018362,-1.0161032389786877,-1.0585565096854042,-0.41497016001268955,-1.071902786631749,-0.6725851116179792,-0.7369884553386588
2013.0,10.0,13.0,4.605636928539725,26.6271637816245,30.36462494451842,64.59343098091433,47.77807367953839,46.4,3.8,335.5999092353029,0.37427987260128154,-0.24639004025634262,0.03901444208810982,-0.04015154533851981,0.6138286839982741,0.31716983517936814,-0.24393663852837671,0.04711067885867935
2013.0,10.0,13.0,2.0,5.0,9.0,112.0,26.0,46.4,4.5,379.4063,0.8838147262018767,-0.033533535021144645,-1.0345460574393537,-1.010556159937307,-0.38080045889388797,-0.9003756701965844,0.22375204283397696,0.3288262396934918
2013.0,10.0,13.0,11.0,50.0,42.0,57.0,12.0,46.4,4.9,250.61798,-0.7526936895189799,0.8953056178648823,-0.9948528100632649,-0.14089141139813774,-0.37703337037404794,-1.0833695441636868,-0.24569994360888658,-0.19714341784270845
2013.0,10.0,13.0,4.605636928539725,26.6271637816245,30.36462494451842,64.59343098091433,47.77807367953839,46.4,8.6,335.5999092353029,0.37427987260128154,-0.24639004025634262,0.03901444208810982,-0.04015154533851981,0.6138286839982741,0.31716983517936814,-0.24393663852837671,0.04711067885867935
2013.0,10.0,13.0,1.0,14.0,33.5,53.5,52.0,46.4,9.7,2377.66945,0.9519593112758028,-1.391882642694732,-1.5795115043846804,-1.7080955627874252,-0.7604508913191854,-0.9697305260607947,0.06294992300028066,-0.40600437346191787
2013.0,10.0,13.0,4.605636928539725,26.6271637816245,30.36462494451842,64.59343098091433,47.77807367953839,46.4,11.4,335.5999092353029,0.37427987260128154,-0.24639004025634262,0.03901444208810982,-0.04015154533851981,0.6138286839982741,0.31716983517936814,-0.24393663852837671,0.04711067885867935
2013.0,10.0,13.0,4.605636928539725,26.6271637816245,30.36462494451842,64.59343098091433,47.77807367953839,46.4,12.0,335.5999092353029,0.37427987260128154,-0.24639004025634262,0.03901444208810982,-0.04015154533851981,0.6138286839982741,0.31716983517936814,-0.24393663852837671,0.04711067885867935
2013.0,10.0,13.0,11.0,50.0,13.0,46.0,41.0,46.4,13.3,966.29913,-0.7269966782708733,-0.0685763154768696,-0.5772680855111016,-0.22822475298978057,-0.11303199734987972,-0.46823776233138065,0.1955458126997609,0.18514199981821067
2013.0,10.0,13.0,4.605636928539725,26.6271637816245,30.36462494451842,64.59343098091433,47.77807367953839,46.4,13.6,335.5999092353029,0.37427987260128154,-0.24639004025634262,0.03901444208810982,-0.04015154533851981,0.6138286839982741,0.31716983517936814,-0.24393663852837671,0.04711067885867935
2013.0,10.0,13.0,4.605636928539725,26.6271637816245,30.36462494451842,64.59343098091433,47.77807367953839,46.4,14.9,335.5999092353029,0.37427987260128154,-0.24639004025634262,0.03901444208810982,-0.04015154533851981,0.6138286839982741,0.31716983517936814,-0.24393663852837671,0.04711067885867935
2013.0,10.0,13.0,0.0,24.0,11.0,0.0,82.0,46.4,15.6,400.8221,1.035590024753063,-1.3367842491172612,-0.3905217089148849,-0.7520374525877411,0.33467557783889357,-0.050325686903597275,-0.36715867039414685,-1.038203031540416
2013.0,10.0,13.0,11.0,50.0,5.0,43.0,57.0,46.4,16.8,172.5442,-0.7085573970842931,1.709964669885946,-0.07960604096574589,0.49663624866631495,0.33393375574081063,0.23790191824429793,-0.6968135171473441,-0.10357220344283952
2013.0,10.0,13.0,11.0,50.0,3.0,42.0,61.0,46.4,17.7,158.8886,-0.7040916441751676,1.1887953354995282,0.13512580712889005,0.575813407006683,0.5912673285318687,0.5671086472611475,-0.6311965499328258,-0.7961409549599379
2013.0,10.0,13.0,0.0,24.0,8.0,134.0,75.0,46.4,18.1,140.43271,1.0134400014034086,0.10653959859305862,0.055131063913776,-0.43152609972821726,0.7043536509207436,0.5866302979338507,-0.7147813681134011,-0.09547926545896424
2013.0,10.0,13.0,11.0,50.0,0.0,41.0,67.0,46.4,19.2,106.07175,-0.6949902350425188,0.8152044070152646,0.33041082398545984,0.70909028658989,0.5103471213273351,1.0188331068100096,-0.36017336818750906,-0.18314685737581654
2013.0,10.0,13.0,4.605636928539725,26.6271637816245,30.36462494451842,64.59343098091433,47.77807367953839,46.4,19.9,335.5999092353029,0.37427987260128154,-0.24639004025634262,0.03901444208810982,-0.04015154533851981,0.6138286839982741,0.31716983517936814,-0.24393663852837671,0.04711067885867935
2013.0,10.0,13.0,4.605636928539725,26.6271637816245,30.36462494451842,64.59343098091433,47.77807367953839,46.4,21.5,335.5999092353029,0.37427987260128154,-0.24639004025634262,0.03901444208810982,-0.04015154533851981,0.6138286839982741,0.31716983517936814,-0.24393663852837671,0.04711067885867935
2013.0,10.0,13.0,4.605636928539725,26.6271637816245,30.36462494451842,64.59343098091433,47.77807367953839,46.4,22.8,335.5999092353029,0.37427987260128154,-0.24639004025634262,0.03901444208810982,-0.04015154533851981,0.6138286839982741,0.31716983517936814,-0.24393663852837671,0.04711067885867935
2013.0,10.0,13.0,4.605636928539725,26.6271637816245,30.36462494451842,64.59343098091433,47.77807367953839,46.5,-1.6,335.5999092353029,0.37427987260128154,-0.24639004025634262,0.03901444208810982,-0.04015154533851981,0.6138286839982741,0.31716983517936814,-0.24393663852837671,0.04711067885867935
2013.0,10.0,13.0,2.0,5.0,20.0,116.0,44.0,46.5,0.2,138.04411,0.9322800378367095,-1.05717355316037,-0.9997409525121066,-1.0386812639249738,-0.4102431655147877,-1.008738203527999,-0.6852667718357516,0.44789785587339326
2013.0,10.0,13.0,2.0,5.0,20.0,116.0,42.0,46.5,0.6,116.846375,0.9284815119272033,-1.2023147068278726,-1.0047287913149732,-1.0420527555164645,-0.40945319600718677,-1.0515589652606272,-0.6777538503431958,-1.2548639477801145
2013.0,10.0,13.0,2.0,5.0,14.0,114.0,34.0,46.5,2.5,294.14026,0.907092075343647,-1.2372023708868465,-1.169232810624925,-1.0601368711331995,-0.5011733825827441,-1.1008809576998795,-0.5384141460821543,-0.02661352355357982
2013.0,10.0,13.0,11.0,50.0,50.0,60.0,9.0,46.5,3.4,254.53302,-0.7524874649356595,0.6539413459239518,-0.9681915881157835,-0.01919792711752862,-0.4992842944566107,-1.1851896515885518,-0.6975138152066773,0.07876967875513596
2013.0,10.0,13.0,4.605636928539725,26.6271637816245,30.36462494451842,64.59343098091433,47.77807367953839,46.5,4.1,335.5999092353029,0.37427987260128154,-0.24639004025634262,0.03901444208810982,-0.04015154533851981,0.6138286839982741,0.31716983517936814,-0.24393663852837671,0.04711067885867935
2013.0,10.0,13.0,6.5,27.5,21.0,83.0,18.0,46.5,5.7,610.85773,0.05895621848685584,-0.5152463421468222,-0.9725641292185612,-0.6582429602838742,-0.3228738956556333,-0.934761248838613,1.1083526134685213,-0.9094290984899
2013.0,10.0,13.0,4.605636928539725,26.6271637816245,30.36462494451842,64.59343098091433,47.77807367953839,46.5,6.9,335.5999092353029,0.37427987260128154,-0.24639004025634262,0.03901444208810982,-0.04015154533851981,0.6138286839982741,0.31716983517936814,-0.24393663852837671,0.04711067885867935
2013.0,10.0,13.0,4.605636928539725,26.6271637816245,30.36462494451842,64.59343098091433,47.77807367953839,46.5,7.9,335.5999092353029,0.37427987260128154,-0.24639004025634262,0.03901444208810982,-0.04015154533851981,0.6138286839982741,0.31716983517936814,-0.24393663852837671,0.04711067885867935
2013.0,10.0,13.0,6.5,27.0,43.0,80.0,18.0,46.5,8.1,2718.75635,0.048337029921169394,0.5365265506066833,-1.564822908225059,-1.3932725420884904,-1.1571525905429105,-1.3653168296565041,-0.019407663120819763,-0.21521836017695362
2013.0,10.0,13.0,4.605636928539725,26.6271637816245,30.36462494451842,64.59343098091433,47.77807367953839,46.5,8.2,335.5999092353029,0.37427987260128154,-0.24639004025634262,0.03901444208810982,-0.04015154533851981,0.6138286839982741,0.31716983517936814,-0.24393663852837671,0.04711067885867935
2013.0,10.0,13.0,4.605636928539725,26.6271637816245,30.36462494451842,64.59343098091433,47.77807367953839,46.5,8.8,335.5999092353029,0.37427987260128154,-0.24639004025634262,0.03901444208810982,-0.04015154533851981,0.6138286839982741,0.31716983517936814,-0.24393663852837671,0.04711067885867935
2013.0,10.0,13.0,4.605636928539725,26.6271637816245,30.36462494451842,64.59343098091433,47.77807367953839,46.5,9.2,335.5999092353029,0.37427987260128154,-0.24639004025634262,0.03901444208810982,-0.04015154533851981,0.6138286839982741,0.31716983517936814,-0.24393663852837671,0.04711067885867935
2013.0,10.0,13.0,2.0,4.0,44.0,103.0,9.0,46.5,10.8,2379.987,0.805234828986186,-1.1863843255344935,-1.5278405960513373,-1.9425737181181328,-0.6852943564522151,-1.0244158898257487,-0.5138562185146405,-0.8351701102038551
2013.0,10.0,13.0,4.605636928539725,26.6271637816245,30.36462494451842,64.59343098091433,47.77807367953839,46.5,11.7,335.5999092353029,0.37427987260128154,-0.24639004025634262,0.03901444208810982,-0.04015154533851981,0.6138286839982741,0.31716983517936814,-0.24393663852837671,0.04711067885867935
2013.0,10.0,13.0,4.605636928539725,26.6271637816245,30.36462494451842,64.59343098091433,47.77807367953839,46.5,12.9,335.5999092353029,0.37427987260128154,-0.24639004025634262,0.03901444208810982,-0.04015154533851981,0.6138286839982741,0.31716983517936814,-0.24393663852837671,0.04711067885867935
2013.0,10.0,13.0,4.605636928539725,26.6271637816245,30.36462494451842,64.59343098091433,47.77807367953839,46.5,13.6,335.5999092353029,0.37427987260128154,-0.24639004025634262,0.03901444208810982,-0.04015154533851981,0.6138286839982741,0.31716983517936814,-0.24393663852837671,0.04711067885867935
2013.0,10.0,13.0,4.605636928539725,26.6271637816245,30.36462494451842,64.59343098091433,47.77807367953839,46.5,14.0,335.5999092353029,0.37427987260128154,-0.24639004025634262,0.03901444208810982,-0.04015154533851981,0.6138286839982741,0.31716983517936814,-0.24393663852837671,0.04711067885867935
2013.0,10.0,13.0,2.0,4.0,28.0,97.0,3.0,46.5,14.5,1028.1138,0.7564758396156747,-0.8288891258779085,-0.960146394456166,-0.8904163881889274,-0.1926717851682388,-0.736500747858307,-0.29912853056338623,-0.610689315764891
2013.0,10.0,13.0,5.5,37.0,10.5,22.5,66.5,46.5,15.2,854.80708,0.16189761505037759,0.19991819650890563,-0.5834331469185658,-0.36539721950409315,0.039666468533111114,-0.3462506431770864,-0.5114147030966572,-0.082179352107838
2013.0,10.0,13.0,0.0,24.0,8.0,134.0,80.0,46.5,16.4,188.70697,1.02673054436372,-0.3267072615024601,-0.1331238494332406,-0.5464774083687346,0.6144257296650255,0.2935647003568679,-0.4474843819811841,-1.0355821865168888
2013.0,10.0,13.0,4.605636928539725,26.6271637816245,30.36462494451842,64.59343098091433,47.77807367953839,46.5,17.7,335.5999092353029,0.37427987260128154,-0.24639004025634262,0.03901444208810982,-0.04015154533851981,0.6138286839982741,0.31716983517936814,-0.24393663852837671,0.04711067885867935
2013.0,10.0,13.0,0.0,24.0,5.0,133.0,73.0,46.5,18.7,108.531364,1.005618806802269,-1.7109186314953742,0.1456835503167075,-0.34591605467698844,0.7536441528532422,0.8840454361546607,-0.7006904535608564,-0.6994382999925276
2013.0,10.0,13.0,4.605636928539725,26.6271637816245,30.36462494451842,64.59343098091433,47.77807367953839,46.5,18.8,335.5999092353029,0.37427987260128154,-0.24639004025634262,0.03901444208810982,-0.04015154533851981,0.6138286839982741,0.31716983517936814,-0.24393663852837671,0.04711067885867935
2013.0,10.0,13.0,4.605636928539725,26.6271637816245,30.36462494451842,64.59343098091433,47.77807367953839,46.5,19.3,335.5999092353029,0.37427987260128154,-0.24639004025634262,0.03901444208810982,-0.04015154533851981,0.6138286839982741,0.31716983517936814,-0.24393663852837671,0.04711067885867935
2013.0,10.0,13.0,0.0,24.0,3.0,132.0,67.0,46.5,20.3,77.851685,0.9893795850985119,-0.2604280688312566,0.14825551484376362,-0.10282545435867223,0.7978226067229461,1.7373407306420325,0.3600726869497392,-0.18768534240662926
2013.0,10.0,13.0,4.605636928539725,26.6271637816245,30.36462494451842,64.59343098091433,47.77807367953839,46.5,20.9,335.5999092353029,0.37427987260128154,-0.24639004025634262,0.03901444208810982,-0.04015154533851981,0.6138286839982741,0.31716983517936814,-0.24393663852837671,0.04711067885867935
2013.0,10.0,13.0,4.605636928539725,26.6271637816245,30.36462494451842,64.59343098091433,47.77807367953839,46.5,22.4,335.5999092353029,0.37427987260128154,-0.24639004025634262,0.03901444208810982,-0.04015154533851981,0.6138286839982741,0.31716983517936814,-0.24393663852837671,0.04711067885867935
2013.0,10.0,13.0,4.605636928539725,26.6271637816245,30.36462494451842,64.59343098091433,47.77807367953839,46.5,24.0,335.5999092353029,0.37427987260128154,-0.24639004025634262,0.03901444208810982,-0.04015154533851981,0.6138286839982741,0.31716983517936814,-0.24393663852837671,0.04711067885867935
2013.0,10.0,13.0,5.5,36.0,52.0,83.0,65.5,46.5,25.1,692.4762499999999,0.1423554059143372,0.07005190728115163,-0.19942494596122498,-0.1626684206790408,0.21985503101523013,0.6694484189052563,-0.6924440754469556,0.4489729738634747
2013.0,10.0,13.0,4.605636928539725,26.6271637816245,30.36462494451842,64.59343098091433,47.77807367953839,46.5,27.2,335.5999092353029,0.37427987260128154,-0.24639004025634262,0.03901444208810982,-0.04015154533851981,0.6138286839982741,0.31716983517936814,-0.24393663852837671,0.04711067885867935
2013.0,10.0,13.0,2.0,5.0,14.0,114.0,37.0,46.6,1.8,222.12296,0.9131688352146601,-1.0150772649213278,-1.094455509937096,-1.0617059269804499,-0.44393508844921814,-1.0797492927915557,-0.6380275293138817,-1.3319879728516901
2013.0,10.0,13.0,13.0,31.0,21.0,26.0,95.0,46.6,6.0,885.3098,-0.5970283125394119,0.9478223680680673,-0.4504643935306318,-0.2127538461850367,-0.14382129776000938,-0.8034164269426195,0.06074961493335272,-1.2548266731416762
2013.0,10.0,13.0,4.605636928539725,26.6271637816245,30.36462494451842,64.59343098091433,47.77807367953839,46.6,6.6,335.5999092353029,0.37427987260128154,-0.24639004025634262,0.03901444208810982,-0.04015154533851981,0.6138286839982741,0.31716983517936814,-0.24393663852837671,0.04711067885867935
2013.0,10.0,13.0,6.5,27.0,44.5,80.5,18.0,46.6,7.7,1602.06515,0.05031389432487737,-0.2992645080123798,-1.304306264820043,-1.1757216971757618,-0.895194081933891,-1.2320782601192655,-0.14215063310736828,-0.44223679260110454
2013.0,10.0,13.0,0.0,24.0,11.0,0.0,89.0,46.6,12.4,1778.7145,1.060123631375785,-0.4021275203169642,-1.2593603287309,-1.2203154272163819,-0.43109061670233195,-0.9019612488106106,0.5984171766689191,-1.3054767838440546
2013.0,10.0,13.0,11.0,50.0,10.0,45.0,52.0,46.6,15.6,367.07205,-0.7114246615271311,0.8645720020371882,-0.3855449474846885,0.26302781703477635,0.025114108858731943,-0.2286726224216526,-0.668230209894064,-0.6030189184115228
2013.0,10.0,13.0,5.5,37.0,7.0,88.5,68.5,46.6,17.2,130.494325,0.15812759736984683,0.0013223601730081302,-0.06452872972881354,0.00040759931558381757,0.5208534392136746,0.31655438476958253,-0.700099294710173,-0.9782298944232759
2013.0,10.0,13.0,4.605636928539725,26.6271637816245,30.36462494451842,64.59343098091433,47.77807367953839,46.6,18.0,335.5999092353029,0.37427987260128154,-0.24639004025634262,0.03901444208810982,-0.04015154533851981,0.6138286839982741,0.31716983517936814,-0.24393663852837671,0.04711067885867935
2013.0,10.0,13.0,4.605636928539725,26.6271637816245,30.36462494451842,64.59343098091433,47.77807367953839,46.6,18.8,335.5999092353029,0.37427987260128154,-0.24639004025634262,0.03901444208810982,-0.04015154533851981,0.6138286839982741,0.31716983517936814,-0.24393663852837671,0.04711067885867935
2013.0,10.0,13.0,4.605636928539725,26.6271637816245,30.36462494451842,64.59343098091433,47.77807367953839,46.6,21.8,335.5999092353029,0.37427987260128154,-0.24639004025634262,0.03901444208810982,-0.04015154533851981,0.6138286839982741,0.31716983517936814,-0.24393663852837671,0.04711067885867935
2013.0,10.0,13.0,4.605636928539725,26.6271637816245,30.36462494451842,64.59343098091433,47.77807367953839,46.7,-1.5,335.5999092353029,0.37427987260128154,-0.24639004025634262,0.03901444208810982,-0.04015154533851981,0.6138286839982741,0.31716983517936814,-0.24393663852837671,0.04711067885867935
2013.0,10.0,13.0,2.0,5.0,17.0,115.0,45.0,46.7,0.1,123.83673,0.931305446506751,-1.0197617506000012,-0.9767564112569884,-1.063052100988361,-0.41728777265465855,-0.997182174525169,-0.6837201778446386,-0.5600609400703067
2013.0,10.0,13.0,4.605636928539725,26.6271637816245,30.36462494451842,64.59343098091433,47.77807367953839,46.7,3.0,335.5999092353029,0.37427987260128154,-0.24639004025634262,0.03901444208810982,-0.04015154533851981,0.6138286839982741,0.31716983517936814,-0.24393663852837671,0.04711067885867935
2013.0,10.0,13.0,4.605636928539725,26.6271637816245,30.36462494451842,64.59343098091433,47.77807367953839,46.7,3.7,335.5999092353029,0.37427987260128154,-0.24639004025634262,0.03901444208810982,-0.04015154533851981,0.6138286839982741,0.31716983517936814,-0.24393663852837671,0.04711067885867935
2013.0,10.0,13.0,2.0,5.0,6.0,111.0,28.0,46.7,4.1,318.02927,0.8857453955936532,-0.34198298812478806,-1.0619313367458658,-1.0019122207767492,-0.4066503379324775,-0.9155604215870317,-0.045527284140442534,0.12702200455425272
2013.0,10.0,13.0,4.605636928539725,26.6271637816245,30.36462494451842,64.59343098091433,47.77807367953839,46.7,5.0,335.5999092353029,0.37427987260128154,-0.24639004025634262,0.03901444208810982,-0.04015154533851981,0.6138286839982741,0.31716983517936814,-0.24393663852837671,0.04711067885867935
2013.0,10.0,13.0,4.605636928539725,26.6271637816245,30.36462494451842,64.59343098091433,47.77807367953839,46.7,9.6,335.5999092353029,0.37427987260128154,-0.24639004025634262,0.03901444208810982,-0.04015154533851981,0.6138286839982741,0.31716983517936814,-0.24393663852837671,0.04711067885867935
2013.0,10.0,13.0,4.605636928539725,26.6271637816245,30.36462494451842,64.59343098091433,47.77807367953839,46.7,12.1,335.5999092353029,0.37427987260128154,-0.24639004025634262,0.03901444208810982,-0.04015154533851981,0.6138286839982741,0.31716983517936814,-0.24393663852837671,0.04711067885867935
2013.0,10.0,13.0,4.605636928539725,26.6271637816245,30.36462494451842,64.59343098091433,47.77807367953839,46.7,12.8,335.5999092353029,0.37427987260128154,-0.24639004025634262,0.03901444208810982,-0.04015154533851981,0.6138286839982741,0.31716983517936814,-0.24393663852837671,0.04711067885867935
2013.0,10.0,13.0,4.605636928539725,26.6271637816245,30.36462494451842,64.59343098091433,47.77807367953839,46.7,14.8,335.5999092353029,0.37427987260128154,-0.24639004025634262,0.03901444208810982,-0.04015154533851981,0.6138286839982741,0.31716983517936814,-0.24393663852837671,0.04711067885867935
2013.0,10.0,13.0,0.0,24.0,6.0,133.0,81.0,46.7,16.1,236.66998,1.0266714782225104,-1.1818267740168262,-0.49143053172982,-0.7277005323259946,-0.9359564079571037,-0.3572958699461044,0.4771467544969998,0.17268589547800697
2013.0,10.0,13.0,4.605636928539725,26.6271637816245,30.36462494451842,64.59343098091433,47.77807367953839,46.7,17.3,335.5999092353029,0.37427987260128154,-0.24639004025634262,0.03901444208810982,-0.04015154533851981,0.6138286839982741,0.31716983517936814,-0.24393663852837671,0.04711067885867935
2013.0,10.0,13.0,4.605636928539725,26.6271637816245,30.36462494451842,64.59343098091433,47.77807367953839,46.7,18.7,335.5999092353029,0.37427987260128154,-0.24639004025634262,0.03901444208810982,-0.04015154533851981,0.6138286839982741,0.31716983517936814,-0.24393663852837671,0.04711067885867935
2013.0,10.0,13.0,0.0,23.0,46.0,126.0,44.0,46.7,25.7,1138.5438,0.9281573093386981,-0.5489245960742819,-0.6405178693856054,-0.6444993877340288,0.12565987902356887,0.28100022954124537,-0.33188700044768565,-0.39913750815036964
2013.0,10.0,13.0,4.605636928539725,26.6271637816245,30.36462494451842,64.59343098091433,47.77807367953839,46.8,-1.5,335.5999092353029,0.37427987260128154,-0.24639004025634262,0.03901444208810982,-0.04015154533851981,0.6138286839982741,0.31716983517936814,-0.24393663852837671,0.04711067885867935
2013.0,10.0,13.0,2.0,5.0,3.0,110.0,27.0,46.8,4.4,359.9413,0.880621628239769,-1.715075267637245,-1.0690611366094438,-0.9939966853085302,-0.40820035766970236,-0.8819148513093719,0.1118812696299718,-0.33695802088475957
2013.0,10.0,13.0,4.605636928539725,26.6271637816245,30.36462494451842,64.59343098091433,47.77807367953839,46.8,7.6,335.5999092353029,0.37427987260128154,-0.24639004025634262,0.03901444208810982,-0.04015154533851981,0.6138286839982741,0.31716983517936814,-0.24393663852837671,0.04711067885867935
2013.0,10.0,13.0,4.605636928539725,26.6271637816245,30.36462494451842,64.59343098091433,47.77807367953839,46.8,7.8,335.5999092353029,0.37427987260128154,-0.24639004025634262,0.03901444208810982,-0.04015154533851981,0.6138286839982741,0.31716983517936814,-0.24393663852837671,0.04711067885867935
2013.0,10.0,13.0,11.0,50.0,37.0,55.0,21.0,46.8,8.0,1338.5752,-0.7366807925182388,1.1608878276998091,-0.9696850193583959,-0.5348100286049272,-0.5938082442278916,-1.3266100622078634,-0.7010047911669872,-1.0842995204121564
2013.0,10.0,13.0,4.605636928539725,26.6271637816245,30.36462494451842,64.59343098091433,47.77807367953839,46.8,13.0,335.5999092353029,0.37427987260128154,-0.24639004025634262,0.03901444208810982,-0.04015154533851981,0.6138286839982741,0.31716983517936814,-0.24393663852837671,0.04711067885867935
2013.0,10.0,13.0,4.605636928539725,26.6271637816245,30.36462494451842,64.59343098091433,47.77807367953839,46.8,13.9,335.5999092353029,0.37427987260128154,-0.24639004025634262,0.03901444208810982,-0.04015154533851981,0.6138286839982741,0.31716983517936814,-0.24393663852837671,0.04711067885867935
2013.0,10.0,13.0,4.605636928539725,26.6271637816245,30.36462494451842,64.59343098091433,47.77807367953839,46.8,18.7,335.5999092353029,0.37427987260128154,-0.24639004025634262,0.03901444208810982,-0.04015154533851981,0.6138286839982741,0.31716983517936814,-0.24393663852837671,0.04711067885867935
2013.0,10.0,13.0,0.0,24.0,0.0,131.0,72.0,46.8,19.1,94.50472,0.99748685377163,-0.37363564670172444,-0.005510502214020524,-0.38126382232795997,-0.13178105117670166,0.932423275272495,-0.25904920018116484,-0.4561173291504535
2013.0,10.0,13.0,4.605636928539725,26.6271637816245,30.36462494451842,64.59343098091433,47.77807367953839,46.9,1.8,335.5999092353029,0.37427987260128154,-0.24639004025634262,0.03901444208810982,-0.04015154533851981,0.6138286839982741,0.31716983517936814,-0.24393663852837671,0.04711067885867935
2013.0,10.0,13.0,4.605636928539725,26.6271637816245,30.36462494451842,64.59343098091433,47.77807367953839,46.9,6.6,335.5999092353029,0.37427987260128154,-0.24639004025634262,0.03901444208810982,-0.04015154533851981,0.6138286839982741,0.31716983517936814,-0.24393663852837671,0.04711067885867935
2013.0,10.0,13.0,0.0,24.0,3.0,132.0,81.0,46.9,16.1,307.63184,1.0237029638346287,-1.2709403364615561,-0.29649898376479245,-0.6099874269805903,0.4175125045027513,0.04068299377966639,-0.4319870800382264,-1.2341357547472647
2013.0,10.0,13.0,11.0,50.0,3.0,42.0,77.0,46.9,21.9,179.66,-0.6679840051428173,0.7320086304052884,0.3957703438365471,0.7626013090614231,0.6428445181383426,0.9886181674809073,-0.7292713021720917,-0.8726778766366139
2013.0,10.0,13.0,2.0,5.0,3.0,110.0,31.0,47.0,3.4,256.16547,0.8895688262567295,-0.23713084133697238,-1.1084502597540586,-0.9956674915606974,-0.45064324199422195,-0.8727862243749142,-0.3302496198851969,-0.9528786339823152
2013.0,10.0,13.0,4.605636928539725,26.6271637816245,30.36462494451842,64.59343098091433,47.77807367953839,47.0,5.4,335.5999092353029,0.37427987260128154,-0.24639004025634262,0.03901444208810982,-0.04015154533851981,0.6138286839982741,0.31716983517936814,-0.24393663852837671,0.04711067885867935
2013.0,10.0,13.0,4.605636928539725,26.6271637816245,30.36462494451842,64.59343098091433,47.77807367953839,47.0,6.1,335.5999092353029,0.37427987260128154,-0.24639004025634262,0.03901444208810982,-0.04015154533851981,0.6138286839982741,0.31716983517936814,-0.24393663852837671,0.04711067885867935
2013.0,10.0,13.0,6.5,27.0,40.5,79.0,19.0,47.0,8.8,1378.1941000000002,0.04722978220914337,-0.25304945820607105,-1.0430353530396297,-0.9409382906303007,-0.9054582296643677,-1.104693455510385,-0.15963369680381187,-0.2393040738352527
2013.0,10.0,13.0,4.605636928539725,26.6271637816245,30.36462494451842,64.59343098091433,47.77807367953839,47.0,10.9,335.5999092353029,0.37427987260128154,-0.24639004025634262,0.03901444208810982,-0.04015154533851981,0.6138286839982741,0.31716983517936814,-0.24393663852837671,0.04711067885867935
2013.0,10.0,13.0,4.605636928539725,26.6271637816245,30.36462494451842,64.59343098091433,47.77807367953839,47.0,11.3,335.5999092353029,0.37427987260128154,-0.24639004025634262,0.03901444208810982,-0.04015154533851981,0.6138286839982741,0.31716983517936814,-0.24393663852837671,0.04711067885867935
2013.0,10.0,13.0,4.605636928539725,26.6271637816245,30.36462494451842,64.59343098091433,47.77807367953839,47.0,13.8,335.5999092353029,0.37427987260128154,-0.24639004025634262,0.03901444208810982,-0.04015154533851981,0.6138286839982741,0.31716983517936814,-0.24393663852837671,0.04711067885867935
2013.0,10.0,13.0,4.605636928539725,26.6271637816245,30.36462494451842,64.59343098091433,47.77807367953839,47.0,15.6,335.5999092353029,0.37427987260128154,-0.24639004025634262,0.03901444208810982,-0.04015154533851981,0.6138286839982741,0.31716983517936814,-0.24393663852837671,0.04711067885867935
2013.0,10.0,13.0,11.0,50.0,16.0,47.0,56.0,47.0,16.3,251.5447,-0.698534732465614,1.8328542431645518,-0.3066186672152246,0.4078202583173093,-0.0916987978845872,-0.18732885391685034,-0.7409440561990391,-0.8455176465554517
2013.0,10.0,13.0,0.0,24.0,0.0,131.0,80.0,47.0,16.5,220.67369,1.0178164057541526,-0.331342292843117,-0.20009462349078194,-0.5608314833480779,0.5216033068318859,0.18237154461994204,-0.5190453878048559,-1.08146589779578
2013.0,10.0,13.0,4.605636928539725,26.6271637816245,30.36462494451842,64.59343098091433,47.77807367953839,47.0,16.7,335.5999092353029,0.37427987260128154,-0.24639004025634262,0.03901444208810982,-0.04015154533851981,0.6138286839982741,0.31716983517936814,-0.24393663852837671,0.04711067885867935
2013.0,10.0,13.0,4.605636928539725,26.6271637816245,30.36462494451842,64.59343098091433,47.77807367953839,47.0,18.3,335.5999092353029,0.37427987260128154,-0.24639004025634262,0.03901444208810982,-0.04015154533851981,0.6138286839982741,0.31716983517936814,-0.24393663852837671,0.04711067885867935
2013.0,10.0,13.0,5.5,36.5,34.5,87.5,69.5,47.0,18.5,115.283927,0.15586420708225995,-0.10522981625926942,0.13186603846245143,0.1238437611661142,0.5942473766162792,0.7578471797172508,-0.7254992365527637,-0.5507564323948935
2013.0,10.0,13.0,0.0,23.0,57.0,130.0,73.0,47.0,18.8,133.85246,0.9968858337452176,-1.6476377870333407,0.15374687058614772,-0.3252792959654685,0.7406306497569093,1.1192271513586176,-0.6405657881029524,-0.594631738119471
2013.0,10.0,13.0,0.0,23.0,55.0,129.0,70.0,47.0,19.7,122.9858,0.9871026735133012,-0.029988442765906842,0.19818224049862043,-0.1646469007746439,0.8630194790829221,1.8014203137415972,0.6892697385268668,-0.3750674078007665
2013.0,10.0,13.0,4.605636928539725,26.6271637816245,30.36462494451842,64.59343098091433,47.77807367953839,47.0,21.1,335.5999092353029,0.37427987260128154,-0.24639004025634262,0.03901444208810982,-0.04015154533851981,0.6138286839982741,0.31716983517936814,-0.24393663852837671,0.04711067885867935
2013.0,10.0,13.0,4.605636928539725,26.6271637816245,30.36462494451842,64.59343098091433,47.77807367953839,47.0,23.5,335.5999092353029,0.37427987260128154,-0.24639004025634262,0.03901444208810982,-0.04015154533851981,0.6138286839982741,0.31716983517936814,-0.24393663852837671,0.04711067885867935
2013.0,10.0,13.0,2.0,5.0,3.0,110.0,35.0,47.1,2.5,159.86125,0.8979050864250596,-1.0056558814248548,-1.196883946875501,-1.062081434427169,-0.908826687804099,-0.9759872376473296,-0.4404856830445537,-0.636969477597469
2013.0,10.0,13.0,4.605636928539725,26.6271637816245,30.36462494451842,64.59343098091433,47.77807367953839,47.1,4.5,335.5999092353029,0.37427987260128154,-0.24639004025634262,0.03901444208810982,-0.04015154533851981,0.6138286839982741,0.31716983517936814,-0.24393663852837671,0.04711067885867935
2013.0,10.0,13.0,4.605636928539725,26.6271637816245,30.36462494451842,64.59343098091433,47.77807367953839,47.1,7.2,335.5999092353029,0.37427987260128154,-0.24639004025634262,0.03901444208810982,-0.04015154533851981,0.6138286839982741,0.31716983517936814,-0.24393663852837671,0.04711067885867935
2013.0,10.0,13.0,2.0,4.0,47.0,104.0,17.0,47.1,7.7,631.2006,0.8373599995662928,-0.76718842637498,-1.2192370778884665,-1.1819506793053367,-0.5515956629170454,-0.5382492717675768,0.6368538737345525,-0.02343975568369336
2013.0,10.0,13.0,11.0,50.0,37.0,55.0,26.0,47.1,9.3,1310.3019,-0.7265443594589163,0.9917660970778421,-0.9331921256498809,-0.5952231202099885,-0.6440341635865608,-1.297103690743345,-0.7400163205083251,-0.5315925272446803
2013.0,10.0,13.0,4.605636928539725,26.6271637816245,30.36462494451842,64.59343098091433,47.77807367953839,47.1,12.2,335.5999092353029,0.37427987260128154,-0.24639004025634262,0.03901444208810982,-0.04015154533851981,0.6138286839982741,0.31716983517936814,-0.24393663852837671,0.04711067885867935
2013.0,10.0,13.0,4.605636928539725,26.6271637816245,30.36462494451842,64.59343098091433,47.77807367953839,47.1,14.1,335.5999092353029,0.37427987260128154,-0.24639004025634262,0.03901444208810982,-0.04015154533851981,0.6138286839982741,0.31716983517936814,-0.24393663852837671,0.04711067885867935
2013.0,10.0,13.0,4.605636928539725,26.6271637816245,30.36462494451842,64.59343098091433,47.77807367953839,47.1,16.0,335.5999092353029,0.37427987260128154,-0.24639004025634262,0.03901444208810982,-0.04015154533851981,0.6138286839982741,0.31716983517936814,-0.24393663852837671,0.04711067885867935
2013.0,10.0,13.0,5.5,36.5,33.0,87.0,70.0,47.1,19.2,93.97107,0.15519717843908482,0.20448707048667314,0.21303145856194594,0.2204392160053342,0.6174042063587861,1.0951997675488547,-0.4010177180635014,-0.08745356945329652
2013.0,10.0,13.0,7.5,18.0,21.5,71.5,66.0,47.2,0.1,53.3477965,0.14435405646751764,-0.1118548247442398,-0.6826098714615614,-0.5393136953368459,-0.4047031712079176,-0.7193506882942544,-0.5103623391938189,-0.28124633427930673
2013.0,10.0,13.0,4.605636928539725,26.6271637816245,30.36462494451842,64.59343098091433,47.77807367953839,47.2,1.7,335.5999092353029,0.37427987260128154,-0.24639004025634262,0.03901444208810982,-0.04015154533851981,0.6138286839982741,0.31716983517936814,-0.24393663852837671,0.04711067885867935
2013.0,10.0,13.0,4.605636928539725,26.6271637816245,30.36462494451842,64.59343098091433,47.77807367953839,47.2,3.0,335.5999092353029,0.37427987260128154,-0.24639004025634262,0.03901444208810982,-0.04015154533851981,0.6138286839982741,0.31716983517936814,-0.24393663852837671,0.04711067885867935
2013.0,10.0,13.0,2.0,4.0,55.0,107.0,27.0,47.2,4.6,437.58298,0.8722939635173608,0.1520351751030875,-1.077407433398894,-1.0063876235073024,-0.4277828268128184,-0.7590632324438918,0.044315226073160435,-0.8361544151308897
2013.0,10.0,13.0,2.0,4.0,55.0,107.0,26.0,47.2,4.9,427.49164,0.8699542390581025,-1.1623228966983663,-1.0886882269118545,-1.002720571215813,-0.6369619753980001,-0.7798376811453324,0.17589336156030994,-0.1148893526744792
2013.0,10.0,13.0,4.605636928539725,26.6271637816245,30.36462494451842,64.59343098091433,47.77807367953839,47.2,6.1,335.5999092353029,0.37427987260128154,-0.24639004025634262,0.03901444208810982,-0.04015154533851981,0.6138286839982741,0.31716983517936814,-0.24393663852837671,0.04711067885867935
2013.0,10.0,13.0,4.605636928539725,26.6271637816245,30.36462494451842,64.59343098091433,47.77807367953839,47.2,6.5,335.5999092353029,0.37427987260128154,-0.24639004025634262,0.03901444208810982,-0.04015154533851981,0.6138286839982741,0.31716983517936814,-0.24393663852837671,0.04711067885867935
2013.0,10.0,13.0,2.0,4.0,44.0,103.0,17.0,47.2,7.8,536.7359,0.8345762652261355,-1.5000481093674114,-1.2285400568630016,-1.1657941685817483,-0.5507246096519011,-0.4875407304812271,0.8034955111989845,-0.8716410775134772
2013.0,10.0,13.0,2.0,4.0,31.0,98.0,9.0,47.2,11.2,1499.0885,0.7916771439745312,-0.726023307887819,-1.2810719791629246,-1.4867157532325261,-0.6977089208594937,-0.929481167143637,-0.517659720101621,-0.6924361144479223
2013.0,10.0,13.0,4.605636928539725,26.6271637816245,30.36462494451842,64.59343098091433,47.77807367953839,47.2,14.4,335.5999092353029,0.37427987260128154,-0.24639004025634262,0.03901444208810982,-0.04015154533851981,0.6138286839982741,0.31716983517936814,-0.24393663852837671,0.04711067885867935
2013.0,10.0,13.0,4.605636928539725,26.6271637816245,30.36462494451842,64.59343098091433,47.77807367953839,47.2,15.1,335.5999092353029,0.37427987260128154,-0.24639004025634262,0.03901444208810982,-0.04015154533851981,0.6138286839982741,0.31716983517936814,-0.24393663852837671,0.04711067885867935
2013.0,10.0,13.0,4.605636928539725,26.6271637816245,30.36462494451842,64.59343098091433,47.77807367953839,47.2,15.7,335.5999092353029,0.37427987260128154,-0.24639004025634262,0.03901444208810982,-0.04015154533851981,0.6138286839982741,0.31716983517936814,-0.24393663852837671,0.04711067885867935
2013.0,10.0,13.0,4.605636928539725,26.6271637816245,30.36462494451842,64.59343098091433,47.77807367953839,47.2,16.0,335.5999092353029,0.37427987260128154,-0.24639004025634262,0.03901444208810982,-0.04015154533851981,0.6138286839982741,0.31716983517936814,-0.24393663852837671,0.04711067885867935
2013.0,10.0,13.0,6.5,27.0,13.0,68.5,29.5,47.2,16.7,204.016695,0.014346746754146877,0.31665589808047045,-0.2007849452148614,-0.05793495230370749,0.2314355892633303,-0.0011461639124896589,-0.6797015009379479,-0.9399025214186331
2013.0,10.0,13.0,2.0,5.0,12.0,113.0,53.0,47.3,-1.5,20.1396,0.9403434476960189,-0.639596724472234,-0.7785620735238842,-0.9417777314708641,-0.367365068835826,-0.7453154259265183,-0.5027138469871117,0.8988947249414858
2013.0,10.0,13.0,2.0,5.0,9.0,112.0,50.0,47.3,-0.8,58.62069,0.9319646510901762,-1.493721484635262,-0.8696704426280426,-1.037565239642472,-0.45676623480339185,-0.8901291298645911,-0.5982336243198498,0.6614427446231118
2013.0,10.0,13.0,4.605636928539725,26.6271637816245,30.36462494451842,64.59343098091433,47.77807367953839,47.3,1.9,335.5999092353029,0.37427987260128154,-0.24639004025634262,0.03901444208810982,-0.04015154533851981,0.6138286839982741,0.31716983517936814,-0.24393663852837671,0.04711067885867935
2013.0,10.0,13.0,4.605636928539725,26.6271637816245,30.36462494451842,64.59343098091433,47.77807367953839,47.3,3.3,335.5999092353029,0.37427987260128154,-0.24639004025634262,0.03901444208810982,-0.04015154533851981,0.6138286839982741,0.31716983517936814,-0.24393663852837671,0.04711067885867935
2013.0,10.0,13.0,4.605636928539725,26.6271637816245,30.36462494451842,64.59343098091433,47.77807367953839,47.3,4.2,335.5999092353029,0.37427987260128154,-0.24639004025634262,0.03901444208810982,-0.04015154533851981,0.6138286839982741,0.31716983517936814,-0.24393663852837671,0.04711067885867935
2013.0,10.0,13.0,11.0,50.0,55.0,62.0,14.0,47.3,5.1,238.13858,-0.7318635960689159,0.38660376051389767,-1.0344624736273986,-0.3387612246169604,-0.47141099224799476,-1.0653195955922135,-0.3458418465986633,-1.2599652335150109
2013.0,10.0,13.0,4.605636928539725,26.6271637816245,30.36462494451842,64.59343098091433,47.77807367953839,47.3,6.6,335.5999092353029,0.37427987260128154,-0.24639004025634262,0.03901444208810982,-0.04015154533851981,0.6138286839982741,0.31716983517936814,-0.24393663852837671,0.04711067885867935
2013.0,10.0,13.0,11.0,50.0,45.0,58.0,22.0,47.3,8.0,490.63025,-0.7254622368965093,1.409891732346496,-0.8011035198722289,-0.18920428024704705,-0.4664127128682657,-1.0594975709072654,-0.6806625408552829,-1.022942204772367
2013.0,10.0,13.0,4.605636928539725,26.6271637816245,30.36462494451842,64.59343098091433,47.77807367953839,47.3,8.7,335.5999092353029,0.37427987260128154,-0.24639004025634262,0.03901444208810982,-0.04015154533851981,0.6138286839982741,0.31716983517936814,-0.24393663852837671,0.04711067885867935
2013.0,10.0,13.0,4.605636928539725,26.6271637816245,30.36462494451842,64.59343098091433,47.77807367953839,47.3,9.1,335.5999092353029,0.37427987260128154,-0.24639004025634262,0.03901444208810982,-0.04015154533851981,0.6138286839982741,0.31716983517936814,-0.24393663852837671,0.04711067885867935
2013.0,10.0,13.0,4.605636928539725,26.6271637816245,30.36462494451842,64.59343098091433,47.77807367953839,47.3,12.8,335.5999092353029,0.37427987260128154,-0.24639004025634262,0.03901444208810982,-0.04015154533851981,0.6138286839982741,0.31716983517936814,-0.24393663852837671,0.04711067885867935
2013.0,10.0,13.0,4.605636928539725,26.6271637816245,30.36462494451842,64.59343098091433,47.77807367953839,47.3,13.5,335.5999092353029,0.37427987260128154,-0.24639004025634262,0.03901444208810982,-0.04015154533851981,0.6138286839982741,0.31716983517936814,-0.24393663852837671,0.04711067885867935
2013.0,10.0,13.0,4.605636928539725,26.6271637816245,30.36462494451842,64.59343098091433,47.77807367953839,47.3,13.9,335.5999092353029,0.37427987260128154,-0.24639004025634262,0.03901444208810982,-0.04015154533851981,0.6138286839982741,0.31716983517936814,-0.24393663852837671,0.04711067885867935
2013.0,10.0,13.0,0.0,23.0,58.0,130.0,86.0,47.3,14.1,1691.7211,1.0336690527874552,-0.33499334668909675,-1.3062881074939856,-1.2412388636560376,-0.4816471566537751,-1.1086030050936984,-0.6047906240197579,-0.5898243718809081
2013.0,10.0,13.0,0.0,23.0,58.0,130.0,84.0,47.3,15.0,1031.8699,1.026913913876729,-0.38830748583456487,-1.055944520334993,-0.9742514539543804,-0.2738458536750717,-0.9643401517441896,-0.5387861205258074,-1.037048229651658
2013.0,10.0,13.0,5.5,36.5,38.0,89.0,68.5,47.3,16.2,410.92601,0.1610258054180051,-0.19000809446767897,-0.3056554393099285,-0.13269727363074033,0.04015806238407765,-0.29112792088258477,-0.6284781327133471,0.19371558106962633
2013.0,10.0,13.0,0.0,23.0,55.0,129.0,80.0,47.3,16.6,258.8434,1.0118776138099947,-0.8675563626849103,-0.4053955993082475,-0.6277065332082619,-0.41771752914076365,-0.21521256978417624,-0.5642322270144045,0.7681778710825664
2013.0,10.0,13.0,11.0,50.0,13.0,46.0,69.0,47.3,19.4,126.36632,-0.6761707706709141,0.8745661166276358,0.23857235531900028,0.7083247359243251,0.43561882184032075,0.6498041339929773,-0.706563853662572,0.4770025256116839
2013.0,10.0,13.0,0.0,23.0,49.0,127.0,70.0,47.3,19.8,104.53955,0.9812798098910701,-1.4189908923430141,0.18963050879784432,-0.13117909298595096,0.8708668782780982,1.9695638459449802,1.8251756054590687,-0.5748214784958053
2013.0,10.0,13.0,4.605636928539725,26.6271637816245,30.36462494451842,64.59343098091433,47.77807367953839,47.3,20.4,335.5999092353029,0.37427987260128154,-0.24639004025634262,0.03901444208810982,-0.04015154533851981,0.6138286839982741,0.31716983517936814,-0.24393663852837671,0.04711067885867935
2013.0,10.0,13.0,4.605636928539725,26.6271637816245,30.36462494451842,64.59343098091433,47.77807367953839,47.3,22.3,335.5999092353029,0.37427987260128154,-0.24639004025634262,0.03901444208810982,-0.04015154533851981,0.6138286839982741,0.31716983517936814,-0.24393663852837671,0.04711067885867935
2013.0,10.0,13.0,4.605636928539725,26.6271637816245,30.36462494451842,64.59343098091433,47.77807367953839,47.3,23.2,335.5999092353029,0.37427987260128154,-0.24639004025634262,0.03901444208810982,-0.04015154533851981,0.6138286839982741,0.31716983517936814,-0.24393663852837671,0.04711067885867935
2013.0,10.0,13.0,2.0,5.0,15.0,114.0,64.0,47.4,-4.0,0.0,0.964192063397548,-1.7263471068091794,-0.11993573375338729,0.0515702870450649,0.5877611160021897,-0.16719533527942004,1.0951937471619468,-0.10809145461965286
2013.0,10.0,13.0,2.0,5.0,4.0,110.0,43.0,47.4,0.8,82.392654,0.9133958431454283,-1.6182690462530553,-0.9120867096130452,-1.2234543464537764,-0.4428474346968687,-0.9047417619014385,-0.6809788956955511,0.12313937926777996
2013.0,10.0,13.0,4.605636928539725,26.6271637816245,30.36462494451842,64.59343098091433,47.77807367953839,47.4,3.0,335.5999092353029,0.37427987260128154,-0.24639004025634262,0.03901444208810982,-0.04015154533851981,0.6138286839982741,0.31716983517936814,-0.24393663852837671,0.04711067885867935
2013.0,10.0,13.0,2.0,4.0,55.0,107.0,30.0,47.4,3.9,368.51758,0.8790283851994541,-0.11598627116293636,-1.0998119231396866,-1.0184539294618091,-0.4530708016971948,-0.7514784155009482,-0.10715738450912421,-0.762312192735629
2013.0,10.0,13.0,11.0,50.0,55.0,62.0,15.0,47.4,5.5,216.02208,-0.7293157516203134,0.5201141815599757,-0.9899253932931426,-0.304970399669795,-0.4445938908364768,-1.0160078205008707,-0.3990767437633504,0.12962618752682287
2013.0,10.0,13.0,2.0,4.0,45.0,103.0,19.0,47.4,7.1,643.4164,0.8406166597490156,-1.8487673866479886,-1.2734215427838829,-1.094722318290192,-0.5641655310050515,-0.5263848978010522,1.2216643958921647,-0.5640202038019393
2013.0,10.0,13.0,4.605636928539725,26.6271637816245,30.36462494451842,64.59343098091433,47.77807367953839,47.4,7.4,335.5999092353029,0.37427987260128154,-0.24639004025634262,0.03901444208810982,-0.04015154533851981,0.6138286839982741,0.31716983517936814,-0.24393663852837671,0.04711067885867935
2013.0,10.0,13.0,11.0,50.0,47.0,59.0,21.0,47.4,7.6,598.059,-0.7245216967561658,1.042818998960908,-0.8175342846425833,-0.19176419122789276,-0.4368947052074148,-1.0131982192460967,-0.6518104912256776,-0.12850813229611918
2013.0,10.0,13.0,4.605636928539725,26.6271637816245,30.36462494451842,64.59343098091433,47.77807367953839,47.4,8.7,335.5999092353029,0.37427987260128154,-0.24639004025634262,0.03901444208810982,-0.04015154533851981,0.6138286839982741,0.31716983517936814,-0.24393663852837671,0.04711067885867935
2013.0,10.0,13.0,4.605636928539725,26.6271637816245,30.36462494451842,64.59343098091433,47.77807367953839,47.4,10.3,335.5999092353029,0.37427987260128154,-0.24639004025634262,0.03901444208810982,-0.04015154533851981,0.6138286839982741,0.31716983517936814,-0.24393663852837671,0.04711067885867935
2013.0,10.0,13.0,4.605636928539725,26.6271637816245,30.36462494451842,64.59343098091433,47.77807367953839,47.4,11.4,335.5999092353029,0.37427987260128154,-0.24639004025634262,0.03901444208810982,-0.04015154533851981,0.6138286839982741,0.31716983517936814,-0.24393663852837671,0.04711067885867935
2013.0,10.0,13.0,4.605636928539725,26.6271637816245,30.36462494451842,64.59343098091433,47.77807367953839,47.4,11.8,335.5999092353029,0.37427987260128154,-0.24639004025634262,0.03901444208810982,-0.04015154533851981,0.6138286839982741,0.31716983517936814,-0.24393663852837671,0.04711067885867935
2013.0,10.0,13.0,4.333333333333333,25.666666666666668,39.333333333333336,93.33333333333333,45.0,47.4,11.9,1124.127,0.3736997318038913,-0.7459204193400236,-1.0115957553361241,-1.1560656993116363,-0.6473155792554037,-0.9463838708834401,-0.6363568003839811,-0.3980173604788273
2013.0,10.0,13.0,4.605636928539725,26.6271637816245,30.36462494451842,64.59343098091433,47.77807367953839,47.4,13.2,335.5999092353029,0.37427987260128154,-0.24639004025634262,0.03901444208810982,-0.04015154533851981,0.6138286839982741,0.31716983517936814,-0.24393663852837671,0.04711067885867935
2013.0,10.0,13.0,4.605636928539725,26.6271637816245,30.36462494451842,64.59343098091433,47.77807367953839,47.4,13.4,335.5999092353029,0.37427987260128154,-0.24639004025634262,0.03901444208810982,-0.04015154533851981,0.6138286839982741,0.31716983517936814,-0.24393663852837671,0.04711067885867935
2013.0,10.0,13.0,11.0,50.0,29.0,52.0,44.0,47.4,13.5,1237.1763,-0.7040975948684982,2.1376341314278373,-1.0292258974564086,-0.5637346000597951,-1.429800314338812,-1.2704614738733313,-0.6044051358730165,-0.8548416384393865
2013.0,10.0,13.0,2.0,4.0,7.0,89.0,2.0,47.4,16.0,690.44867,0.7282755039209218,-0.1413038964539951,-0.571327592658668,-0.7151488930908872,0.1796460733522195,-0.4861555239642761,-0.48130119353490936,0.9230083430677998
2013.0,10.0,13.0,4.605636928539725,26.6271637816245,30.36462494451842,64.59343098091433,47.77807367953839,47.4,16.6,335.5999092353029,0.37427987260128154,-0.24639004025634262,0.03901444208810982,-0.04015154533851981,0.6138286839982741,0.31716983517936814,-0.24393663852837671,0.04711067885867935
2013.0,10.0,13.0,6.5,27.0,11.5,68.0,30.0,47.4,16.9,160.46693499999998,0.014017056304014452,0.06923038600961867,-0.15491606257558221,-0.008461240541557391,0.23376778441053175,0.022328649040948667,-0.7235394053068043,-0.5157423654172253
2013.0,10.0,13.0,4.605636928539725,26.6271637816245,30.36462494451842,64.59343098091433,47.77807367953839,47.4,18.2,335.5999092353029,0.37427987260128154,-0.24639004025634262,0.03901444208810982,-0.04015154533851981,0.6138286839982741,0.31716983517936814,-0.24393663852837671,0.04711067885867935
2013.0,10.0,13.0,4.605636928539725,26.6271637816245,30.36462494451842,64.59343098091433,47.77807367953839,47.4,19.8,335.5999092353029,0.37427987260128154,-0.24639004025634262,0.03901444208810982,-0.04015154533851981,0.6138286839982741,0.31716983517936814,-0.24393663852837671,0.04711067885867935
2013.0,10.0,13.0,4.605636928539725,26.6271637816245,30.36462494451842,64.59343098091433,47.77807367953839,47.4,21.4,335.5999092353029,0.37427987260128154,-0.24639004025634262,0.03901444208810982,-0.04015154533851981,0.6138286839982741,0.31716983517936814,-0.24393663852837671,0.04711067885867935
2013.0,10.0,13.0,2.0,5.0,4.0,110.0,46.0,47.5,0.2,83.73487,0.9188945041791549,-1.2168823816176715,-0.8923750284647916,-1.195751587400812,-0.4524253247026486,-0.9184869619525085,-0.6809687499347973,-1.0667318707859295
2013.0,10.0,13.0,2.0,5.0,1.0,109.0,42.0,47.5,1.1,106.931816,0.9086489530358293,-1.6494651414120427,-0.8859672718924856,-1.232121704358328,-0.4400285610086539,-0.8464914103661515,-0.6572063718389768,-1.0190761361917393
2013.0,10.0,13.0,4.605636928539725,26.6271637816245,30.36462494451842,64.59343098091433,47.77807367953839,47.5,2.9,335.5999092353029,0.37427987260128154,-0.24639004025634262,0.03901444208810982,-0.04015154533851981,0.6138286839982741,0.31716983517936814,-0.24393663852837671,0.04711067885867935
2013.0,10.0,13.0,2.0,4.0,55.0,107.0,32.0,47.5,3.4,219.15648,0.8833060521201158,-0.6539645801201145,-1.1059185765821653,-1.0262184544084454,-0.45592160604341875,-0.7028975326580778,-0.1581232684660805,-0.8943869198791916
2013.0,10.0,13.0,4.605636928539725,26.6271637816245,30.36462494451842,64.59343098091433,47.77807367953839,47.5,7.1,335.5999092353029,0.37427987260128154,-0.24639004025634262,0.03901444208810982,-0.04015154533851981,0.6138286839982741,0.31716983517936814,-0.24393663852837671,0.04711067885867935
2013.0,10.0,13.0,6.5,27.0,43.0,80.0,19.5,47.5,7.9,490.92611999999997,0.05334608113139877,-0.5188982879336814,-1.027392592279621,-0.6328937850017828,-0.48707976840918243,-0.6803222763876063,0.24295533935714775,0.07540248727093202
2013.0,10.0,13.0,4.605636928539725,26.6271637816245,30.36462494451842,64.59343098091433,47.77807367953839,47.5,8.1,335.5999092353029,0.37427987260128154,-0.24639004025634262,0.03901444208810982,-0.04015154533851981,0.6138286839982741,0.31716983517936814,-0.24393663852837671,0.04711067885867935
2013.0,10.0,13.0,4.605636928539725,26.6271637816245,30.36462494451842,64.59343098091433,47.77807367953839,47.5,8.4,335.5999092353029,0.37427987260128154,-0.24639004025634262,0.03901444208810982,-0.04015154533851981,0.6138286839982741,0.31716983517936814,-0.24393663852837671,0.04711067885867935
2013.0,10.0,13.0,2.0,4.0,36.0,100.0,15.0,47.5,8.7,491.4158,0.8199062633933208,-1.195893537149085,-1.051617295756778,-1.045026936003044,-0.662654765656084,-0.39650663675150516,0.822525775822414,2.0557080852246865
2013.0,10.0,13.0,2.0,4.0,31.0,98.0,12.0,47.5,10.0,875.963,0.8038190047655496,-0.7976372009763898,-0.9611755830805413,-1.1896005331607131,-0.6603824090648369,-0.6794154867606476,0.27179443807874715,2.0968574747913205
2013.0,10.0,13.0,4.605636928539725,26.6271637816245,30.36462494451842,64.59343098091433,47.77807367953839,47.5,10.8,335.5999092353029,0.37427987260128154,-0.24639004025634262,0.03901444208810982,-0.04015154533851981,0.6138286839982741,0.31716983517936814,-0.24393663852837671,0.04711067885867935
2013.0,10.0,13.0,4.605636928539725,26.6271637816245,30.36462494451842,64.59343098091433,47.77807367953839,47.5,11.1,335.5999092353029,0.37427987260128154,-0.24639004025634262,0.03901444208810982,-0.04015154533851981,0.6138286839982741,0.31716983517936814,-0.24393663852837671,0.04711067885867935
2013.0,10.0,13.0,4.605636928539725,26.6271637816245,30.36462494451842,64.59343098091433,47.77807367953839,47.5,12.7,335.5999092353029,0.37427987260128154,-0.24639004025634262,0.03901444208810982,-0.04015154533851981,0.6138286839982741,0.31716983517936814,-0.24393663852837671,0.04711067885867935
2013.0,10.0,13.0,4.605636928539725,26.6271637816245,30.36462494451842,64.59343098091433,47.77807367953839,47.5,12.9,335.5999092353029,0.37427987260128154,-0.24639004025634262,0.03901444208810982,-0.04015154533851981,0.6138286839982741,0.31716983517936814,-0.24393663852837671,0.04711067885867935
2013.0,10.0,13.0,4.605636928539725,26.6271637816245,30.36462494451842,64.59343098091433,47.77807367953839,47.5,14.7,335.5999092353029,0.37427987260128154,-0.24639004025634262,0.03901444208810982,-0.04015154533851981,0.6138286839982741,0.31716983517936814,-0.24393663852837671,0.04711067885867935
2013.0,10.0,13.0,4.605636928539725,26.6271637816245,30.36462494451842,64.59343098091433,47.77807367953839,47.5,15.6,335.5999092353029,0.37427987260128154,-0.24639004025634262,0.03901444208810982,-0.04015154533851981,0.6138286839982741,0.31716983517936814,-0.24393663852837671,0.04711067885867935
2013.0,10.0,13.0,4.605636928539725,26.6271637816245,30.36462494451842,64.59343098091433,47.77807367953839,47.5,15.8,335.5999092353029,0.37427987260128154,-0.24639004025634262,0.03901444208810982,-0.04015154533851981,0.6138286839982741,0.31716983517936814,-0.24393663852837671,0.04711067885867935
2013.0,10.0,13.0,0.0,23.0,52.0,128.0,81.0,47.5,16.3,539.1044,1.0117539716263435,-1.309032053487206,-0.43498728984372115,-0.5879826906029673,0.3070627242021823,-0.308946050341032,-0.5084647961212069,-0.28013391109211794
2013.0,10.0,13.0,5.5,36.5,38.0,89.0,69.0,47.5,16.6,238.0876,0.1614071897614982,0.009411860146001316,-0.20857183468450863,-0.06463836588478239,0.11895528310699692,-0.15604265693704364,-0.6903373160613848,-0.6063251859429957
2013.0,10.0,13.0,4.605636928539725,26.6271637816245,30.36462494451842,64.59343098091433,47.77807367953839,47.5,18.2,335.5999092353029,0.37427987260128154,-0.24639004025634262,0.03901444208810982,-0.04015154533851981,0.6138286839982741,0.31716983517936814,-0.24393663852837671,0.04711067885867935
2013.0,10.0,13.0,4.605636928539725,26.6271637816245,30.36462494451842,64.59343098091433,47.77807367953839,47.5,20.6,335.5999092353029,0.37427987260128154,-0.24639004025634262,0.03901444208810982,-0.04015154533851981,0.6138286839982741,0.31716983517936814,-0.24393663852837671,0.04711067885867935
2013.0,10.0,13.0,4.605636928539725,26.6271637816245,30.36462494451842,64.59343098091433,47.77807367953839,47.5,23.0,335.5999092353029,0.37427987260128154,-0.24639004025634262,0.03901444208810982,-0.04015154533851981,0.6138286839982741,0.31716983517936814,-0.24393663852837671,0.04711067885867935
2013.0,10.0,13.0,4.605636928539725,26.6271637816245,30.36462494451842,64.59343098091433,47.77807367953839,47.5,24.3,335.5999092353029,0.37427987260128154,-0.24639004025634262,0.03901444208810982,-0.04015154533851981,0.6138286839982741,0.31716983517936814,-0.24393663852837671,0.04711067885867935
2013.0,10.0,13.0,4.605636928539725,26.6271637816245,30.36462494451842,64.59343098091433,47.77807367953839,47.6,2.4,335.5999092353029,0.37427987260128154,-0.24639004025634262,0.03901444208810982,-0.04015154533851981,0.6138286839982741,0.31716983517936814,-0.24393663852837671,0.04711067885867935
2013.0,10.0,13.0,11.0,51.0,8.0,67.0,9.0,47.6,2.7,190.01607,-0.7308436031528036,0.5426858843567053,-1.2060650747506714,-0.2778442262446878,-0.39111687736294837,-0.9514119746205887,1.0893757702370972,0.5814387970463822
2013.0,10.0,13.0,4.605636928539725,26.6271637816245,30.36462494451842,64.59343098091433,47.77807367953839,47.6,6.8,335.5999092353029,0.37427987260128154,-0.24639004025634262,0.03901444208810982,-0.04015154533851981,0.6138286839982741,0.31716983517936814,-0.24393663852837671,0.04711067885867935
2013.0,10.0,13.0,2.0,4.0,36.0,100.0,16.0,47.6,8.3,458.8817,0.8232163916576016,-1.068355450967926,-1.1862194580965062,-1.1067587451575427,-0.7261318075196261,-0.42770994810286317,1.0484323176647519,1.6126604534524813
2013.0,10.0,13.0,0.0,23.0,55.0,129.0,94.0,47.6,9.0,457.0659,1.0660974662917797,-0.7343109184070757,-0.9633699099029621,-1.057615722211373,-0.4736215491877562,-0.41430176414482495,0.6160554614560364,1.6013942984516873
2013.0,10.0,13.0,4.605636928539725,26.6271637816245,30.36462494451842,64.59343098091433,47.77807367953839,47.6,9.2,335.5999092353029,0.37427987260128154,-0.24639004025634262,0.03901444208810982,-0.04015154533851981,0.6138286839982741,0.31716983517936814,-0.24393663852837671,0.04711067885867935
2013.0,10.0,13.0,4.605636928539725,26.6271637816245,30.36462494451842,64.59343098091433,47.77807367953839,47.6,9.5,335.5999092353029,0.37427987260128154,-0.24639004025634262,0.03901444208810982,-0.04015154533851981,0.6138286839982741,0.31716983517936814,-0.24393663852837671,0.04711067885867935
2013.0,10.0,13.0,4.605636928539725,26.6271637816245,30.36462494451842,64.59343098091433,47.77807367953839,47.6,11.5,335.5999092353029,0.37427987260128154,-0.24639004025634262,0.03901444208810982,-0.04015154533851981,0.6138286839982741,0.31716983517936814,-0.24393663852837671,0.04711067885867935
2013.0,10.0,13.0,11.0,50.0,34.0,54.0,42.0,47.6,13.0,1007.27765,-0.701426835543207,0.3724049398784097,-0.6617461435556881,-0.33644599913365025,-0.592243139140426,-0.9888404006707183,-0.7058591989071915,-0.35536310809612937
2013.0,10.0,13.0,4.605636928539725,26.6271637816245,30.36462494451842,64.59343098091433,47.77807367953839,47.6,13.8,335.5999092353029,0.37427987260128154,-0.24639004025634262,0.03901444208810982,-0.04015154533851981,0.6138286839982741,0.31716983517936814,-0.24393663852837671,0.04711067885867935
2013.0,10.0,13.0,0.0,23.0,50.0,127.0,79.0,47.6,17.0,121.40797,1.0031990785771183,-1.1056392970342384,-0.1762923707258844,-0.5179905251635852,0.5329537757754408,0.3135888777328697,-0.693257965417206,-0.5314595645574889
2013.0,10.0,13.0,0.0,23.0,50.0,127.0,78.0,47.6,17.4,117.377335,1.000477407764441,-1.058275913334571,-0.1435365797424766,-0.48517682712078314,0.5725759510274668,0.4955363858024654,-0.7163140423061509,-1.1671749290471656
2013.0,10.0,13.0,0.0,23.0,47.0,126.0,73.0,47.6,19.0,193.72293,0.9850800989689705,-1.2100267088308696,0.12237071601702233,-0.29335793282293054,0.710145545434382,1.4460771135439172,0.3055856921146278,-1.1663992336679858
2013.0,10.0,13.0,4.605636928539725,26.6271637816245,30.36462494451842,64.59343098091433,47.77807367953839,47.6,22.2,335.5999092353029,0.37427987260128154,-0.24639004025634262,0.03901444208810982,-0.04015154533851981,0.6138286839982741,0.31716983517936814,-0.24393663852837671,0.04711067885867935
2013.0,10.0,13.0,4.605636928539725,26.6271637816245,30.36462494451842,64.59343098091433,47.77807367953839,47.6,24.2,335.5999092353029,0.37427987260128154,-0.24639004025634262,0.03901444208810982,-0.04015154533851981,0.6138286839982741,0.31716983517936814,-0.24393663852837671,0.04711067885867935
2013.0,10.0,13.0,2.0,4.0,53.0,106.0,35.0,47.7,2.8,163.13179,0.8866201475132838,-1.0065045932770151,-0.9530206227281055,-1.0759978211567938,-0.4265293850613243,-0.634764112516809,-0.3400188376236683,0.3221569075499703
2013.0,10.0,13.0,13.0,31.0,39.0,33.0,92.0,47.7,3.5,227.64098,-0.5997200094893858,1.1207943813823253,-0.5359706331657114,-0.1420437751109626,-0.5173854576328478,-1.0640697037734046,-0.7758271106237343,0.4034246221675717
2013.0,10.0,13.0,4.605636928539725,26.6271637816245,30.36462494451842,64.59343098091433,47.77807367953839,47.7,4.7,335.5999092353029,0.37427987260128154,-0.24639004025634262,0.03901444208810982,-0.04015154533851981,0.6138286839982741,0.31716983517936814,-0.24393663852837671,0.04711067885867935
2013.0,10.0,13.0,4.605636928539725,26.6271637816245,30.36462494451842,64.59343098091433,47.77807367953839,47.7,5.4,335.5999092353029,0.37427987260128154,-0.24639004025634262,0.03901444208810982,-0.04015154533851981,0.6138286839982741,0.31716983517936814,-0.24393663852837671,0.04711067885867935
2013.0,10.0,13.0,2.0,4.0,42.0,102.0,22.0,47.7,6.3,308.2236,0.846030909095864,-0.4903480769230962,-1.1088621366105864,-0.9793082875701739,-0.4608887844594019,-0.4957279017868907,1.3798332085720675,-1.08096926344008
2013.0,10.0,13.0,11.0,50.0,53.0,61.0,21.0,47.7,7.5,266.97174,-0.7184711199358086,0.7979325196512456,-0.8618367260830211,-0.18422174057770604,-0.43815274799073217,-0.9650908922335628,-0.5583703300027585,-0.7868393087390761
2013.0,10.0,13.0,4.605636928539725,26.6271637816245,30.36462494451842,64.59343098091433,47.77807367953839,47.7,7.6,335.5999092353029,0.37427987260128154,-0.24639004025634262,0.03901444208810982,-0.04015154533851981,0.6138286839982741,0.31716983517936814,-0.24393663852837671,0.04711067885867935
2013.0,10.0,13.0,4.605636928539725,26.6271637816245,30.36462494451842,64.59343098091433,47.77807367953839,47.7,8.3,335.5999092353029,0.37427987260128154,-0.24639004025634262,0.03901444208810982,-0.04015154533851981,0.6138286839982741,0.31716983517936814,-0.24393663852837671,0.04711067885867935
2013.0,10.0,13.0,11.0,50.0,45.0,58.0,29.0,47.7,9.8,609.7103,-0.7117955880780855,0.5553824672350909,-0.7607516723392475,-0.23351658158835714,-0.5235182056351734,-0.994521193979016,-0.7152078939533031,0.3231772380490543
2013.0,10.0,13.0,11.0,50.0,37.0,55.0,39.0,47.7,12.3,945.418,-0.7033763047179883,0.2832456348674086,-0.6908917180827531,-0.35076938748294323,-0.5951812625222931,-1.0338089297343567,-0.6901557616784691,-0.7625411351072497
2013.0,10.0,13.0,0.0,23.0,52.0,128.0,88.0,47.7,13.1,896.7583,1.035259430679129,-0.7229123707421219,-1.195084377333662,-1.31406308203227,-0.5528655979848027,-0.811306070119748,-0.6767595282696349,-0.6410431562777482
2013.0,10.0,13.0,5.5,36.5,43.0,91.0,66.0,47.7,13.6,954.74175,0.1674485540269955,-0.04267470503021015,-1.053817161265531,-0.7723378696830079,-0.7001340920486783,-0.9677147306348923,-0.675716367721668,-0.6170681998458241
2013.0,10.0,13.0,11.0,50.0,32.0,53.0,48.0,47.7,14.3,1051.6917,-0.6944825086637705,0.7294981699343885,-0.727437984586854,-0.2156513100964813,-0.43470204954993913,-0.7341703063364218,-0.7383991917406326,-0.8257046270593404
2013.0,10.0,13.0,4.605636928539725,26.6271637816245,30.36462494451842,64.59343098091433,47.77807367953839,47.7,14.6,335.5999092353029,0.37427987260128154,-0.24639004025634262,0.03901444208810982,-0.04015154533851981,0.6138286839982741,0.31716983517936814,-0.24393663852837671,0.04711067885867935
2013.0,10.0,13.0,4.605636928539725,26.6271637816245,30.36462494451842,64.59343098091433,47.77807367953839,47.7,15.8,335.5999092353029,0.37427987260128154,-0.24639004025634262,0.03901444208810982,-0.04015154533851981,0.6138286839982741,0.31716983517936814,-0.24393663852837671,0.04711067885867935
2013.0,10.0,13.0,2.0,4.0,2.0,87.0,2.0,47.7,16.2,518.0005,0.7229174555666422,-0.7749138184378559,-0.480505221176155,-0.6873088517455723,0.25040888682147916,-0.4214060790247338,-0.5641589974425496,-0.050537254808274756
2013.0,10.0,13.0,4.605636928539725,26.6271637816245,30.36462494451842,64.59343098091433,47.77807367953839,47.7,18.6,335.5999092353029,0.37427987260128154,-0.24639004025634262,0.03901444208810982,-0.04015154533851981,0.6138286839982741,0.31716983517936814,-0.24393663852837671,0.04711067885867935
2013.0,10.0,13.0,5.5,36.5,32.5,87.0,70.5,47.7,19.3,194.34694000000002,0.1562374808511391,-0.3951400867845804,0.14227323008535242,0.19653877267896047,0.5913846171299896,1.0183329910880412,0.3461148171545951,-0.5475636393297014
2013.0,10.0,13.0,0.0,23.0,33.0,121.0,49.0,47.7,25.0,1346.3246,0.923142197237113,-0.8048223537828239,-0.5027979301563819,-0.8159625482482291,0.13124749275269873,0.2689583552194586,-0.6252100059492194,-0.2698575968475745
2013.0,10.0,13.0,2.0,4.0,56.0,107.0,42.0,47.8,1.2,127.13764,0.9029783830836569,-0.9492233843440572,-0.8071547864513574,-1.2177958933803434,-0.4387978478515225,-0.8089532129876532,-0.6275268236333328,-0.5407549141723439
2013.0,10.0,13.0,2.0,4.0,50.0,105.0,33.0,47.8,3.3,202.9378,0.8797715606776585,-0.5586123958979456,-0.9518887166480702,-1.0668015226552579,-0.4244414217345186,-0.5769430459816948,-0.2562135957833626,-0.15970729717501486
2013.0,10.0,13.0,6.5,27.5,26.5,85.0,21.0,47.8,4.4,266.4574,0.0730852141374792,-0.019817126903611926,-1.0385394502866727,-0.6573611234412635,-0.4718329546364757,-0.8247366696879956,-0.35806631857623894,-0.21388704388805554
2013.0,10.0,13.0,4.605636928539725,26.6271637816245,30.36462494451842,64.59343098091433,47.77807367953839,47.8,5.1,335.5999092353029,0.37427987260128154,-0.24639004025634262,0.03901444208810982,-0.04015154533851981,0.6138286839982741,0.31716983517936814,-0.24393663852837671,0.04711067885867935
2013.0,10.0,13.0,2.0,4.0,39.0,101.0,21.0,47.8,6.7,642.3223,0.8406597471766519,-1.1456915488962238,-1.1705147647529357,-1.029467199479721,-0.4910880716793701,-0.493254495588263,1.499532770353159,-0.3144490447627671
2013.0,10.0,13.0,0.0,23.0,53.0,128.0,94.0,47.8,9.1,542.82996,1.0631018431898354,-1.1905670740613306,-0.9923755067208395,-1.0644111956826057,-0.4728248415570477,-0.4183875303987463,0.6168684686104716,1.60856160438271
2013.0,10.0,13.0,0.0,23.0,53.0,128.0,93.0,47.8,9.9,666.9912,1.0576234585926438,-0.9429752157840896,-0.9847683727986015,-1.1326501854944129,-0.5375568839916086,-0.5587304930098829,0.3284064147213709,2.2547268606436894
2013.0,10.0,13.0,11.0,50.0,45.0,58.0,32.0,47.8,10.5,787.367,-0.7063533925121873,0.4877560423944743,-0.742386395487266,-0.2079635017249799,-0.5101014711269087,-0.9550931391102307,-0.744243315462883,0.06399818682503977
2013.0,10.0,13.0,4.605636928539725,26.6271637816245,30.36462494451842,64.59343098091433,47.77807367953839,47.8,10.7,335.5999092353029,0.37427987260128154,-0.24639004025634262,0.03901444208810982,-0.04015154533851981,0.6138286839982741,0.31716983517936814,-0.24393663852837671,0.04711067885867935
2013.0,10.0,13.0,4.605636928539725,26.6271637816245,30.36462494451842,64.59343098091433,47.77807367953839,47.8,11.5,335.5999092353029,0.37427987260128154,-0.24639004025634262,0.03901444208810982,-0.04015154533851981,0.6138286839982741,0.31716983517936814,-0.24393663852837671,0.04711067885867935
2013.0,10.0,13.0,2.0,4.0,20.0,94.0,9.0,47.8,11.6,729.2379,0.7806226511718927,-1.2575378403861208,-0.939131611468438,-1.2832359395140376,-0.6275718728604657,-0.657779861592558,-0.5610994778484685,0.26985893700691865
2013.0,10.0,13.0,4.605636928539725,26.6271637816245,30.36462494451842,64.59343098091433,47.77807367953839,47.8,12.3,335.5999092353029,0.37427987260128154,-0.24639004025634262,0.03901444208810982,-0.04015154533851981,0.6138286839982741,0.31716983517936814,-0.24393663852837671,0.04711067885867935
2013.0,10.0,13.0,2.0,4.0,15.0,92.0,7.0,47.8,12.8,626.14404,0.7658392335321137,-1.0291632069095027,-1.1196001388627486,-1.2378068063473313,-0.5227876724075203,-0.6867175021096705,-0.6548757160169631,-0.15887706585933287
2013.0,10.0,13.0,4.605636928539725,26.6271637816245,30.36462494451842,64.59343098091433,47.77807367953839,47.8,13.0,335.5999092353029,0.37427987260128154,-0.24639004025634262,0.03901444208810982,-0.04015154533851981,0.6138286839982741,0.31716983517936814,-0.24393663852837671,0.04711067885867935
2013.0,10.0,13.0,4.605636928539725,26.6271637816245,30.36462494451842,64.59343098091433,47.77807367953839,47.8,13.6,335.5999092353029,0.37427987260128154,-0.24639004025634262,0.03901444208810982,-0.04015154533851981,0.6138286839982741,0.31716983517936814,-0.24393663852837671,0.04711067885867935
2013.0,10.0,13.0,4.605636928539725,26.6271637816245,30.36462494451842,64.59343098091433,47.77807367953839,47.8,14.1,335.5999092353029,0.37427987260128154,-0.24639004025634262,0.03901444208810982,-0.04015154533851981,0.6138286839982741,0.31716983517936814,-0.24393663852837671,0.04711067885867935
2013.0,10.0,13.0,0.0,23.0,50.0,127.0,85.0,47.8,14.6,865.77545,1.0213885849210387,-1.1339078802959661,-1.0685374789923447,-1.083100160928575,-0.33093437542295845,-1.0052685146818847,-0.6666782351405586,-0.15659380390011057
2013.0,10.0,13.0,4.605636928539725,26.6271637816245,30.36462494451842,64.59343098091433,47.77807367953839,47.8,16.2,335.5999092353029,0.37427987260128154,-0.24639004025634262,0.03901444208810982,-0.04015154533851981,0.6138286839982741,0.31716983517936814,-0.24393663852837671,0.04711067885867935
2013.0,10.0,13.0,4.333333333333333,25.333333333333332,45.0,88.0,46.666666666666664,47.79999999999999,16.3,288.17946,0.3479921415454192,-0.053886918927125826,-0.3566172279534526,-0.3656981638233967,0.07640327722536154,-0.3589358151031093,-0.6767544962194894,-0.7718911835849621
2013.0,10.0,13.0,4.605636928539725,26.6271637816245,30.36462494451842,64.59343098091433,47.77807367953839,47.8,19.4,335.5999092353029,0.37427987260128154,-0.24639004025634262,0.03901444208810982,-0.04015154533851981,0.6138286839982741,0.31716983517936814,-0.24393663852837671,0.04711067885867935
2013.0,10.0,13.0,0.0,23.0,41.0,124.0,69.0,47.8,20.2,134.59587,0.9702864549525043,-1.7688525049294714,0.15076302920256388,-0.16776078618226076,0.7650516947052071,1.9616107353133638,2.402811483488119,-0.6170714582966398
2013.0,10.0,13.0,4.605636928539725,26.6271637816245,30.36462494451842,64.59343098091433,47.77807367953839,47.9,2.6,335.5999092353029,0.37427987260128154,-0.24639004025634262,0.03901444208810982,-0.04015154533851981,0.6138286839982741,0.31716983517936814,-0.24393663852837671,0.04711067885867935
2013.0,10.0,13.0,4.605636928539725,26.6271637816245,30.36462494451842,64.59343098091433,47.77807367953839,47.9,4.6,335.5999092353029,0.37427987260128154,-0.24639004025634262,0.03901444208810982,-0.04015154533851981,0.6138286839982741,0.31716983517936814,-0.24393663852837671,0.04711067885867935
2013.0,10.0,13.0,11.0,50.0,55.0,62.0,21.0,47.9,7.4,220.84,-0.715429654455612,1.8245005537132042,-0.8905442408727008,-0.1971182006294732,-0.4527913204417367,-0.9595332544581018,-0.4870408426265723,-0.7188637220962276
2013.0,10.0,13.0,2.0,4.0,34.0,99.0,18.0,47.9,7.8,534.1801,0.826620496797299,-0.6650378420498896,-1.2473937451463188,-1.1230654588598195,-0.5488517382772763,-0.38828193233107244,1.4074255065181327,1.2379069053058314
2013.0,10.0,13.0,11.0,50.0,50.0,60.0,27.0,47.9,9.1,640.0991,-0.709453725777149,1.0791294732436885,-0.8676745014797891,-0.2001190300316277,-0.47729176461680095,-0.9424888023924978,-0.6113652778289266,-1.3552620772195048
2013.0,10.0,13.0,4.605636928539725,26.6271637816245,30.36462494451842,64.59343098091433,47.77807367953839,47.9,9.4,335.5999092353029,0.37427987260128154,-0.24639004025634262,0.03901444208810982,-0.04015154533851981,0.6138286839982741,0.31716983517936814,-0.24393663852837671,0.04711067885867935
2013.0,10.0,13.0,4.605636928539725,26.6271637816245,30.36462494451842,64.59343098091433,47.77807367953839,47.9,9.6,335.5999092353029,0.37427987260128154,-0.24639004025634262,0.03901444208810982,-0.04015154533851981,0.6138286839982741,0.31716983517936814,-0.24393663852837671,0.04711067885867935
2013.0,10.0,13.0,4.605636928539725,26.6271637816245,30.36462494451842,64.59343098091433,47.77807367953839,47.9,12.1,335.5999092353029,0.37427987260128154,-0.24639004025634262,0.03901444208810982,-0.04015154533851981,0.6138286839982741,0.31716983517936814,-0.24393663852837671,0.04711067885867935
2013.0,10.0,13.0,4.605636928539725,26.6271637816245,30.36462494451842,64.59343098091433,47.77807367953839,47.9,12.3,335.5999092353029,0.37427987260128154,-0.24639004025634262,0.03901444208810982,-0.04015154533851981,0.6138286839982741,0.31716983517936814,-0.24393663852837671,0.04711067885867935
2013.0,10.0,13.0,11.0,50.0,29.0,52.0,60.0,47.9,16.9,144.79178,-0.6766126647497398,0.4405199891606735,-0.18958421089528563,0.36148667710689947,-0.19345335716420592,-0.31725768041268365,-0.7758271106237343,-0.7850688399124037
2013.0,10.0,13.0,4.605636928539725,26.6271637816245,30.36462494451842,64.59343098091433,47.77807367953839,47.9,18.9,335.5999092353029,0.37427987260128154,-0.24639004025634262,0.03901444208810982,-0.04015154533851981,0.6138286839982741,0.31716983517936814,-0.24393663852837671,0.04711067885867935
2013.0,10.0,13.0,0.0,23.0,41.0,124.0,73.0,47.9,19.1,251.56137,0.9792318898010707,-1.3425830967127848,0.08086279359090673,-0.31578420659235273,0.641233402732643,1.435601334500538,0.7126708904615817,-0.045951137911180884
2013.0,10.0,13.0,4.605636928539725,26.6271637816245,30.36462494451842,64.59343098091433,47.77807367953839,47.9,20.2,335.5999092353029,0.37427987260128154,-0.24639004025634262,0.03901444208810982,-0.04015154533851981,0.6138286839982741,0.31716983517936814,-0.24393663852837671,0.04711067885867935
2013.0,10.0,13.0,2.0,4.0,53.0,106.0,43.0,48.0,1.1,175.55367,0.9019857192776565,-0.7735297196860673,-0.7744030236034614,-1.206050181955613,-0.4386534810497195,-0.8079159697222084,-0.6151153911294945,-0.0826211195987997
2013.0,10.0,13.0,4.605636928539725,26.6271637816245,30.36462494451842,64.59343098091433,47.77807367953839,48.0,10.0,335.5999092353029,0.37427987260128154,-0.24639004025634262,0.03901444208810982,-0.04015154533851981,0.6138286839982741,0.31716983517936814,-0.24393663852837671,0.04711067885867935
2013.0,10.0,13.0,11.0,50.0,45.0,58.0,35.0,48.0,11.2,618.599,-0.7011555280065315,0.8211686513401618,-0.8299026747449043,-0.25383597594168184,-0.5301390904290351,-1.179012574063752,-0.5701702337845018,-0.016232460608365307
2013.0,10.0,13.0,4.605636928539725,26.6271637816245,30.36462494451842,64.59343098091433,47.77807367953839,48.0,14.7,335.5999092353029,0.37427987260128154,-0.24639004025634262,0.03901444208810982,-0.04015154533851981,0.6138286839982741,0.31716983517936814,-0.24393663852837671,0.04711067885867935
2013.0,10.0,13.0,4.605636928539725,26.6271637816245,30.36462494451842,64.59343098091433,47.77807367953839,48.0,15.4,335.5999092353029,0.37427987260128154,-0.24639004025634262,0.03901444208810982,-0.04015154533851981,0.6138286839982741,0.31716983517936814,-0.24393663852837671,0.04711067885867935
2013.0,10.0,13.0,4.605636928539725,26.6271637816245,30.36462494451842,64.59343098091433,47.77807367953839,48.0,15.7,335.5999092353029,0.37427987260128154,-0.24639004025634262,0.03901444208810982,-0.04015154533851981,0.6138286839982741,0.31716983517936814,-0.24393663852837671,0.04711067885867935
2013.0,10.0,13.0,4.605636928539725,26.6271637816245,30.36462494451842,64.59343098091433,47.77807367953839,48.0,19.5,335.5999092353029,0.37427987260128154,-0.24639004025634262,0.03901444208810982,-0.04015154533851981,0.6138286839982741,0.31716983517936814,-0.24393663852837671,0.04711067885867935
2013.0,10.0,13.0,13.0,31.0,47.0,36.0,91.0,48.1,2.7,109.96385,-0.5973719099802544,1.1074987454962737,-0.5169930797152762,-0.11088473246240386,-0.5308535577586817,-0.9568379337184012,-0.7758271106237343,0.09323115726062337
2013.0,10.0,13.0,13.0,31.0,47.0,36.0,92.0,48.1,3.4,179.9703,-0.5913002192183751,0.09002179524987541,-0.5250715054929039,-0.1435135031819873,-0.5152180950792757,-1.011552040290516,-0.7758271106237343,-0.6391018009203493
2013.0,10.0,13.0,4.605636928539725,26.6271637816245,30.36462494451842,64.59343098091433,47.77807367953839,48.1,4.1,335.5999092353029,0.37427987260128154,-0.24639004025634262,0.03901444208810982,-0.04015154533851981,0.6138286839982741,0.31716983517936814,-0.24393663852837671,0.04711067885867935
2013.0,10.0,13.0,4.605636928539725,26.6271637816245,30.36462494451842,64.59343098091433,47.77807367953839,48.1,6.8,335.5999092353029,0.37427987260128154,-0.24639004025634262,0.03901444208810982,-0.04015154533851981,0.6138286839982741,0.31716983517936814,-0.24393663852837671,0.04711067885867935
2013.0,10.0,13.0,11.0,50.0,58.0,63.0,23.0,48.1,7.9,307.6562,-0.7081451683137018,1.9030997088607138,-0.975985023305648,-0.31648111611174246,-0.48516480890738617,-0.9294577089469064,-0.4219267096439657,-0.556251100266979
2013.0,10.0,13.0,4.605636928539725,26.6271637816245,30.36462494451842,64.59343098091433,47.77807367953839,48.1,11.5,335.5999092353029,0.37427987260128154,-0.24639004025634262,0.03901444208810982,-0.04015154533851981,0.6138286839982741,0.31716983517936814,-0.24393663852837671,0.04711067885867935
2013.0,10.0,13.0,4.605636928539725,26.6271637816245,30.36462494451842,64.59343098091433,47.77807367953839,48.1,14.0,335.5999092353029,0.37427987260128154,-0.24639004025634262,0.03901444208810982,-0.04015154533851981,0.6138286839982741,0.31716983517936814,-0.24393663852837671,0.04711067885867935
2013.0,10.0,13.0,4.605636928539725,26.6271637816245,30.36462494451842,64.59343098091433,47.77807367953839,48.2,3.6,335.5999092353029,0.37427987260128154,-0.24639004025634262,0.03901444208810982,-0.04015154533851981,0.6138286839982741,0.31716983517936814,-0.24393663852837671,0.04711067885867935
2013.0,10.0,13.0,4.605636928539725,26.6271637816245,30.36462494451842,64.59343098091433,47.77807367953839,48.2,4.7,335.5999092353029,0.37427987260128154,-0.24639004025634262,0.03901444208810982,-0.04015154533851981,0.6138286839982741,0.31716983517936814,-0.24393663852837671,0.04711067885867935
2013.0,10.0,13.0,4.605636928539725,26.6271637816245,30.36462494451842,64.59343098091433,47.77807367953839,48.2,5.2,335.5999092353029,0.37427987260128154,-0.24639004025634262,0.03901444208810982,-0.04015154533851981,0.6138286839982741,0.31716983517936814,-0.24393663852837671,0.04711067885867935
2013.0,10.0,13.0,2.0,4.0,31.0,98.0,21.0,48.2,7.0,514.4672,0.8322318022518174,-1.2727068552923333,-1.0800176652133544,-1.0492883398661117,-0.46038895652142886,-0.44333884135141277,1.0695371332422614,-0.18190321032465334
2013.0,10.0,13.0,11.0,51.0,1.0,64.0,21.0,48.2,7.2,622.07117,-0.7092537163624187,1.7616755339985881,-0.9431446414763972,-0.24662704050760959,-0.47639348229447204,-0.9152120022039224,-0.3944870946931062,0.18247502688836248
2013.0,10.0,13.0,4.605636928539725,26.6271637816245,30.36462494451842,64.59343098091433,47.77807367953839,48.2,8.8,335.5999092353029,0.37427987260128154,-0.24639004025634262,0.03901444208810982,-0.04015154533851981,0.6138286839982741,0.31716983517936814,-0.24393663852837671,0.04711067885867935
2013.0,10.0,13.0,2.0,4.0,23.0,95.0,14.0,48.2,9.5,613.8331,0.8027680462045121,-1.4294614619038128,-1.0013854388365766,-1.081587633084056,-0.5645725840390444,-0.4497274205844033,0.4136671108550879,2.33671840857817
2013.0,10.0,13.0,4.605636928539725,26.6271637816245,30.36462494451842,64.59343098091433,47.77807367953839,48.2,9.9,335.5999092353029,0.37427987260128154,-0.24639004025634262,0.03901444208810982,-0.04015154533851981,0.6138286839982741,0.31716983517936814,-0.24393663852837671,0.04711067885867935
2013.0,10.0,13.0,6.5,27.0,34.0,76.5,22.5,48.2,10.8,552.570645,0.04469429095910332,0.09529456379733392,-0.8612360303741757,-0.6080105619707754,-0.4838118415576796,-0.6443486755693921,-0.42661006961297293,-0.09951263535656701
2013.0,10.0,13.0,4.605636928539725,26.6271637816245,30.36462494451842,64.59343098091433,47.77807367953839,48.2,11.1,335.5999092353029,0.37427987260128154,-0.24639004025634262,0.03901444208810982,-0.04015154533851981,0.6138286839982741,0.31716983517936814,-0.24393663852837671,0.04711067885867935
2013.0,10.0,13.0,2.0,4.0,12.0,91.0,9.0,48.2,11.9,500.18134,0.7724925494680682,-1.006893036763891,-1.02749883435386,-1.2314998963282804,-0.5404626744394597,-0.550816088402872,-0.6577735147889326,-0.977084727927334
2013.0,10.0,13.0,6.5,27.0,21.0,71.5,27.0,48.2,14.3,307.53709000000003,0.02893374743479893,-0.45023323431744355,-0.9232401133403083,-0.5131678789876853,-0.5741364823824762,-0.7696280223115324,-0.6294169698129348,-0.2796515705742147
2013.0,10.0,13.0,11.0,50.0,40.0,56.0,50.0,48.2,14.5,268.45325,-0.6821948558861468,0.6740835999324526,-0.803496232368817,-0.07899244086412792,-0.8332792537990183,-0.6687203084161786,-0.726895148230012,-0.16672971952638618
2013.0,10.0,13.0,0.0,23.0,42.0,124.0,83.0,48.2,15.6,335.0085,1.005918104637204,-0.6388941763488497,-0.7287138965115942,-0.8143345417695608,-0.016999336558782746,-0.8530449789161482,-0.5905540426506976,-1.1833337292017025
2013.0,10.0,13.0,2.0,3.0,56.0,85.0,3.0,48.2,15.8,381.25787,0.7242693649329847,-0.6417894944108982,-0.6673351815843382,-0.8388265102673744,0.03890948565803642,-0.7619240898585226,-0.6154498459010099,-0.7001739948341678
2013.0,10.0,13.0,4.605636928539725,26.6271637816245,30.36462494451842,64.59343098091433,47.77807367953839,48.2,16.1,335.5999092353029,0.37427987260128154,-0.24639004025634262,0.03901444208810982,-0.04015154533851981,0.6138286839982741,0.31716983517936814,-0.24393663852837671,0.04711067885867935
2013.0,10.0,13.0,4.605636928539725,26.6271637816245,30.36462494451842,64.59343098091433,47.77807367953839,48.2,17.0,335.5999092353029,0.37427987260128154,-0.24639004025634262,0.03901444208810982,-0.04015154533851981,0.6138286839982741,0.31716983517936814,-0.24393663852837671,0.04711067885867935
2013.0,10.0,13.0,5.5,36.5,30.0,86.0,71.0,48.2,20.6,241.06381,0.15468676322853503,0.23790879990983704,0.18211300089084034,0.14651714306176122,0.6700709982420157,1.0402570217526041,0.030560304598688748,0.03513649326857862
2013.0,10.0,13.0,11.0,51.0,3.0,65.0,21.0,48.3,7.1,569.40173,-0.7061992034361042,1.1935529472783755,-0.9611111329122797,-0.2677895096445282,-0.48073524723172895,-0.8774485409751515,-0.3830968284847237,-0.3261920692283542
2013.0,10.0,13.0,0.0,23.0,45.0,125.0,93.0,48.3,9.9,539.6709,1.0484311801688724,-1.2272494821132292,-1.1067111122449638,-1.137039181135074,-0.7155113186742152,-0.4938772455498068,0.9500694209645864,2.9126583535142223
2013.0,10.0,13.0,4.605636928539725,26.6271637816245,30.36462494451842,64.59343098091433,47.77807367953839,48.3,11.6,335.5999092353029,0.37427987260128154,-0.24639004025634262,0.03901444208810982,-0.04015154533851981,0.6138286839982741,0.31716983517936814,-0.24393663852837671,0.04711067885867935
2013.0,10.0,13.0,5.5,36.5,42.0,90.5,67.0,48.3,13.8,394.42991,0.16762502514366162,-0.23786808936606763,-0.9547632948557768,-0.6127064239119807,-0.6011093777486043,-0.7677107056987388,-0.6812582605531705,-0.810311332314375
2013.0,10.0,13.0,11.0,50.0,40.0,56.0,51.0,48.3,14.7,365.72192,-0.6805171570797446,0.786913490251074,-0.725655534620961,-0.05545418052668818,-0.36518933391286995,-0.5121043295712604,-0.7524688679517078,-0.6677434239034002
2013.0,10.0,13.0,4.605636928539725,26.6271637816245,30.36462494451842,64.59343098091433,47.77807367953839,48.3,16.6,335.5999092353029,0.37427987260128154,-0.24639004025634262,0.03901444208810982,-0.04015154533851981,0.6138286839982741,0.31716983517936814,-0.24393663852837671,0.04711067885867935
2013.0,10.0,13.0,4.333333333333333,25.333333333333332,36.0,84.66666666666667,47.333333333333336,48.29999999999999,18.6,240.77608333333333,0.3346506062858375,0.22842929167060988,-0.055138810162722686,-0.19879708231060156,0.49964067112780325,0.6626090513250898,-0.48987660887394063,-0.5569109935809644
2013.0,10.0,13.0,12.0,41.0,38.0,55.5,49.5,48.4,2.1,133.68216,-0.6548223608119335,0.5725434709415596,-0.8065339500649307,-0.17027547476092061,-0.5165532742868234,-0.8779273488350894,-0.6137674196615605,-0.32494369107758203
2013.0,10.0,13.0,11.0,51.0,22.0,72.0,10.0,48.4,2.6,96.885826,-0.7122737373070194,0.8477314388501639,-1.104498658812726,-0.24419472130435727,-0.5093292771903413,-0.870987371655611,-0.27625726675123385,-0.5326004155598791
2013.0,10.0,13.0,4.605636928539725,26.6271637816245,30.36462494451842,64.59343098091433,47.77807367953839,48.4,7.8,335.5999092353029,0.37427987260128154,-0.24639004025634262,0.03901444208810982,-0.04015154533851981,0.6138286839982741,0.31716983517936814,-0.24393663852837671,0.04711067885867935
2013.0,10.0,13.0,2.0,4.0,15.0,92.0,12.0,48.4,10.5,489.49515,0.787336906615476,-0.14472076065693806,-1.1145357654850738,-1.1169337856492347,-0.48652761944812484,-0.45367308927451616,-0.11942117489606074,1.5550684065618856
2013.0,10.0,13.0,4.605636928539725,26.6271637816245,30.36462494451842,64.59343098091433,47.77807367953839,48.4,11.2,335.5999092353029,0.37427987260128154,-0.24639004025634262,0.03901444208810982,-0.04015154533851981,0.6138286839982741,0.31716983517936814,-0.24393663852837671,0.04711067885867935
2013.0,10.0,13.0,4.605636928539725,26.6271637816245,30.36462494451842,64.59343098091433,47.77807367953839,48.4,15.3,335.5999092353029,0.37427987260128154,-0.24639004025634262,0.03901444208810982,-0.04015154533851981,0.6138286839982741,0.31716983517936814,-0.24393663852837671,0.04711067885867935
2013.0,10.0,13.0,4.605636928539725,26.6271637816245,30.36462494451842,64.59343098091433,47.77807367953839,48.4,16.4,335.5999092353029,0.37427987260128154,-0.24639004025634262,0.03901444208810982,-0.04015154533851981,0.6138286839982741,0.31716983517936814,-0.24393663852837671,0.04711067885867935
2013.0,10.0,13.0,0.0,23.0,36.0,122.0,80.0,48.4,16.9,161.24294,0.9910803814108803,-1.0480235159426516,-0.30361065701854767,-0.6530383463180883,0.3821726830502848,0.17475466814146623,-0.7253026169179652,-0.008123812740712721
2013.0,10.0,13.0,7.5,17.5,45.0,69.0,62.0,48.5,4.2,123.81169299999999,0.1410836876505291,-0.123099001604762,-0.7292108677308975,-0.6205080958318385,-0.9138621274299209,-0.8214061922071468,-0.5574848215995156,0.0688441104922145
2013.0,10.0,13.0,11.0,51.0,6.0,66.0,22.0,48.5,7.3,474.88647,-0.7010867203599431,1.219259918915522,-0.8971231932044458,-0.21489060468829033,-0.47775523686069393,-0.7486404949897875,-0.42991376502628725,-0.10656473887091178
2013.0,10.0,13.0,4.605636928539725,26.6271637816245,30.36462494451842,64.59343098091433,47.77807367953839,48.5,8.4,335.5999092353029,0.37427987260128154,-0.24639004025634262,0.03901444208810982,-0.04015154533851981,0.6138286839982741,0.31716983517936814,-0.24393663852837671,0.04711067885867935
2013.0,10.0,13.0,4.605636928539725,26.6271637816245,30.36462494451842,64.59343098091433,47.77807367953839,48.5,10.0,335.5999092353029,0.37427987260128154,-0.24639004025634262,0.03901444208810982,-0.04015154533851981,0.6138286839982741,0.31716983517936814,-0.24393663852837671,0.04711067885867935
2013.0,10.0,13.0,4.605636928539725,26.6271637816245,30.36462494451842,64.59343098091433,47.77807367953839,48.5,11.7,335.5999092353029,0.37427987260128154,-0.24639004025634262,0.03901444208810982,-0.04015154533851981,0.6138286839982741,0.31716983517936814,-0.24393663852837671,0.04711067885867935
2013.0,10.0,13.0,4.333333333333333,25.666666666666668,32.0,90.66666666666667,46.333333333333336,48.5,12.1,461.6490866666666,0.3695040742531701,-0.5399532801326822,-1.0238573998472658,-0.8827498451136947,-0.46948892587008534,-0.578833298786038,-0.7390636254074813,-0.22395748395239756
2013.0,10.0,13.0,0.0,23.0,39.0,123.0,88.0,48.5,13.2,382.8857,1.0201942587299382,-0.025243265329497167,-0.9975869070448486,-1.3181993167464314,-0.4473572755780565,-0.6599255046535308,-0.738016663233911,-0.793126207110663
2013.0,10.0,13.0,0.0,23.0,36.0,122.0,85.0,48.5,14.8,849.68365,1.0062998305945732,-1.7350606868315905,-0.97493770807145,-0.8543248735305875,-0.23164858399471988,-0.885631150964784,-0.4192224903098319,-0.7446696588477457
2013.0,10.0,13.0,2.0,3.0,46.0,81.0,2.0,48.5,16.9,195.77086,0.7067304677265674,-1.2808817176857838,-0.3195862424755763,-0.7165887420747512,0.365428447128192,0.17524989673911526,-0.7259752453226167,-0.9358834661558084
2013.0,10.0,13.0,4.605636928539725,26.6271637816245,30.36462494451842,64.59343098091433,47.77807367953839,48.5,18.4,335.5999092353029,0.37427987260128154,-0.24639004025634262,0.03901444208810982,-0.04015154533851981,0.6138286839982741,0.31716983517936814,-0.24393663852837671,0.04711067885867935
2013.0,10.0,13.0,2.0,4.0,37.0,100.0,33.0,48.6,3.7,83.40786,0.8656119960949986,-1.1532614420666953,-0.944826388054389,-1.0670050234650919,-1.2828306610632032,-0.6498001650046464,0.06831567752389278,1.3369116699961683
2013.0,10.0,13.0,4.605636928539725,26.6271637816245,30.36462494451842,64.59343098091433,47.77807367953839,48.6,5.7,335.5999092353029,0.37427987260128154,-0.24639004025634262,0.03901444208810982,-0.04015154533851981,0.6138286839982741,0.31716983517936814,-0.24393663852837671,0.04711067885867935
2013.0,10.0,13.0,4.605636928539725,26.6271637816245,30.36462494451842,64.59343098091433,47.77807367953839,48.6,10.5,335.5999092353029,0.37427987260128154,-0.24639004025634262,0.03901444208810982,-0.04015154533851981,0.6138286839982741,0.31716983517936814,-0.24393663852837671,0.04711067885867935
2013.0,10.0,13.0,4.605636928539725,26.6271637816245,30.36462494451842,64.59343098091433,47.77807367953839,48.6,10.8,335.5999092353029,0.37427987260128154,-0.24639004025634262,0.03901444208810982,-0.04015154533851981,0.6138286839982741,0.31716983517936814,-0.24393663852837671,0.04711067885867935
2013.0,10.0,13.0,4.605636928539725,26.6271637816245,30.36462494451842,64.59343098091433,47.77807367953839,48.6,13.2,335.5999092353029,0.37427987260128154,-0.24639004025634262,0.03901444208810982,-0.04015154533851981,0.6138286839982741,0.31716983517936814,-0.24393663852837671,0.04711067885867935
2013.0,10.0,13.0,11.0,50.0,48.0,59.0,47.0,48.6,13.7,574.1624,-0.6782256111968609,0.7469720999422981,-0.8674932353815623,-0.05138093415842474,-0.4002829121649086,-0.6960619444540513,-0.7293138450662169,-0.2692767832735937
2013.0,10.0,13.0,11.0,50.0,45.0,58.0,52.0,48.6,14.8,832.8743,-0.6728552867826358,0.8046173384677648,-0.8564893761853362,-0.05236129123437368,-0.48307599074406693,-0.5824883030422148,-0.7357466656865465,-0.38577157457350203
2013.0,10.0,13.0,11.0,50.0,37.0,55.0,67.0,48.6,18.5,410.16592,-0.6541806666946242,0.5268337372277185,-0.08728568132727463,0.19941766310379194,0.3123883556821331,-0.19072208207395375,-0.6967318235788628,-0.9846922988254669
2013.0,10.0,13.0,4.605636928539725,26.6271637816245,30.36462494451842,64.59343098091433,47.77807367953839,48.7,7.0,335.5999092353029,0.37427987260128154,-0.24639004025634262,0.03901444208810982,-0.04015154533851981,0.6138286839982741,0.31716983517936814,-0.24393663852837671,0.04711067885867935
2013.0,10.0,13.0,11.0,51.0,9.0,67.0,23.0,48.7,7.5,203.36598,-0.6959627766892191,1.289285486478633,-0.9359876516980853,-0.24814037589502272,-0.8965331330480008,-0.7784957419690182,-0.35050443832562245,-0.12205532314940454
2013.0,10.0,13.0,4.605636928539725,26.6271637816245,30.36462494451842,64.59343098091433,47.77807367953839,48.7,7.6,335.5999092353029,0.37427987260128154,-0.24639004025634262,0.03901444208810982,-0.04015154533851981,0.6138286839982741,0.31716983517936814,-0.24393663852837671,0.04711067885867935
2013.0,10.0,13.0,11.0,51.0,1.0,64.0,30.0,48.7,9.6,407.5543,-0.6917731139110385,1.3353802392259906,-0.8281443935921043,-0.14643115566583098,-0.4844686954205323,-0.7821390605679346,-0.5589986300182989,0.0663817074060955
2013.0,10.0,13.0,11.0,50.0,58.0,63.0,34.0,48.7,10.6,476.87314,-0.6877684074974217,1.2969056664657272,-0.7321076006839471,-0.09700468516310669,-0.43245860654665325,-0.7110063796513237,-0.6254060329939021,-0.9979297146133064
2013.0,10.0,13.0,4.605636928539725,26.6271637816245,30.36462494451842,64.59343098091433,47.77807367953839,48.7,12.0,335.5999092353029,0.37427987260128154,-0.24639004025634262,0.03901444208810982,-0.04015154533851981,0.6138286839982741,0.31716983517936814,-0.24393663852837671,0.04711067885867935
2013.0,10.0,13.0,4.605636928539725,26.6271637816245,30.36462494451842,64.59343098091433,47.77807367953839,48.7,13.1,335.5999092353029,0.37427987260128154,-0.24639004025634262,0.03901444208810982,-0.04015154533851981,0.6138286839982741,0.31716983517936814,-0.24393663852837671,0.04711067885867935
2013.0,10.0,13.0,4.605636928539725,26.6271637816245,30.36462494451842,64.59343098091433,47.77807367953839,48.8,0.4,335.5999092353029,0.37427987260128154,-0.24639004025634262,0.03901444208810982,-0.04015154533851981,0.6138286839982741,0.31716983517936814,-0.24393663852837671,0.04711067885867935
2013.0,10.0,13.0,2.0,4.0,40.0,101.0,44.0,48.8,1.2,141.76111,0.8894996218972525,-0.7420686747699469,-0.7717948058567599,-1.0987519573420577,-0.37488697645731006,-0.696043438543297,-0.4616171155188858,-0.18139645032703194
2013.0,10.0,13.0,4.605636928539725,26.6271637816245,30.36462494451842,64.59343098091433,47.77807367953839,48.8,1.9,335.5999092353029,0.37427987260128154,-0.24639004025634262,0.03901444208810982,-0.04015154533851981,0.6138286839982741,0.31716983517936814,-0.24393663852837671,0.04711067885867935
2013.0,10.0,13.0,2.0,4.0,34.0,99.0,36.0,48.8,3.1,133.8077,0.8687724754418118,-1.5031957611296065,-0.9005219325461925,-0.9789440857239999,-1.2892370573188936,-0.6692704682911723,0.16811213468525726,0.7038710059358837
2013.0,10.0,13.0,4.605636928539725,26.6271637816245,30.36462494451842,64.59343098091433,47.77807367953839,48.8,3.5,335.5999092353029,0.37427987260128154,-0.24639004025634262,0.03901444208810982,-0.04015154533851981,0.6138286839982741,0.31716983517936814,-0.24393663852837671,0.04711067885867935
2013.0,10.0,13.0,4.605636928539725,26.6271637816245,30.36462494451842,64.59343098091433,47.77807367953839,48.8,5.1,335.5999092353029,0.37427987260128154,-0.24639004025634262,0.03901444208810982,-0.04015154533851981,0.6138286839982741,0.31716983517936814,-0.24393663852837671,0.04711067885867935
2013.0,10.0,13.0,13.0,31.0,58.0,40.0,95.0,48.8,5.9,269.29538,-0.5586974724390625,0.17584362574380452,-0.6155484643549037,-0.23987759698145236,-0.48476730992854566,-0.9075628707049419,-0.6940110889678697,0.10398790241884448
2013.0,10.0,13.0,2.0,4.0,23.0,95.0,23.0,48.8,6.7,235.14311,0.8290390348837836,-0.3351372602740473,-0.9309595315400617,-1.1380469946694876,-0.4550897998311504,-0.4466310689392589,-0.27004173579449137,-0.9308283784411391
2013.0,10.0,13.0,2.0,4.0,18.0,93.0,18.0,48.8,8.3,341.87292,0.8099453537476526,-0.6522926294163247,-0.9788409713865909,-1.0288308556775425,-0.4601158362553223,-0.3480496913813626,0.7038787953375554,2.80027464496083
2013.0,10.0,13.0,2.0,4.0,15.0,92.0,16.0,48.8,9.1,396.82614,0.8010529241489404,-0.4786410524362852,-0.9819325653952343,-1.0653156437263138,-0.46250460146592615,-0.3465772985665623,0.7507279325859714,3.2471632937943795
2013.0,10.0,13.0,4.605636928539725,26.6271637816245,30.36462494451842,64.59343098091433,47.77807367953839,48.8,9.8,335.5999092353029,0.37427987260128154,-0.24639004025634262,0.03901444208810982,-0.04015154533851981,0.6138286839982741,0.31716983517936814,-0.24393663852837671,0.04711067885867935
2013.0,10.0,13.0,2.0,4.0,12.0,91.0,14.0,48.8,9.9,526.57825,0.7917802011671787,-2.1301718540065453,-0.9943633915980582,-1.1201752628344404,-0.4610746862588672,-0.3896340367259701,0.3088267517458674,1.198228862396678
2013.0,10.0,13.0,4.605636928539725,26.6271637816245,30.36462494451842,64.59343098091433,47.77807367953839,48.8,10.7,335.5999092353029,0.37427987260128154,-0.24639004025634262,0.03901444208810982,-0.04015154533851981,0.6138286839982741,0.31716983517936814,-0.24393663852837671,0.04711067885867935
2013.0,10.0,13.0,4.605636928539725,26.6271637816245,30.36462494451842,64.59343098091433,47.77807367953839,48.8,11.4,335.5999092353029,0.37427987260128154,-0.24639004025634262,0.03901444208810982,-0.04015154533851981,0.6138286839982741,0.31716983517936814,-0.24393663852837671,0.04711067885867935
2013.0,10.0,13.0,4.605636928539725,26.6271637816245,30.36462494451842,64.59343098091433,47.77807367953839,48.8,11.7,335.5999092353029,0.37427987260128154,-0.24639004025634262,0.03901444208810982,-0.04015154533851981,0.6138286839982741,0.31716983517936814,-0.24393663852837671,0.04711067885867935
2013.0,10.0,13.0,11.0,50.0,56.0,62.0,40.0,48.8,12.0,425.17935,-0.6807111496823292,0.20608037373590904,-0.8027661328065159,-0.055459025784062116,-0.4035199769040442,-0.6865214958436535,-0.7061947395421594,-1.4003267777469015
2013.0,10.0,13.0,2.0,4.0,2.0,87.0,9.0,48.8,12.3,392.5116,0.7614656061715912,-0.3653864693614447,-1.0537471724109373,-1.3646136522464605,-0.519763889378537,-0.511485424147514,-0.7758271106237343,-0.46811808387517584
2013.0,10.0,13.0,11.0,50.0,53.0,61.0,45.0,48.8,13.1,511.54108,-0.6755069818496636,0.40717576579059545,-0.7549622345686713,-0.11246913162468378,-0.3918103760557606,-0.7568615503573953,-0.7758271106237343,-0.1668363509068742
2013.0,10.0,13.0,4.605636928539725,26.6271637816245,30.36462494451842,64.59343098091433,47.77807367953839,48.8,14.6,335.5999092353029,0.37427987260128154,-0.24639004025634262,0.03901444208810982,-0.04015154533851981,0.6138286839982741,0.31716983517936814,-0.24393663852837671,0.04711067885867935
2013.0,10.0,13.0,0.0,23.0,31.0,120.0,85.0,48.8,14.9,501.48804,1.000353765580789,-1.2048257705990657,-0.9455786423620303,-0.8350609377425537,-0.22515823776494023,-0.800833418835933,-0.4026216685981154,-0.8774050192631574
2013.0,10.0,13.0,2.0,3.0,48.0,82.0,4.0,48.8,15.5,515.43036,0.7224522876650118,-1.0769524562363886,-0.7862326505805016,-0.7648959581233925,-0.06527162763453903,-0.7495814293253211,-0.35841128989115056,-0.7795599787711994
2013.0,10.0,13.0,0.0,23.0,31.0,120.0,82.0,48.8,16.2,215.92212,0.9908727683324493,-1.3441329034250264,-0.5004958507089016,-0.7332701556808486,0.1849201632188482,-0.32211105099296167,-0.6205757614380801,-0.41341279988967106
2013.0,10.0,13.0,4.605636928539725,26.6271637816245,30.36462494451842,64.59343098091433,47.77807367953839,48.8,17.8,335.5999092353029,0.37427987260128154,-0.24639004025634262,0.03901444208810982,-0.04015154533851981,0.6138286839982741,0.31716983517936814,-0.24393663852837671,0.04711067885867935
2013.0,10.0,13.0,4.605636928539725,26.6271637816245,30.36462494451842,64.59343098091433,47.77807367953839,48.8,18.6,335.5999092353029,0.37427987260128154,-0.24639004025634262,0.03901444208810982,-0.04015154533851981,0.6138286839982741,0.31716983517936814,-0.24393663852837671,0.04711067885867935
2013.0,10.0,13.0,4.605636928539725,26.6271637816245,30.36462494451842,64.59343098091433,47.77807367953839,48.8,19.4,335.5999092353029,0.37427987260128154,-0.24639004025634262,0.03901444208810982,-0.04015154533851981,0.6138286839982741,0.31716983517936814,-0.24393663852837671,0.04711067885867935
2013.0,10.0,13.0,4.605636928539725,26.6271637816245,30.36462494451842,64.59343098091433,47.77807367953839,48.8,20.2,335.5999092353029,0.37427987260128154,-0.24639004025634262,0.03901444208810982,-0.04015154533851981,0.6138286839982741,0.31716983517936814,-0.24393663852837671,0.04711067885867935
2013.0,10.0,13.0,4.605636928539725,26.6271637816245,30.36462494451842,64.59343098091433,47.77807367953839,48.8,23.4,335.5999092353029,0.37427987260128154,-0.24639004025634262,0.03901444208810982,-0.04015154533851981,0.6138286839982741,0.31716983517936814,-0.24393663852837671,0.04711067885867935
2013.0,10.0,13.0,4.605636928539725,26.6271637816245,30.36462494451842,64.59343098091433,47.77807367953839,48.8,24.1,335.5999092353029,0.37427987260128154,-0.24639004025634262,0.03901444208810982,-0.04015154533851981,0.6138286839982741,0.31716983517936814,-0.24393663852837671,0.04711067885867935
2013.0,10.0,13.0,4.605636928539725,26.6271637816245,30.36462494451842,64.59343098091433,47.77807367953839,48.9,2.8,335.5999092353029,0.37427987260128154,-0.24639004025634262,0.03901444208810982,-0.04015154533851981,0.6138286839982741,0.31716983517936814,-0.24393663852837671,0.04711067885867935
2013.0,10.0,13.0,2.0,4.0,29.0,97.0,31.0,48.9,4.4,112.82367,0.8529569871824193,-0.6322488669883188,-0.9583075505930462,-0.9969022246489391,-1.2764850336267322,-0.6091753902296417,0.30132809214280304,1.2653876463618308
2013.0,10.0,13.0,4.605636928539725,26.6271637816245,30.36462494451842,64.59343098091433,47.77807367953839,48.9,6.0,335.5999092353029,0.37427987260128154,-0.24639004025634262,0.03901444208810982,-0.04015154533851981,0.6138286839982741,0.31716983517936814,-0.24393663852837671,0.04711067885867935
2013.0,10.0,13.0,4.605636928539725,26.6271637816245,30.36462494451842,64.59343098091433,47.77807367953839,48.9,8.2,335.5999092353029,0.37427987260128154,-0.24639004025634262,0.03901444208810982,-0.04015154533851981,0.6138286839982741,0.31716983517936814,-0.24393663852837671,0.04711067885867935
2013.0,10.0,13.0,11.0,51.0,1.0,64.0,35.0,48.9,10.7,487.023,-0.6830504774286991,0.8562733761512383,-0.7720868456816814,-0.12004953679099085,-0.4289424628280661,-0.708402650137525,-0.6015215592638268,0.45714713898171444
2013.0,10.0,13.0,4.605636928539725,26.6271637816245,30.36462494451842,64.59343098091433,47.77807367953839,48.9,11.2,335.5999092353029,0.37427987260128154,-0.24639004025634262,0.03901444208810982,-0.04015154533851981,0.6138286839982741,0.31716983517936814,-0.24393663852837671,0.04711067885867935
2013.0,10.0,13.0,4.605636928539725,26.6271637816245,30.36462494451842,64.59343098091433,47.77807367953839,48.9,11.4,335.5999092353029,0.37427987260128154,-0.24639004025634262,0.03901444208810982,-0.04015154533851981,0.6138286839982741,0.31716983517936814,-0.24393663852837671,0.04711067885867935
2013.0,10.0,13.0,4.605636928539725,26.6271637816245,30.36462494451842,64.59343098091433,47.77807367953839,48.9,13.0,335.5999092353029,0.37427987260128154,-0.24639004025634262,0.03901444208810982,-0.04015154533851981,0.6138286839982741,0.31716983517936814,-0.24393663852837671,0.04711067885867935
2013.0,10.0,13.0,0.0,23.0,31.0,120.0,87.0,48.9,13.9,885.2625,1.0072600961813285,-1.118063843149364,-0.9993018857408505,-1.2876451237271025,-0.45375170412255605,-0.7085635994317612,-0.7075473722775967,-0.919896432018074
2013.0,10.0,13.0,0.0,23.0,28.0,119.0,82.0,48.9,16.2,261.96603,0.9879071190932079,-0.8660560921292805,-0.5128229524221832,-0.6846988731051622,0.18582845215683666,-0.2674627055656818,-0.5846484241858133,-0.8214183419389128
2013.0,10.0,13.0,4.605636928539725,26.6271637816245,30.36462494451842,64.59343098091433,47.77807367953839,48.9,27.5,335.5999092353029,0.37427987260128154,-0.24639004025634262,0.03901444208810982,-0.04015154533851981,0.6138286839982741,0.31716983517936814,-0.24393663852837671,0.04711067885867935
2013.0,10.0,13.0,2.0,4.0,26.0,96.0,29.0,49.0,5.0,182.20924,0.845875750277164,-1.2001403327327074,-0.8508771763774695,-0.9513325790183014,-0.369351432328761,-0.3624392099026373,-0.009001331554414797,0.5953898105596142
2013.0,10.0,13.0,4.605636928539725,26.6271637816245,30.36462494451842,64.59343098091433,47.77807367953839,49.0,6.0,335.5999092353029,0.37427987260128154,-0.24639004025634262,0.03901444208810982,-0.04015154533851981,0.6138286839982741,0.31716983517936814,-0.24393663852837671,0.04711067885867935
2013.0,10.0,13.0,4.605636928539725,26.6271637816245,30.36462494451842,64.59343098091433,47.77807367953839,49.0,7.6,335.5999092353029,0.37427987260128154,-0.24639004025634262,0.03901444208810982,-0.04015154533851981,0.6138286839982741,0.31716983517936814,-0.24393663852837671,0.04711067885867935
2013.0,10.0,13.0,0.0,23.0,31.0,120.0,94.0,49.0,9.2,292.707,1.0385177658718263,-1.3309859443685315,-0.9274963420300534,-1.0752629571212837,-0.4596843952384401,-0.31004689138428027,0.6591422363344511,4.111698926134177
2013.0,10.0,13.0,0.0,23.0,31.0,120.0,93.0,49.0,10.0,457.62408,1.0331158587037381,-1.0514279088301537,-0.9742086155430254,-1.1432112314904708,-0.47167624298972605,-0.38412527019369797,0.1883829983031205,2.922046673342703
2013.0,10.0,13.0,0.0,23.0,31.0,120.0,92.0,49.0,10.8,486.4055,1.0281981616559392,-0.9553848994192765,-1.1319705430328282,-1.2152965481167133,-0.5016527698711408,-0.4383782146827493,-0.4652286929476838,1.1825460088922772
2013.0,10.0,13.0,5.5,36.5,44.5,91.5,65.5,49.0,12.1,375.54715,0.17158461648598877,-0.590705460945931,-0.8995506483698643,-0.718302348100415,-0.465637564717276,-0.5953284728310808,-0.7413261432978533,-0.9308173031857467
2013.0,10.0,13.0,4.605636928539725,26.6271637816245,30.36462494451842,64.59343098091433,47.77807367953839,49.0,12.3,335.5999092353029,0.37427987260128154,-0.24639004025634262,0.03901444208810982,-0.04015154533851981,0.6138286839982741,0.31716983517936814,-0.24393663852837671,0.04711067885867935
2013.0,10.0,13.0,6.5,26.5,58.5,74.5,25.5,49.0,12.4,393.90635499999996,0.04217681708609289,0.1447380130708817,-0.8548761079111235,-0.7329386593219741,-0.4679334670260238,-0.6104315766645738,-0.7579885601725025,-0.6942605141817413
2013.0,10.0,13.0,4.605636928539725,26.6271637816245,30.36462494451842,64.59343098091433,47.77807367953839,49.0,14.5,335.5999092353029,0.37427987260128154,-0.24639004025634262,0.03901444208810982,-0.04015154533851981,0.6138286839982741,0.31716983517936814,-0.24393663852837671,0.04711067885867935
2013.0,10.0,13.0,4.605636928539725,26.6271637816245,30.36462494451842,64.59343098091433,47.77807367953839,49.0,14.8,335.5999092353029,0.37427987260128154,-0.24639004025634262,0.03901444208810982,-0.04015154533851981,0.6138286839982741,0.31716983517936814,-0.24393663852837671,0.04711067885867935
2013.0,10.0,13.0,4.605636928539725,26.6271637816245,30.36462494451842,64.59343098091433,47.77807367953839,49.0,16.9,335.5999092353029,0.37427987260128154,-0.24639004025634262,0.03901444208810982,-0.04015154533851981,0.6138286839982741,0.31716983517936814,-0.24393663852837671,0.04711067885867935
2013.0,10.0,13.0,4.605636928539725,26.6271637816245,30.36462494451842,64.59343098091433,47.77807367953839,49.0,17.1,335.5999092353029,0.37427987260128154,-0.24639004025634262,0.03901444208810982,-0.04015154533851981,0.6138286839982741,0.31716983517936814,-0.24393663852837671,0.04711067885867935
2013.0,10.0,13.0,4.605636928539725,26.6271637816245,30.36462494451842,64.59343098091433,47.77807367953839,49.0,19.3,335.5999092353029,0.37427987260128154,-0.24639004025634262,0.03901444208810982,-0.04015154533851981,0.6138286839982741,0.31716983517936814,-0.24393663852837671,0.04711067885867935
2013.0,10.0,13.0,4.605636928539725,26.6271637816245,30.36462494451842,64.59343098091433,47.77807367953839,49.1,10.3,335.5999092353029,0.37427987260128154,-0.24639004025634262,0.03901444208810982,-0.04015154533851981,0.6138286839982741,0.31716983517936814,-0.24393663852837671,0.04711067885867935
2013.0,10.0,13.0,11.0,51.0,1.0,64.0,39.0,49.1,11.6,483.34308,-0.6763456328964205,1.2638354398352687,-0.8131506661671356,-0.1011053879898393,-0.41587653813964737,-0.693615515181664,-0.6215803616947673,0.23461465433913686
2013.0,10.0,13.0,4.605636928539725,26.6271637816245,30.36462494451842,64.59343098091433,47.77807367953839,49.1,15.3,335.5999092353029,0.37427987260128154,-0.24639004025634262,0.03901444208810982,-0.04015154533851981,0.6138286839982741,0.31716983517936814,-0.24393663852837671,0.04711067885867935
2013.0,10.0,13.0,4.605636928539725,26.6271637816245,30.36462494451842,64.59343098091433,47.77807367953839,49.2,12.2,335.5999092353029,0.37427987260128154,-0.24639004025634262,0.03901444208810982,-0.04015154533851981,0.6138286839982741,0.31716983517936814,-0.24393663852837671,0.04711067885867935
2013.0,10.0,13.0,4.605636928539725,26.6271637816245,30.36462494451842,64.59343098091433,47.77807367953839,49.2,13.8,335.5999092353029,0.37427987260128154,-0.24639004025634262,0.03901444208810982,-0.04015154533851981,0.6138286839982741,0.31716983517936814,-0.24393663852837671,0.04711067885867935
2013.0,10.0,13.0,4.605636928539725,26.6271637816245,30.36462494451842,64.59343098091433,47.77807367953839,49.3,5.1,335.5999092353029,0.37427987260128154,-0.24639004025634262,0.03901444208810982,-0.04015154533851981,0.6138286839982741,0.31716983517936814,-0.24393663852837671,0.04711067885867935
2013.0,10.0,13.0,4.605636928539725,26.6271637816245,30.36462494451842,64.59343098091433,47.77807367953839,49.3,5.9,335.5999092353029,0.37427987260128154,-0.24639004025634262,0.03901444208810982,-0.04015154533851981,0.6138286839982741,0.31716983517936814,-0.24393663852837671,0.04711067885867935
2013.0,10.0,13.0,4.605636928539725,26.6271637816245,30.36462494451842,64.59343098091433,47.77807367953839,49.3,6.8,335.5999092353029,0.37427987260128154,-0.24639004025634262,0.03901444208810982,-0.04015154533851981,0.6138286839982741,0.31716983517936814,-0.24393663852837671,0.04711067885867935
2013.0,10.0,13.0,4.605636928539725,26.6271637816245,30.36462494451842,64.59343098091433,47.77807367953839,49.3,7.4,335.5999092353029,0.37427987260128154,-0.24639004025634262,0.03901444208810982,-0.04015154533851981,0.6138286839982741,0.31716983517936814,-0.24393663852837671,0.04711067885867935
2013.0,10.0,13.0,4.605636928539725,26.6271637816245,30.36462494451842,64.59343098091433,47.77807367953839,49.3,9.1,335.5999092353029,0.37427987260128154,-0.24639004025634262,0.03901444208810982,-0.04015154533851981,0.6138286839982741,0.31716983517936814,-0.24393663852837671,0.04711067885867935
2013.0,10.0,13.0,4.605636928539725,26.6271637816245,30.36462494451842,64.59343098091433,47.77807367953839,49.3,9.9,335.5999092353029,0.37427987260128154,-0.24639004025634262,0.03901444208810982,-0.04015154533851981,0.6138286839982741,0.31716983517936814,-0.24393663852837671,0.04711067885867935
2013.0,10.0,13.0,4.605636928539725,26.6271637816245,30.36462494451842,64.59343098091433,47.77807367953839,49.3,14.7,335.5999092353029,0.37427987260128154,-0.24639004025634262,0.03901444208810982,-0.04015154533851981,0.6138286839982741,0.31716983517936814,-0.24393663852837671,0.04711067885867935
2013.0,10.0,13.0,4.605636928539725,26.6271637816245,30.36462494451842,64.59343098091433,47.77807367953839,49.3,17.0,335.5999092353029,0.37427987260128154,-0.24639004025634262,0.03901444208810982,-0.04015154533851981,0.6138286839982741,0.31716983517936814,-0.24393663852837671,0.04711067885867935
2013.0,10.0,13.0,4.605636928539725,26.6271637816245,30.36462494451842,64.59343098091433,47.77807367953839,49.4,6.3,335.5999092353029,0.37427987260128154,-0.24639004025634262,0.03901444208810982,-0.04015154533851981,0.6138286839982741,0.31716983517936814,-0.24393663852837671,0.04711067885867935
2013.0,10.0,13.0,5.5,37.0,21.5,94.0,61.0,49.4,8.3,149.24957799999999,0.1795352937660865,-0.48982489275461283,-1.0143515035461048,-0.7286493952289901,-0.8923414296322625,-0.6020493113560994,-0.21327555329938108,0.9115830367725115
2013.0,10.0,13.0,4.605636928539725,26.6271637816245,30.36462494451842,64.59343098091433,47.77807367953839,49.4,10.4,335.5999092353029,0.37427987260128154,-0.24639004025634262,0.03901444208810982,-0.04015154533851981,0.6138286839982741,0.31716983517936814,-0.24393663852837671,0.04711067885867935
2013.0,10.0,13.0,4.605636928539725,26.6271637816245,30.36462494451842,64.59343098091433,47.77807367953839,49.4,14.4,335.5999092353029,0.37427987260128154,-0.24639004025634262,0.03901444208810982,-0.04015154533851981,0.6138286839982741,0.31716983517936814,-0.24393663852837671,0.04711067885867935
2013.0,10.0,13.0,11.0,50.0,51.0,60.0,69.0,49.4,18.7,590.32,-0.6352781350520422,0.6490038602441283,-0.03121504197642296,0.17217681858742948,0.340561755791536,-0.2456865918638381,-0.7758271106237343,-1.142915048744102
2013.0,10.0,13.0,4.605636928539725,26.6271637816245,30.36462494451842,64.59343098091433,47.77807367953839,49.4,19.4,335.5999092353029,0.37427987260128154,-0.24639004025634262,0.03901444208810982,-0.04015154533851981,0.6138286839982741,0.31716983517936814,-0.24393663852837671,0.04711067885867935
2013.0,10.0,13.0,4.605636928539725,26.6271637816245,30.36462494451842,64.59343098091433,47.77807367953839,49.5,6.2,335.5999092353029,0.37427987260128154,-0.24639004025634262,0.03901444208810982,-0.04015154533851981,0.6138286839982741,0.31716983517936814,-0.24393663852837671,0.04711067885867935
2013.0,10.0,13.0,4.605636928539725,26.6271637816245,30.36462494451842,64.59343098091433,47.77807367953839,49.5,7.6,335.5999092353029,0.37427987260128154,-0.24639004025634262,0.03901444208810982,-0.04015154533851981,0.6138286839982741,0.31716983517936814,-0.24393663852837671,0.04711067885867935
2013.0,10.0,13.0,2.0,3.0,51.0,83.0,10.0,49.5,12.3,499.57928,0.7547195034988858,-0.9620727527422235,-1.1484023148370648,-1.4033329114889228,-0.5486686021253552,-0.5505021395366254,-0.7758271106237343,-0.8858311653416684
2013.0,10.0,13.0,4.605636928539725,26.6271637816245,30.36462494451842,64.59343098091433,47.77807367953839,49.5,17.0,335.5999092353029,0.37427987260128154,-0.24639004025634262,0.03901444208810982,-0.04015154533851981,0.6138286839982741,0.31716983517936814,-0.24393663852837671,0.04711067885867935
2013.0,10.0,13.0,4.605636928539725,26.6271637816245,30.36462494451842,64.59343098091433,47.77807367953839,49.6,2.0,335.5999092353029,0.37427987260128154,-0.24639004025634262,0.03901444208810982,-0.04015154533851981,0.6138286839982741,0.31716983517936814,-0.24393663852837671,0.04711067885867935
2013.0,10.0,13.0,4.605636928539725,26.6271637816245,30.36462494451842,64.59343098091433,47.77807367953839,49.6,9.7,335.5999092353029,0.37427987260128154,-0.24639004025634262,0.03901444208810982,-0.04015154533851981,0.6138286839982741,0.31716983517936814,-0.24393663852837671,0.04711067885867935
2013.0,10.0,13.0,0.0,23.0,20.0,116.0,89.0,49.6,12.9,486.72156,1.0029103597525488,-0.6927603840533141,-1.1319574515923996,-1.3880210906347212,-0.5520025148130353,-0.6102763615962054,-0.7758271106237343,-0.323696305546289
2013.0,10.0,13.0,4.605636928539725,26.6271637816245,30.36462494451842,64.59343098091433,47.77807367953839,49.6,18.2,335.5999092353029,0.37427987260128154,-0.24639004025634262,0.03901444208810982,-0.04015154533851981,0.6138286839982741,0.31716983517936814,-0.24393663852837671,0.04711067885867935
2013.0,10.0,13.0,11.0,50.0,51.0,60.0,74.0,49.6,20.2,791.7096,-0.6238342685491239,1.372819687705646,0.06846217840445777,0.3998417345031877,0.6536164639001689,0.6120845265597613,-0.23688747750992895,-0.6489184974770155
2013.0,10.0,13.0,11.0,51.0,35.0,77.0,16.0,49.7,4.5,219.9266,-0.6806772086907387,1.475532892826004,-0.9204249501314609,-0.6607713770917709,-0.34208730170511237,-0.405583395006525,0.23048132845426286,3.355466794590988
2013.0,10.0,13.0,2.0,4.0,10.0,90.0,25.0,49.7,6.5,255.7737,0.8198749671543218,-0.10689823808241272,-0.977118943453442,-1.0412888199366925,-0.4520969669124108,-0.4703873150918087,-0.4274209138686614,0.44079234619037394
2013.0,10.0,13.0,4.605636928539725,26.6271637816245,30.36462494451842,64.59343098091433,47.77807367953839,49.7,7.4,335.5999092353029,0.37427987260128154,-0.24639004025634262,0.03901444208810982,-0.04015154533851981,0.6138286839982741,0.31716983517936814,-0.24393663852837671,0.04711067885867935
2013.0,10.0,13.0,4.605636928539725,26.6271637816245,30.36462494451842,64.59343098091433,47.77807367953839,49.7,7.7,335.5999092353029,0.37427987260128154,-0.24639004025634262,0.03901444208810982,-0.04015154533851981,0.6138286839982741,0.31716983517936814,-0.24393663852837671,0.04711067885867935
2013.0,10.0,13.0,2.0,4.0,5.0,88.0,20.0,49.7,8.1,221.82704,0.8015485948637928,-0.9963197453052812,-1.0961362494812057,-1.1201704175770664,-0.5105183799230589,-0.5033214503919508,-0.5758180589962064,0.8320306796981847
2013.0,10.0,13.0,0.0,23.0,21.0,116.0,94.0,49.7,9.2,349.37076,1.0262769692942821,-0.27080627702699567,-1.05601199160489,-1.1344687720965771,-0.5051464867023702,-0.4591327239169688,-0.07589965736954576,1.7307322797539528
2013.0,10.0,13.0,4.605636928539725,26.6271637816245,30.36462494451842,64.59343098091433,47.77807367953839,49.7,10.3,335.5999092353029,0.37427987260128154,-0.24639004025634262,0.03901444208810982,-0.04015154533851981,0.6138286839982741,0.31716983517936814,-0.24393663852837671,0.04711067885867935
2013.0,10.0,13.0,11.0,51.0,12.0,68.0,39.0,49.7,11.3,507.6154,-0.6642480055924944,2.1697710731235884,-0.8863982823927125,-0.21366071685743188,-0.4201042829713355,-0.6722779394353703,-0.25073027226358685,0.24348326141855692
2013.0,10.0,13.0,4.605636928539725,26.6271637816245,30.36462494451842,64.59343098091433,47.77807367953839,49.7,17.2,335.5999092353029,0.37427987260128154,-0.24639004025634262,0.03901444208810982,-0.04015154533851981,0.6138286839982741,0.31716983517936814,-0.24393663852837671,0.04711067885867935
2013.0,10.0,13.0,2.0,3.0,19.0,71.0,1.0,49.7,18.8,529.2899,0.6725677577103831,-0.3681783845615046,-0.19396883640460402,-0.4687384839264331,0.5190491056136433,0.6830737215063692,-0.5640156811231414,0.6630065058081667
2013.0,10.0,13.0,4.605636928539725,26.6271637816245,30.36462494451842,64.59343098091433,47.77807367953839,49.7,22.4,335.5999092353029,0.37427987260128154,-0.24639004025634262,0.03901444208810982,-0.04015154533851981,0.6138286839982741,0.31716983517936814,-0.24393663852837671,0.04711067885867935
2013.0,10.0,13.0,11.0,51.0,25.0,73.0,25.0,49.8,7.6,296.5973,-0.6736545089761746,0.5087234718753486,-1.1183856560046346,-0.6014403929675711,-0.8498817377133497,-0.6418066541453268,0.16228438057525663,0.18429373047964376
2013.0,10.0,13.0,4.605636928539725,26.6271637816245,30.36462494451842,64.59343098091433,47.77807367953839,49.8,8.9,335.5999092353029,0.37427987260128154,-0.24639004025634262,0.03901444208810982,-0.04015154533851981,0.6138286839982741,0.31716983517936814,-0.24393663852837671,0.04711067885867935
2013.0,10.0,13.0,4.605636928539725,26.6271637816245,30.36462494451842,64.59343098091433,47.77807367953839,49.8,9.1,335.5999092353029,0.37427987260128154,-0.24639004025634262,0.03901444208810982,-0.04015154533851981,0.6138286839982741,0.31716983517936814,-0.24393663852837671,0.04711067885867935
2013.0,10.0,13.0,0.0,23.0,18.0,115.0,93.0,49.8,10.1,280.65067,1.0178781166479534,-1.3680020084512685,-1.1148952765798923,-1.1696954083131221,-0.5239647571445464,-0.45816533394845566,-0.3101721812124016,1.88651289278331
2013.0,10.0,13.0,4.605636928539725,26.6271637816245,30.36462494451842,64.59343098091433,47.77807367953839,49.8,10.7,335.5999092353029,0.37427987260128154,-0.24639004025634262,0.03901444208810982,-0.04015154533851981,0.6138286839982741,0.31716983517936814,-0.24393663852837671,0.04711067885867935
2013.0,10.0,13.0,4.605636928539725,26.6271637816245,30.36462494451842,64.59343098091433,47.77807367953839,49.8,10.8,335.5999092353029,0.37427987260128154,-0.24639004025634262,0.03901444208810982,-0.04015154533851981,0.6138286839982741,0.31716983517936814,-0.24393663852837671,0.04711067885867935
2013.0,10.0,13.0,4.605636928539725,26.6271637816245,30.36462494451842,64.59343098091433,47.77807367953839,49.8,12.4,335.5999092353029,0.37427987260128154,-0.24639004025634262,0.03901444208810982,-0.04015154533851981,0.6138286839982741,0.31716983517936814,-0.24393663852837671,0.04711067885867935
2013.0,10.0,13.0,4.605636928539725,26.6271637816245,30.36462494451842,64.59343098091433,47.77807367953839,49.8,14.5,335.5999092353029,0.37427987260128154,-0.24639004025634262,0.03901444208810982,-0.04015154533851981,0.6138286839982741,0.31716983517936814,-0.24393663852837671,0.04711067885867935
2013.0,10.0,13.0,4.605636928539725,26.6271637816245,30.36462494451842,64.59343098091433,47.77807367953839,49.8,15.6,335.5999092353029,0.37427987260128154,-0.24639004025634262,0.03901444208810982,-0.04015154533851981,0.6138286839982741,0.31716983517936814,-0.24393663852837671,0.04711067885867935
2013.0,10.0,13.0,4.605636928539725,26.6271637816245,30.36462494451842,64.59343098091433,47.77807367953839,49.8,18.8,335.5999092353029,0.37427987260128154,-0.24639004025634262,0.03901444208810982,-0.04015154533851981,0.6138286839982741,0.31716983517936814,-0.24393663852837671,0.04711067885867935
2013.0,10.0,13.0,4.605636928539725,26.6271637816245,30.36462494451842,64.59343098091433,47.77807367953839,49.9,5.0,335.5999092353029,0.37427987260128154,-0.24639004025634262,0.03901444208810982,-0.04015154533851981,0.6138286839982741,0.31716983517936814,-0.24393663852837671,0.04711067885867935
2013.0,10.0,13.0,2.0,4.0,5.0,88.0,23.0,49.9,7.3,476.7087,0.8093891843172705,-0.7718909617199672,-1.1151067536944883,-1.12456910373248,-0.5133052726687637,-0.5070944406894624,-0.6166079678279268,-1.3709141965591392
2013.0,10.0,13.0,4.605636928539725,26.6271637816245,30.36462494451842,64.59343098091433,47.77807367953839,49.9,8.2,335.5999092353029,0.37427987260128154,-0.24639004025634262,0.03901444208810982,-0.04015154533851981,0.6138286839982741,0.31716983517936814,-0.24393663852837671,0.04711067885867935
2013.0,10.0,13.0,4.605636928539725,26.6271637816245,30.36462494451842,64.59343098091433,47.77807367953839,49.9,9.8,335.5999092353029,0.37427987260128154,-0.24639004025634262,0.03901444208810982,-0.04015154533851981,0.6138286839982741,0.31716983517936814,-0.24393663852837671,0.04711067885867935
2013.0,10.0,13.0,4.605636928539725,26.6271637816245,30.36462494451842,64.59343098091433,47.77807367953839,49.9,11.3,335.5999092353029,0.37427987260128154,-0.24639004025634262,0.03901444208810982,-0.04015154533851981,0.6138286839982741,0.31716983517936814,-0.24393663852837671,0.04711067885867935
2013.0,10.0,13.0,4.605636928539725,26.6271637816245,30.36462494451842,64.59343098091433,47.77807367953839,49.9,13.0,335.5999092353029,0.37427987260128154,-0.24639004025634262,0.03901444208810982,-0.04015154533851981,0.6138286839982741,0.31716983517936814,-0.24393663852837671,0.04711067885867935
2013.0,10.0,13.0,4.605636928539725,26.6271637816245,30.36462494451842,64.59343098091433,47.77807367953839,49.9,13.9,335.5999092353029,0.37427987260128154,-0.24639004025634262,0.03901444208810982,-0.04015154533851981,0.6138286839982741,0.31716983517936814,-0.24393663852837671,0.04711067885867935
2013.0,10.0,13.0,4.605636928539725,26.6271637816245,30.36462494451842,64.59343098091433,47.77807367953839,49.9,18.7,335.5999092353029,0.37427987260128154,-0.24639004025634262,0.03901444208810982,-0.04015154533851981,0.6138286839982741,0.31716983517936814,-0.24393663852837671,0.04711067885867935
2013.0,10.0,13.0,0.0,23.0,15.0,114.0,93.0,50.0,10.1,269.78543,1.014757969778161,-2.061682226477997,-1.135209163987812,-1.1848481432167766,-0.536573168302417,-0.48647859546258454,-0.5369234895081197,1.1978977446796397
2013.0,10.0,13.0,2.0,3.0,38.0,78.0,8.0,50.0,13.7,427.82196,0.732252771026402,-0.940800756704376,-1.093350793771795,-1.3049031229610617,-0.5192364552496238,-0.6942925448039766,-0.7758271106237343,-0.1314564451821676
2013.0,10.0,13.0,4.605636928539725,26.6271637816245,30.36462494451842,64.59343098091433,47.77807367953839,50.0,14.0,335.5999092353029,0.37427987260128154,-0.24639004025634262,0.03901444208810982,-0.04015154533851981,0.6138286839982741,0.31716983517936814,-0.24393663852837671,0.04711067885867935
2013.0,10.0,13.0,4.605636928539725,26.6271637816245,30.36462494451842,64.59343098091433,47.77807367953839,50.0,15.6,335.5999092353029,0.37427987260128154,-0.24639004025634262,0.03901444208810982,-0.04015154533851981,0.6138286839982741,0.31716983517936814,-0.24393663852837671,0.04711067885867935
2013.0,10.0,13.0,4.605636928539725,26.6271637816245,30.36462494451842,64.59343098091433,47.77807367953839,50.0,17.1,335.5999092353029,0.37427987260128154,-0.24639004025634262,0.03901444208810982,-0.04015154533851981,0.6138286839982741,0.31716983517936814,-0.24393663852837671,0.04711067885867935
2013.0,10.0,13.0,4.605636928539725,26.6271637816245,30.36462494451842,64.59343098091433,47.77807367953839,50.0,22.5,335.5999092353029,0.37427987260128154,-0.24639004025634262,0.03901444208810982,-0.04015154533851981,0.6138286839982741,0.31716983517936814,-0.24393663852837671,0.04711067885867935
2013.0,10.0,13.0,4.605636928539725,26.6271637816245,30.36462494451842,64.59343098091433,47.77807367953839,50.1,15.3,335.5999092353029,0.37427987260128154,-0.24639004025634262,0.03901444208810982,-0.04015154533851981,0.6138286839982741,0.31716983517936814,-0.24393663852837671,0.04711067885867935
2013.0,10.0,13.0,4.605636928539725,26.6271637816245,30.36462494451842,64.59343098091433,47.77807367953839,50.2,11.2,335.5999092353029,0.37427987260128154,-0.24639004025634262,0.03901444208810982,-0.04015154533851981,0.6138286839982741,0.31716983517936814,-0.24393663852837671,0.04711067885867935
2013.0,10.0,13.0,4.605636928539725,26.6271637816245,30.36462494451842,64.59343098091433,47.77807367953839,50.2,11.5,335.5999092353029,0.37427987260128154,-0.24639004025634262,0.03901444208810982,-0.04015154533851981,0.6138286839982741,0.31716983517936814,-0.24393663852837671,0.04711067885867935
2013.0,10.0,13.0,4.605636928539725,26.6271637816245,30.36462494451842,64.59343098091433,47.77807367953839,50.2,14.2,335.5999092353029,0.37427987260128154,-0.24639004025634262,0.03901444208810982,-0.04015154533851981,0.6138286839982741,0.31716983517936814,-0.24393663852837671,0.04711067885867935
2013.0,10.0,13.0,4.605636928539725,26.6271637816245,30.36462494451842,64.59343098091433,47.77807367953839,50.2,15.2,335.5999092353029,0.37427987260128154,-0.24639004025634262,0.03901444208810982,-0.04015154533851981,0.6138286839982741,0.31716983517936814,-0.24393663852837671,0.04711067885867935
2013.0,10.0,13.0,4.605636928539725,26.6271637816245,30.36462494451842,64.59343098091433,47.77807367953839,50.2,16.7,335.5999092353029,0.37427987260128154,-0.24639004025634262,0.03901444208810982,-0.04015154533851981,0.6138286839982741,0.31716983517936814,-0.24393663852837671,0.04711067885867935
2013.0,10.0,13.0,4.605636928539725,26.6271637816245,30.36462494451842,64.59343098091433,47.77807367953839,50.2,17.6,335.5999092353029,0.37427987260128154,-0.24639004025634262,0.03901444208810982,-0.04015154533851981,0.6138286839982741,0.31716983517936814,-0.24393663852837671,0.04711067885867935
2013.0,10.0,13.0,4.605636928539725,26.6271637816245,30.36462494451842,64.59343098091433,47.77807367953839,50.2,19.2,335.5999092353029,0.37427987260128154,-0.24639004025634262,0.03901444208810982,-0.04015154533851981,0.6138286839982741,0.31716983517936814,-0.24393663852837671,0.04711067885867935
2013.0,10.0,13.0,4.605636928539725,26.6271637816245,30.36462494451842,64.59343098091433,47.77807367953839,50.3,5.4,335.5999092353029,0.37427987260128154,-0.24639004025634262,0.03901444208810982,-0.04015154533851981,0.6138286839982741,0.31716983517936814,-0.24393663852837671,0.04711067885867935
2013.0,10.0,13.0,4.605636928539725,26.6271637816245,30.36462494451842,64.59343098091433,47.77807367953839,50.3,7.0,335.5999092353029,0.37427987260128154,-0.24639004025634262,0.03901444208810982,-0.04015154533851981,0.6138286839982741,0.31716983517936814,-0.24393663852837671,0.04711067885867935
2013.0,10.0,13.0,4.605636928539725,26.6271637816245,30.36462494451842,64.59343098091433,47.77807367953839,50.3,7.7,335.5999092353029,0.37427987260128154,-0.24639004025634262,0.03901444208810982,-0.04015154533851981,0.6138286839982741,0.31716983517936814,-0.24393663852837671,0.04711067885867935
2013.0,10.0,13.0,2.0,3.0,48.0,82.0,17.0,50.3,9.7,413.94336,0.7762352270186847,-1.2415795734489454,-1.1789990251838207,-1.1242363960592598,-0.5181645908305261,-0.617372205460628,-0.5692746281753749,-0.25749776875680075
2013.0,10.0,13.0,0.0,23.0,10.0,112.0,92.0,50.3,10.9,349.62805,1.003795690682545,-0.7939882594115122,-1.227233933921892,-1.232136240130459,-0.5579526295084475,-0.6724164731193967,-0.6742127149953168,0.20976510963845
2013.0,10.0,13.0,4.605636928539725,26.6271637816245,30.36462494451842,64.59343098091433,47.77807367953839,50.3,12.5,335.5999092353029,0.37427987260128154,-0.24639004025634262,0.03901444208810982,-0.04015154533851981,0.6138286839982741,0.31716983517936814,-0.24393663852837671,0.04711067885867935
2013.0,10.0,13.0,4.605636928539725,26.6271637816245,30.36462494451842,64.59343098091433,47.77807367953839,50.3,13.3,335.5999092353029,0.37427987260128154,-0.24639004025634262,0.03901444208810982,-0.04015154533851981,0.6138286839982741,0.31716983517936814,-0.24393663852837671,0.04711067885867935
2013.0,10.0,13.0,4.605636928539725,26.6271637816245,30.36462494451842,64.59343098091433,47.77807367953839,50.3,15.6,335.5999092353029,0.37427987260128154,-0.24639004025634262,0.03901444208810982,-0.04015154533851981,0.6138286839982741,0.31716983517936814,-0.24393663852837671,0.04711067885867935
2013.0,10.0,13.0,4.605636928539725,26.6271637816245,30.36462494451842,64.59343098091433,47.77807367953839,50.4,3.8,335.5999092353029,0.37427987260128154,-0.24639004025634262,0.03901444208810982,-0.04015154533851981,0.6138286839982741,0.31716983517936814,-0.24393663852837671,0.04711067885867935
2013.0,10.0,13.0,4.605636928539725,26.6271637816245,30.36462494451842,64.59343098091433,47.77807367953839,50.4,4.5,335.5999092353029,0.37427987260128154,-0.24639004025634262,0.03901444208810982,-0.04015154533851981,0.6138286839982741,0.31716983517936814,-0.24393663852837671,0.04711067885867935
2013.0,10.0,13.0,4.605636928539725,26.6271637816245,30.36462494451842,64.59343098091433,47.77807367953839,50.4,6.5,335.5999092353029,0.37427987260128154,-0.24639004025634262,0.03901444208810982,-0.04015154533851981,0.6138286839982741,0.31716983517936814,-0.24393663852837671,0.04711067885867935
2013.0,10.0,13.0,11.0,51.0,38.0,78.0,23.0,50.4,6.6,534.73926,-0.6622838360012255,1.9596617809732078,-0.9898982033784085,-0.7601080362920226,-0.35130118220958584,-0.45947508326592273,0.7473437905815145,0.4478198819997589
2013.0,10.0,13.0,4.605636928539725,26.6271637816245,30.36462494451842,64.59343098091433,47.77807367953839,50.4,7.8,335.5999092353029,0.37427987260128154,-0.24639004025634262,0.03901444208810982,-0.04015154533851981,0.6138286839982741,0.31716983517936814,-0.24393663852837671,0.04711067885867935
2013.0,10.0,13.0,2.0,3.0,51.0,83.0,20.0,50.4,8.6,290.37152,0.7874942914342735,-0.6687217204846716,-1.1667132118595782,-1.1180457722172523,-0.5057271469753826,-0.5642611538591038,-0.6524458979085288,0.2801123729967103
2013.0,10.0,13.0,11.0,51.0,30.0,75.0,32.0,50.4,9.2,360.6842,-0.654780452503161,0.4249556457328291,-0.9781239632647185,-0.3429119951032528,-0.44166026791743174,-0.5735857870595783,-0.41795759181008996,-0.6328210658164
2013.0,10.0,13.0,4.605636928539725,26.6271637816245,30.36462494451842,64.59343098091433,47.77807367953839,50.4,11.3,335.5999092353029,0.37427987260128154,-0.24639004025634262,0.03901444208810982,-0.04015154533851981,0.6138286839982741,0.31716983517936814,-0.24393663852837671,0.04711067885867935
2013.0,10.0,13.0,2.0,3.0,30.0,75.0,8.0,50.4,14.0,249.69464,0.7239482478891699,-1.325364863085106,-0.9451919413524779,-1.1974813442843975,-0.43888396005914593,-0.7542455704519707,-0.7758271106237343,-1.2920166255680607
2013.0,10.0,13.0,4.605636928539725,26.6271637816245,30.36462494451842,64.59343098091433,47.77807367953839,50.4,14.4,335.5999092353029,0.37427987260128154,-0.24639004025634262,0.03901444208810982,-0.04015154533851981,0.6138286839982741,0.31716983517936814,-0.24393663852837671,0.04711067885867935
2013.0,10.0,13.0,4.605636928539725,26.6271637816245,30.36462494451842,64.59343098091433,47.77807367953839,50.4,15.1,335.5999092353029,0.37427987260128154,-0.24639004025634262,0.03901444208810982,-0.04015154533851981,0.6138286839982741,0.31716983517936814,-0.24393663852837671,0.04711067885867935
2013.0,10.0,13.0,6.5,27.0,17.0,70.0,32.5,50.4,16.0,337.201005,0.035803128637674486,-0.23759694926922686,-0.6531586621522077,-0.49416800972669445,-0.38302421551510973,-0.23277493973660074,0.2172985930150902,-0.3541836550400973
2013.0,10.0,13.0,4.605636928539725,26.6271637816245,30.36462494451842,64.59343098091433,47.77807367953839,50.5,6.0,335.5999092353029,0.37427987260128154,-0.24639004025634262,0.03901444208810982,-0.04015154533851981,0.6138286839982741,0.31716983517936814,-0.24393663852837671,0.04711067885867935
2013.0,10.0,13.0,4.605636928539725,26.6271637816245,30.36462494451842,64.59343098091433,47.77807367953839,50.5,7.4,335.5999092353029,0.37427987260128154,-0.24639004025634262,0.03901444208810982,-0.04015154533851981,0.6138286839982741,0.31716983517936814,-0.24393663852837671,0.04711067885867935
2013.0,10.0,13.0,4.605636928539725,26.6271637816245,30.36462494451842,64.59343098091433,47.77807367953839,50.5,10.8,335.5999092353029,0.37427987260128154,-0.24639004025634262,0.03901444208810982,-0.04015154533851981,0.6138286839982741,0.31716983517936814,-0.24393663852837671,0.04711067885867935
2013.0,10.0,13.0,11.0,51.0,25.0,73.0,42.0,50.5,11.6,509.9303,-0.6442718366354031,0.8815264698536848,-0.9984680616890074,-0.4653330755333019,-0.4472794603130652,-0.6092116201112593,-0.28939758289049533,-0.23872622550430767
2013.0,10.0,13.0,4.605636928539725,26.6271637816245,30.36462494451842,64.59343098091433,47.77807367953839,50.5,12.9,335.5999092353029,0.37427987260128154,-0.24639004025634262,0.03901444208810982,-0.04015154533851981,0.6138286839982741,0.31716983517936814,-0.24393663852837671,0.04711067885867935
2013.0,10.0,13.0,6.5,27.0,36.5,77.5,26.0,50.6,9.9,455.50265,0.06042709764060472,0.11619674065075203,-1.19669613505706,-0.7682157669695304,-0.7619195381629873,-0.742111394642214,0.07455081802692604,-0.7099619857158082
2013.0,10.0,13.0,0.0,23.0,2.0,109.0,86.0,50.6,14.7,318.8562,0.970495170011182,-1.3847519739971004,-0.9019136533670215,-1.0075876322510047,-0.7077801772448935,-0.6419474033257113,-0.6975384788735091,-0.8503645479892279
2013.0,10.0,13.0,4.605636928539725,26.6271637816245,30.36462494451842,64.59343098091433,47.77807367953839,50.7,11.5,335.5999092353029,0.37427987260128154,-0.24639004025634262,0.03901444208810982,-0.04015154533851981,0.6138286839982741,0.31716983517936814,-0.24393663852837671,0.04711067885867935
2013.0,10.0,13.0,4.605636928539725,26.6271637816245,30.36462494451842,64.59343098091433,47.77807367953839,50.7,12.2,335.5999092353029,0.37427987260128154,-0.24639004025634262,0.03901444208810982,-0.04015154533851981,0.6138286839982741,0.31716983517936814,-0.24393663852837671,0.04711067885867935
2013.0,10.0,13.0,1.0,12.5,37.5,89.0,44.0,50.7,16.2,561.34438,0.8265328012092867,-0.7898146954324029,-0.5352450652558659,-0.73280218457252,-0.3862624242266384,-0.011284340407918474,-0.533890372728026,-0.17890690271577533
2013.0,10.0,13.0,4.605636928539725,26.6271637816245,30.36462494451842,64.59343098091433,47.77807367953839,50.8,2.7,335.5999092353029,0.37427987260128154,-0.24639004025634262,0.03901444208810982,-0.04015154533851981,0.6138286839982741,0.31716983517936814,-0.24393663852837671,0.04711067885867935
2013.0,10.0,13.0,4.605636928539725,26.6271637816245,30.36462494451842,64.59343098091433,47.77807367953839,50.8,9.1,335.5999092353029,0.37427987260128154,-0.24639004025634262,0.03901444208810982,-0.04015154533851981,0.6138286839982741,0.31716983517936814,-0.24393663852837671,0.04711067885867935
2013.0,10.0,13.0,4.605636928539725,26.6271637816245,30.36462494451842,64.59343098091433,47.77807367953839,50.8,9.9,335.5999092353029,0.37427987260128154,-0.24639004025634262,0.03901444208810982,-0.04015154533851981,0.6138286839982741,0.31716983517936814,-0.24393663852837671,0.04711067885867935
2013.0,10.0,13.0,11.0,51.0,28.0,74.0,45.0,50.8,12.2,315.10455,-0.6364302774393086,0.5970806911289608,-0.9722972652406149,-0.32356326731112,-0.8743975940879098,-0.6086830287449264,-0.6110260337816148,0.3545492491951002
2013.0,10.0,13.0,4.605636928539725,26.6271637816245,30.36462494451842,64.59343098091433,47.77807367953839,50.9,7.3,335.5999092353029,0.37427987260128154,-0.24639004025634262,0.03901444208810982,-0.04015154533851981,0.6138286839982741,0.31716983517936814,-0.24393663852837671,0.04711067885867935
2013.0,10.0,13.0,2.0,3.0,11.0,68.0,5.0,50.9,16.5,221.60297,0.6897608535154652,-0.506917000312059,-0.44110300659111124,-0.7759956352311919,-0.5092743162309645,0.17476639723983162,-0.6298689759242974,-0.5668849310011865
2013.0,10.0,13.0,4.605636928539725,26.6271637816245,30.36462494451842,64.59343098091433,47.77807367953839,50.9,19.1,335.5999092353029,0.37427987260128154,-0.24639004025634262,0.03901444208810982,-0.04015154533851981,0.6138286839982741,0.31716983517936814,-0.24393663852837671,0.04711067885867935
2013.0,10.0,13.0,4.605636928539725,26.6271637816245,30.36462494451842,64.59343098091433,47.77807367953839,51.0,6.9,335.5999092353029,0.37427987260128154,-0.24639004025634262,0.03901444208810982,-0.04015154533851981,0.6138286839982741,0.31716983517936814,-0.24393663852837671,0.04711067885867935
2013.0,10.0,13.0,4.605636928539725,26.6271637816245,30.36462494451842,64.59343098091433,47.77807367953839,51.0,10.1,335.5999092353029,0.37427987260128154,-0.24639004025634262,0.03901444208810982,-0.04015154533851981,0.6138286839982741,0.31716983517936814,-0.24393663852837671,0.04711067885867935
2013.0,10.0,13.0,6.5,27.0,32.5,76.0,28.0,51.0,11.4,288.43661499999996,0.05734855052511534,-0.054458613264693145,-1.040068127715051,-0.8063588443555778,-0.9019202373301822,-0.7827720409097194,-0.6470005762990299,-0.37898031028930296
2013.0,10.0,13.0,4.605636928539725,26.6271637816245,30.36462494451842,64.59343098091433,47.77807367953839,51.0,11.7,335.5999092353029,0.37427987260128154,-0.24639004025634262,0.03901444208810982,-0.04015154533851981,0.6138286839982741,0.31716983517936814,-0.24393663852837671,0.04711067885867935
2013.0,10.0,13.0,2.0,2.0,58.0,63.0,2.0,51.0,19.0,220.6239,0.6577796235951493,-0.6094982875521296,-0.3585131370697187,-0.5521059823550067,0.2733752011615721,1.0256685646907209,-0.6074993832342204,-0.047928046409727476
2013.0,10.0,13.0,4.605636928539725,26.6271637816245,30.36462494451842,64.59343098091433,47.77807367953839,51.1,7.2,335.5999092353029,0.37427987260128154,-0.24639004025634262,0.03901444208810982,-0.04015154533851981,0.6138286839982741,0.31716983517936814,-0.24393663852837671,0.04711067885867935
2013.0,10.0,13.0,11.0,51.0,36.0,77.0,41.0,51.1,11.1,168.86089,-0.6337730283918386,0.9447867670083877,-0.8996558834102213,-0.2557409696337335,-0.49700690941528336,-0.553058561687017,-0.6686145194816923,-0.7276352715012738
2013.0,10.0,13.0,4.605636928539725,26.6271637816245,30.36462494451842,64.59343098091433,47.77807367953839,51.2,5.5,335.5999092353029,0.37427987260128154,-0.24639004025634262,0.03901444208810982,-0.04015154533851981,0.6138286839982741,0.31716983517936814,-0.24393663852837671,0.04711067885867935
2013.0,10.0,13.0,11.0,51.0,51.0,83.0,24.0,51.2,6.4,62.575592,-0.6450001574198856,1.007905830397654,-0.6301655611091136,-0.3976230263184882,-0.20491741879507264,-0.16617659792472933,0.010876656955375012,1.3023913477184195
2013.0,10.0,13.0,2.0,3.0,32.0,76.0,17.0,51.2,10.3,358.82452,0.7593363599394044,-0.82105228515411,-1.140532345072392,-1.09301678769349,-0.4802220939010434,-0.7321645001926272,-0.5463656460575265,-0.5744654728201719
2013.0,10.0,13.0,4.605636928539725,26.6271637816245,30.36462494451842,64.59343098091433,47.77807367953839,51.2,11.9,335.5999092353029,0.37427987260128154,-0.24639004025634262,0.03901444208810982,-0.04015154533851981,0.6138286839982741,0.31716983517936814,-0.24393663852837671,0.04711067885867935
2013.0,10.0,13.0,4.605636928539725,26.6271637816245,30.36462494451842,64.59343098091433,47.77807367953839,51.3,9.1,335.5999092353029,0.37427987260128154,-0.24639004025634262,0.03901444208810982,-0.04015154533851981,0.6138286839982741,0.31716983517936814,-0.24393663852837671,0.04711067885867935
2013.0,10.0,13.0,4.605636928539725,26.6271637816245,30.36462494451842,64.59343098091433,47.77807367953839,51.5,-2.1,335.5999092353029,0.37427987260128154,-0.24639004025634262,0.03901444208810982,-0.04015154533851981,0.6138286839982741,0.31716983517936814,-0.24393663852837671,0.04711067885867935
2013.0,10.0,13.0,2.0,3.0,43.0,80.0,36.0,51.7,4.6,0.25245097,0.8142367954213952,-1.2483435942669416,-0.5958357761727735,-0.6046834852385742,-0.1238196318759566,0.08935067195044039,0.7064432428577784,0.854390371628075
2013.0,10.0,13.0,4.605636928539725,26.6271637816245,30.36462494451842,64.59343098091433,47.77807367953839,51.7,11.2,335.5999092353029,0.37427987260128154,-0.24639004025634262,0.03901444208810982,-0.04015154533851981,0.6138286839982741,0.31716983517936814,-0.24393663852837671,0.04711067885867935
2013.0,10.0,13.0,11.0,51.0,41.0,79.0,49.0,51.7,12.8,97.95515,-0.6148887675817428,1.7507835781656906,-0.908371761633278,-0.25588309718346247,-0.41959673636248945,-0.1844447989521192,-0.05937248456719629,2.5043440830088115
2013.0,10.0,13.0,4.605636928539725,26.6271637816245,30.36462494451842,64.59343098091433,47.77807367953839,51.7,14.1,335.5999092353029,0.37427987260128154,-0.24639004025634262,0.03901444208810982,-0.04015154533851981,0.6138286839982741,0.31716983517936814,-0.24393663852837671,0.04711067885867935
2013.0,10.0,13.0,0.0,22.0,43.0,102.0,87.0,51.7,14.4,87.356094,0.9527479985381854,-0.5124562821002335,-0.5818581459317514,-0.8019880184300804,-0.037346884381602885,-0.4284153882078829,-0.7758271106237343,-0.2602767792619323
2013.0,10.0,13.0,4.605636928539725,26.6271637816245,30.36462494451842,64.59343098091433,47.77807367953839,51.8,11.8,335.5999092353029,0.37427987260128154,-0.24639004025634262,0.03901444208810982,-0.04015154533851981,0.6138286839982741,0.31716983517936814,-0.24393663852837671,0.04711067885867935
2013.0,10.0,13.0,4.605636928539725,26.6271637816245,30.36462494451842,64.59343098091433,47.77807367953839,51.9,9.5,335.5999092353029,0.37427987260128154,-0.24639004025634262,0.03901444208810982,-0.04015154533851981,0.6138286839982741,0.31716983517936814,-0.24393663852837671,0.04711067885867935
2013.0,10.0,13.0,4.605636928539725,26.6271637816245,30.36462494451842,64.59343098091433,47.77807367953839,52.0,6.3,335.5999092353029,0.37427987260128154,-0.24639004025634262,0.03901444208810982,-0.04015154533851981,0.6138286839982741,0.31716983517936814,-0.24393663852837671,0.04711067885867935
2013.0,10.0,13.0,4.605636928539725,26.6271637816245,30.36462494451842,64.59343098091433,47.77807367953839,52.0,8.2,335.5999092353029,0.37427987260128154,-0.24639004025634262,0.03901444208810982,-0.04015154533851981,0.6138286839982741,0.31716983517936814,-0.24393663852837671,0.04711067885867935
2013.0,10.0,13.0,4.605636928539725,26.6271637816245,30.36462494451842,64.59343098091433,47.77807367953839,52.0,14.2,335.5999092353029,0.37427987260128154,-0.24639004025634262,0.03901444208810982,-0.04015154533851981,0.6138286839982741,0.31716983517936814,-0.24393663852837671,0.04711067885867935
2013.0,10.0,13.0,0.0,22.0,29.0,97.0,69.0,52.0,21.6,143.1257,0.890497795604485,-0.5727209347263302,-0.5895116034124284,-0.6356761740505205,0.006633951399949252,0.807745566114841,-0.7530548047261414,-1.1625187593913666
2013.0,10.0,13.0,4.605636928539725,26.6271637816245,30.36462494451842,64.59343098091433,47.77807367953839,52.1,15.8,335.5999092353029,0.37427987260128154,-0.24639004025634262,0.03901444208810982,-0.04015154533851981,0.6138286839982741,0.31716983517936814,-0.24393663852837671,0.04711067885867935
2013.0,10.0,13.0,4.605636928539725,26.6271637816245,30.36462494451842,64.59343098091433,47.77807367953839,52.4,13.5,335.5999092353029,0.37427987260128154,-0.24639004025634262,0.03901444208810982,-0.04015154533851981,0.6138286839982741,0.31716983517936814,-0.24393663852837671,0.04711067885867935
2013.0,10.0,13.0,6.5,26.5,51.0,71.5,34.0,52.4,15.0,103.01885999999999,0.04987878844436988,0.2729621469313383,-0.37523493463111246,-0.39222662091485594,0.05696276541838491,0.46151437662893446,0.07986714590009553,-0.6941326527767983
2013.0,10.0,13.0,4.605636928539725,26.6271637816245,30.36462494451842,64.59343098091433,47.77807367953839,52.4,18.2,335.5999092353029,0.37427987260128154,-0.24639004025634262,0.03901444208810982,-0.04015154533851981,0.6138286839982741,0.31716983517936814,-0.24393663852837671,0.04711067885867935
2013.0,10.0,13.0,4.605636928539725,26.6271637816245,30.36462494451842,64.59343098091433,47.77807367953839,52.5,11.9,335.5999092353029,0.37427987260128154,-0.24639004025634262,0.03901444208810982,-0.04015154533851981,0.6138286839982741,0.31716983517936814,-0.24393663852837671,0.04711067885867935
2013.0,10.0,13.0,4.605636928539725,26.6271637816245,30.36462494451842,64.59343098091433,47.77807367953839,52.5,14.2,335.5999092353029,0.37427987260128154,-0.24639004025634262,0.03901444208810982,-0.04015154533851981,0.6138286839982741,0.31716983517936814,-0.24393663852837671,0.04711067885867935
2013.0,10.0,13.0,0.0,22.0,27.0,96.0,83.0,52.5,16.6,85.097275,0.9214892268674413,-0.4446585017968294,-0.32701009623182886,-0.42902433183589556,0.2600718582026163,1.1104307185545303,0.41151403343426285,-0.6928861575794628
2013.0,10.0,13.0,4.605636928539725,26.6271637816245,30.36462494451842,64.59343098091433,47.77807367953839,52.5,21.4,335.5999092353029,0.37427987260128154,-0.24639004025634262,0.03901444208810982,-0.04015154533851981,0.6138286839982741,0.31716983517936814,-0.24393663852837671,0.04711067885867935
2013.0,10.0,13.0,11.0,52.0,7.0,89.0,33.0,52.6,8.2,54.97291,-0.6104229705934072,1.4898533099103703,-0.6669726493878846,-0.18081956235616056,-0.3280838224992384,-0.5267647902647755,-0.7171722253528796,0.2516949580788541
2013.0,10.0,13.0,4.605636928539725,26.6271637816245,30.36462494451842,64.59343098091433,47.77807367953839,52.7,13.3,335.5999092353029,0.37427987260128154,-0.24639004025634262,0.03901444208810982,-0.04015154533851981,0.6138286839982741,0.31716983517936814,-0.24393663852837671,0.04711067885867935
2013.0,10.0,13.0,0.0,22.0,25.0,95.0,94.0,52.9,9.5,49.67856,0.9614796492189412,-1.351272943843542,-0.7238982605020432,-0.8293483792950767,-0.15313675295610304,-0.5092420386001629,-0.6839310781287646,0.030463539913610282
2013.0,10.0,13.0,2.0,3.0,28.0,74.0,46.0,53.0,2.8,0.0,0.8146721878167669,-1.3144152629217305,-0.15962898112947616,-0.09583617059235336,0.38520772980744744,0.9876870073940113,1.468185194634008,4.586859902687147
2013.0,10.0,13.0,11.0,51.0,57.0,85.0,61.0,53.0,15.2,72.80995,-0.5767537714107923,0.7451912964746712,-0.325100759997177,-0.31868732330407,0.1406219316682333,0.7097576809342322,3.095270138384186,-0.07367176703784989
2013.0,10.0,13.0,11.0,51.0,57.0,85.0,64.0,53.2,16.0,91.57325,-0.5712347898613214,0.7759517450161315,-0.24656621590666522,-0.22585703721822364,0.2725698194544752,0.9350934696770308,2.5527288374491057,-0.8195830072167148
2013.0,10.0,13.0,4.605636928539725,26.6271637816245,30.36462494451842,64.59343098091433,47.77807367953839,53.3,6.8,335.5999092353029,0.37427987260128154,-0.24639004025634262,0.03901444208810982,-0.04015154533851981,0.6138286839982741,0.31716983517936814,-0.24393663852837671,0.04711067885867935
2013.0,10.0,13.0,4.605636928539725,26.6271637816245,30.36462494451842,64.59343098091433,47.77807367953839,53.3,11.6,335.5999092353029,0.37427987260128154,-0.24639004025634262,0.03901444208810982,-0.04015154533851981,0.6138286839982741,0.31716983517936814,-0.24393663852837671,0.04711067885867935
2013.0,10.0,13.0,4.605636928539725,26.6271637816245,30.36462494451842,64.59343098091433,47.77807367953839,53.7,19.1,335.5999092353029,0.37427987260128154,-0.24639004025634262,0.03901444208810982,-0.04015154533851981,0.6138286839982741,0.31716983517936814,-0.24393663852837671,0.04711067885867935
2013.0,10.0,13.0,4.605636928539725,26.6271637816245,30.36462494451842,64.59343098091433,47.77807367953839,53.8,8.7,335.5999092353029,0.37427987260128154,-0.24639004025634262,0.03901444208810982,-0.04015154533851981,0.6138286839982741,0.31716983517936814,-0.24393663852837671,0.04711067885867935
2013.0,10.0,13.0,4.605636928539725,26.6271637816245,30.36462494451842,64.59343098091433,47.77807367953839,54.2,10.6,335.5999092353029,0.37427987260128154,-0.24639004025634262,0.03901444208810982,-0.04015154533851981,0.6138286839982741,0.31716983517936814,-0.24393663852837671,0.04711067885867935
2013.0,10.0,13.0,0.0,22.0,1.0,86.0,93.0,54.3,10.5,29.170034,0.9285912691597493,-1.1283162343916127,-0.27419922554741866,-0.31830293288549244,0.3424147396460934,0.9859396323842007,1.6938017976923023,0.3518920026172764
2013.0,10.0,13.0,0.0,21.0,34.0,76.0,92.0,55.9,11.6,6.8757687,0.8929926788824435,-1.4229436562469704,-0.3984500866445316,-0.3335897199099117,0.09273459358836741,0.9421017362736587,0.841411479356136,0.06055663803427325
2013.0,10.0,13.0,4.605636928539725,26.6271637816245,30.36462494451842,64.59343098091433,47.77807367953839,57.0,12.3,335.5999092353029,0.37427987260128154,-0.24639004025634262,0.03901444208810982,-0.04015154533851981,0.6138286839982741,0.31716983517936814,-0.24393663852837671,0.04711067885867935
