lat,lon,year,month,day,hour,minute,second,atrack,xtrack,surf_alt,solar_zenith_angle,solar_azimuth_angle,surf_air_temp_masked,surf_temp_masked,surf_spec_hum_masked,h2o_vap_tot_masked,cloud_liquid_water_masked,atmosphere_mass_content_of_cloud_ice_masked
27.7,19.5,2013.0,7.0,2.0,0.0,59.0,0.0,109.0,9.0,235.49135,0.6884924742518034,-1.0534138012771292,0.6280255884602921,0.3141032901314713,0.5293637138406748,0.2584496043773412,-0.7758271106237343,-0.5313163907353988
28.9,23.9,2013.0,7.0,2.0,5.777777777777777,37.37007525453741,28.52921646746348,64.11509517485612,51.0938468348827,325.16368177116027,-0.4601635867578477,-0.0703927171040178,0.6016561388652499,0.3863407549531644,0.6770649043422208,0.5613656915949233,-0.3612432116184818,-0.0838301497202194
29.7,22.6,2013.0,7.0,2.0,12.0,15.0,12.0,68.0,90.0,68.932274,-1.4357235487040931,1.694315188156961,1.5106152558945458,1.9983082940317485,-0.2964282207092901,-0.4353541924775247,-0.7758271106237343,-0.5313163907353988
30.4,22.8,2013.0,7.0,2.0,5.777777777777777,37.37007525453741,28.52921646746348,64.11509517485612,51.0938468348827,325.16368177116027,-0.4601635867578477,-0.0703927171040178,0.6016561388652499,0.3863407549531644,0.6770649043422208,0.5613656915949233,-0.3612432116184818,-0.0838301497202194
30.7,22.0,2013.0,7.0,2.0,12.0,15.0,31.0,75.0,89.0,93.11841,-1.4415590189803438,1.6588268017694916,1.5134329366880903,2.074836711672692,-0.2758441597369472,-0.386929176319599,-0.7758271106237343,-0.5313163907353988
31.7,13.1,2013.0,7.0,2.0,5.777777777777777,37.37007525453741,28.52921646746348,64.11509517485612,51.0938468348827,325.16368177116027,-0.4601635867578477,-0.0703927171040178,0.6016561388652499,0.3863407549531644,0.6770649043422208,0.5613656915949233,-0.3612432116184818,-0.0838301497202194
31.8,7.1,2013.0,7.0,2.0,0.0,58.0,27.0,96.0,73.0,142.83105,0.7251740907153185,-1.2139980627957718,1.4883900181842211,0.5874274889393404,-0.3887379930567519,0.1622776442703234,-0.7758271106237343,-0.5313163907353988
31.8,10.3,2013.0,7.0,2.0,5.777777777777777,37.37007525453741,28.52921646746348,64.11509517485612,51.0938468348827,325.16368177116027,-0.4601635867578477,-0.0703927171040178,0.6016561388652499,0.3863407549531644,0.6770649043422208,0.5613656915949233,-0.3612432116184818,-0.0838301497202194
32.0,17.8,2013.0,7.0,2.0,0.0,57.0,57.0,85.0,19.0,0.0,0.6306237447779801,-1.090240263506207,0.7858197410342229,0.6831213221349908,1.0493233031322122,0.0213235956343508,-0.7758271106237343,-0.5313163907353988
32.5,-0.2,2013.0,7.0,2.0,5.777777777777777,37.37007525453741,28.52921646746348,64.11509517485612,51.0938468348827,325.16368177116027,-0.4601635867578477,-0.0703927171040178,0.6016561388652499,0.3863407549531644,0.6770649043422208,0.5613656915949233,-0.3612432116184818,-0.0838301497202194
32.5,18.0,2013.0,7.0,2.0,5.777777777777777,37.37007525453741,28.52921646746348,64.11509517485612,51.0938468348827,325.16368177116027,-0.4601635867578477,-0.0703927171040178,0.6016561388652499,0.3863407549531644,0.6770649043422208,0.5613656915949233,-0.3612432116184818,-0.0838301497202194
32.6,19.9,2013.0,7.0,2.0,5.777777777777777,37.37007525453741,28.52921646746348,64.11509517485612,51.0938468348827,325.16368177116027,-0.4601635867578477,-0.0703927171040178,0.6016561388652499,0.3863407549531644,0.6770649043422208,0.5613656915949233,-0.3612432116184818,-0.0838301497202194
32.7,30.0,2013.0,7.0,2.0,5.777777777777777,37.37007525453741,28.52921646746348,64.11509517485612,51.0938468348827,325.16368177116027,-0.4601635867578477,-0.0703927171040178,0.6016561388652499,0.3863407549531644,0.6770649043422208,0.5613656915949233,-0.3612432116184818,-0.0838301497202194
32.9,6.9,2013.0,7.0,2.0,5.777777777777777,37.37007525453741,28.52921646746348,64.11509517485612,51.0938468348827,325.16368177116027,-0.7812305822113337,0.17632908683174536,0.3944848407925034,0.5596999537683744,0.4103103285204312,0.7585132840702776,-0.22573485893902573,0.23897557138855086
32.9,8.9,2013.0,7.0,2.0,6.0,37.0,19.5,93.5,50.0,143.94684999999998,-0.4729676739289608,0.0675646994431432,1.4988782760343806,1.5160509443275805,-0.7464465824190484,0.2644809674034486,-0.7073889664288706,-0.2984724381137793
32.9,11.7,2013.0,7.0,2.0,12.0,16.0,26.0,96.0,49.0,14.567273,-1.5970715072205195,1.4106516957941606,1.9826623866927415,2.086076901244428,1.0476965995312644,1.3702440616190392,-0.7537054752944342,-0.5313163907353988
32.9,16.4,2013.0,7.0,2.0,12.0,16.0,16.0,92.0,73.0,0.0,-1.5214912663544753,1.5138794203829673,1.063083357847608,0.7851261030641766,2.713438321254531,0.8713145424655657,0.016445944665137,-0.4449988487827234
33.0,5.3,2013.0,7.0,2.0,12.0,16.0,47.0,104.0,18.0,183.13498,-1.6815738209539053,1.1929263092801423,2.1855867625556837,2.642867230093111,-0.2280377797033728,1.464863480072426,-0.7758271106237343,-0.5313163907353988
33.0,6.9,2013.0,7.0,2.0,0.0,58.0,8.0,89.0,75.0,106.701645,0.6804135987380892,-0.33616940785363014,1.8499012559607086,0.43244534448437516,0.12641388912462537,1.4557369264635263,-1.0159277265755857,-0.4104398404800585
33.0,19.6,2013.0,7.0,2.0,5.777777777777777,37.37007525453741,28.52921646746348,64.11509517485612,51.0938468348827,325.16368177116027,-0.4601635867578477,-0.0703927171040178,0.6016561388652499,0.3863407549531644,0.6770649043422208,0.5613656915949233,-0.3612432116184818,-0.0838301497202194
33.0,20.0,2013.0,7.0,2.0,0.0,57.0,32.0,76.0,13.0,0.0,0.5905810885627985,-1.0712613706116014,0.6250216063991269,0.5645183045180138,0.3598340449914541,-0.0214747113910732,0.768092103062529,0.5722843744077923
33.1,18.0,2013.0,7.0,2.0,0.0,57.0,38.0,78.0,20.0,0.0,0.6091514392798912,-1.0933048729940231,1.061792340414686,0.8118743464138777,2.6719503396002424,0.702816400521602,-0.0841291781154589,-0.5313163907353988
33.2,15.3,2013.0,7.0,2.0,5.777777777777777,37.37007525453741,28.52921646746348,64.11509517485612,51.0938468348827,325.16368177116027,-0.4601635867578477,-0.0703927171040178,0.6016561388652499,0.3863407549531644,0.6770649043422208,0.5613656915949233,-0.3612432116184818,-0.0838301497202194
33.2,21.3,2013.0,7.0,2.0,5.777777777777777,37.37007525453741,28.52921646746348,64.11509517485612,51.0938468348827,325.16368177116027,-0.4601635867578477,-0.0703927171040178,0.6016561388652499,0.3863407549531644,0.6770649043422208,0.5613656915949233,-0.3612432116184818,-0.0838301497202194
33.3,16.0,2013.0,7.0,2.0,6.0,36.5,32.5,87.0,50.5,0.0,-0.4490351534514668,0.1890207727818309,0.7987858057437512,0.6524847597402542,1.2430948783956233,0.4227673001789114,0.0268501607841452,0.0082569029509625
33.3,17.8,2013.0,7.0,2.0,0.0,57.0,35.0,77.0,21.0,0.0,0.6073329514772027,-1.096112146051764,0.7839577353918865,0.6653860650493952,1.276837789813867,0.2753860314470002,0.7362111079575556,0.2555356769005818
33.3,19.2,2013.0,7.0,2.0,0.0,57.0,30.0,75.0,16.0,0.0,0.5928830150996037,-1.0813717239905942,0.6593443420983143,0.5983034766649019,0.3631671531271214,-0.017913235834084,-0.1946675615506649,0.0357481425924228
33.4,12.8,2013.0,7.0,2.0,12.0,16.0,32.0,98.0,56.0,0.0,-1.573531269671156,1.4224024523898096,1.093010390664807,0.7702778118323745,1.6329287393564849,1.4378737821471723,-0.6729798075336711,-0.5313163907353988
33.4,20.4,2013.0,7.0,2.0,5.777777777777777,37.37007525453741,28.52921646746348,64.11509517485612,51.0938468348827,325.16368177116027,-0.4601635867578477,-0.0703927171040178,0.6016561388652499,0.3863407549531644,0.6770649043422208,0.5613656915949233,-0.3612432116184818,-0.0838301497202194
33.4,21.1,2013.0,7.0,2.0,5.777777777777777,37.37007525453741,28.52921646746348,64.11509517485612,51.0938468348827,325.16368177116027,-0.4601635867578477,-0.0703927171040178,0.6016561388652499,0.3863407549531644,0.6770649043422208,0.5613656915949233,-0.3612432116184818,-0.0838301497202194
33.5,5.5,2013.0,7.0,2.0,5.777777777777777,37.37007525453741,28.52921646746348,64.11509517485612,51.0938468348827,325.16368177116027,-0.4601635867578477,-0.0703927171040178,0.6016561388652499,0.3863407549531644,0.6770649043422208,0.5613656915949233,-0.3612432116184818,-0.0838301497202194
33.5,17.3,2013.0,7.0,2.0,12.0,16.0,24.0,95.0,77.0,0.0,-1.5006648535184344,1.5133580013342298,0.994737982545184,0.7613140856849346,2.1774570843174264,0.5525177792179339,0.2796693537821673,-0.2796434114937226
33.7,6.7,2013.0,7.0,2.0,5.777777777777777,37.37007525453741,28.52921646746348,64.11509517485612,51.0938468348827,325.16368177116027,-0.4601635867578477,-0.0703927171040178,0.6016561388652499,0.3863407549531644,0.6770649043422208,0.5613656915949233,-0.3612432116184818,-0.0838301497202194
33.7,9.9,2013.0,7.0,2.0,5.777777777777777,37.37007525453741,28.52921646746348,64.11509517485612,51.0938468348827,325.16368177116027,-0.4601635867578477,-0.0703927171040178,0.6016561388652499,0.3863407549531644,0.6770649043422208,0.5613656915949233,-0.3612432116184818,-0.0838301497202194
33.7,12.3,2013.0,7.0,2.0,5.777777777777777,37.37007525453741,28.52921646746348,64.11509517485612,51.0938468348827,325.16368177116027,-0.4601635867578477,-0.0703927171040178,0.6016561388652499,0.3863407549531644,0.6770649043422208,0.5613656915949233,-0.3612432116184818,-0.0838301497202194
33.7,13.8,2013.0,7.0,2.0,6.0,36.5,38.0,89.0,51.5,0.0,-0.4581911546855245,0.1473838365219797,0.8139064194374817,0.6367845107529952,1.2664344294429195,0.9529570819724726,-0.3774909999248587,-0.2513936842136359
33.7,17.6,2013.0,7.0,2.0,5.777777777777777,37.37007525453741,28.52921646746348,64.11509517485612,51.0938468348827,325.16368177116027,-1.748025431306357,0.3668269782041456,0.18022220511987685,0.2413304913683206,1.0362314927482363,0.5362979605098923,-0.34416760358775894,-0.030029956187994748
33.8,4.7,2013.0,7.0,2.0,0.0,57.0,58.0,85.0,83.0,386.85867,0.7007918961784589,-1.2505930694273508,1.3295193463936,0.7251038622208598,-0.1509264222965954,1.4280743811095304,-0.6502952923719857,-0.438382971067026
33.8,6.3,2013.0,7.0,2.0,0.0,57.0,55.0,84.0,78.0,10.248668,0.6907356652414731,-1.231533160940722,1.6681304600839897,0.8417590863722861,-0.1541227565900811,1.7773824389049626,-0.7758271106237343,-0.5313163907353988
33.8,8.3,2013.0,7.0,2.0,6.0,36.5,51.0,94.0,51.0,16.604371,-0.4770565165343937,0.0370527433256715,1.6374058564345957,1.6274163587376749,-1.1547536364353317,1.0398071456686344,-0.5739250149736916,-0.1100500596416356
33.8,8.7,2013.0,7.0,2.0,5.777777777777777,37.37007525453741,28.52921646746348,64.11509517485612,51.0938468348827,325.16368177116027,-0.4601635867578477,-0.0703927171040178,0.6016561388652499,0.3863407549531644,0.6770649043422208,0.5613656915949233,-0.3612432116184818,-0.0838301497202194
33.8,9.5,2013.0,7.0,2.0,5.777777777777777,37.37007525453741,28.52921646746348,64.11509517485612,51.0938468348827,325.16368177116027,-0.4601635867578477,-0.0703927171040178,0.6016561388652499,0.3863407549531644,0.6770649043422208,0.5613656915949233,-0.3612432116184818,-0.0838301497202194
33.8,11.1,2013.0,7.0,2.0,12.0,16.0,42.0,102.0,47.0,3.0569396,-1.5941021773672552,1.3659607722270672,1.3203120356375722,1.2169919685047013,0.9724941172016862,1.7371773052048085,-0.7175815583547843,-0.5313163907353988
33.8,15.8,2013.0,7.0,2.0,5.777777777777777,37.37007525453741,28.52921646746348,64.11509517485612,51.0938468348827,325.16368177116027,-0.5777097804117994,0.34761523347537304,0.26546861674268524,0.05638453194936377,1.0651341575642794,1.223956172246441,-0.1452012159276432,0.2524236331989966
33.8,17.4,2013.0,7.0,2.0,5.777777777777777,37.37007525453741,28.52921646746348,64.11509517485612,51.0938468348827,325.16368177116027,-0.7018151387841343,0.4184158967052651,1.1515104180555031,0.06865998374272336,0.3756908054376813,0.23793574994529787,-1.249501857397158,-0.661507651871834
33.8,19.0,2013.0,7.0,2.0,12.0,16.0,27.0,96.0,83.0,0.0,-2.453214531968011,1.4281283500589417,1.2687834449476094,1.5987453839899344,1.151319872036571,0.8969244343104918,-0.7490229970748827,-1.0044286310896648
33.8,20.6,2013.0,7.0,2.0,5.777777777777777,37.37007525453741,28.52921646746348,64.11509517485612,51.0938468348827,325.16368177116027,-0.4601635867578477,-0.0703927171040178,0.6016561388652499,0.3863407549531644,0.6770649043422208,0.5613656915949233,-0.3612432116184818,-0.0838301497202194
33.8,27.3,2013.0,7.0,2.0,5.777777777777777,37.37007525453741,28.52921646746348,64.11509517485612,51.0938468348827,325.16368177116027,-0.4601635867578477,-0.0703927171040178,0.6016561388652499,0.3863407549531644,0.6770649043422208,0.5613656915949233,-0.3612432116184818,-0.0838301497202194
33.9,15.8,2013.0,7.0,2.0,5.777777777777777,37.37007525453741,28.52921646746348,64.11509517485612,51.0938468348827,325.16368177116027,-0.18012699493085038,-0.7949951933735379,0.6625969267092681,1.352192283370341,1.6919643915519773,0.5774377175906944,-0.3166695585963567,-0.050065298944887184
33.9,17.4,2013.0,7.0,2.0,5.777777777777777,37.37007525453741,28.52921646746348,64.11509517485612,51.0938468348827,325.16368177116027,-0.2062495534328091,-0.677524635854279,0.3782042834884024,0.02749378781402706,1.1394201828603556,0.30916004468773645,-0.20547206125092235,0.4020074272925191
33.9,18.2,2013.0,7.0,2.0,5.777777777777777,37.37007525453741,28.52921646746348,64.11509517485612,51.0938468348827,325.16368177116027,-0.4601635867578477,-0.0703927171040178,0.6016561388652499,0.3863407549531644,0.6770649043422208,0.5613656915949233,-0.3612432116184818,-0.0838301497202194
34.0,12.3,2013.0,7.0,2.0,5.777777777777777,37.37007525453741,28.52921646746348,64.11509517485612,51.0938468348827,325.16368177116027,-0.4601635867578477,-0.0703927171040178,0.6016561388652499,0.3863407549531644,0.6770649043422208,0.5613656915949233,-0.3612432116184818,-0.0838301497202194
34.0,13.9,2013.0,7.0,2.0,6.0,36.5,38.0,89.0,52.0,0.0,-0.458579239068916,0.1435059740000792,0.8177522818215193,0.6412150948528097,1.3118190827756142,1.0380136362052528,-0.5814305660577118,-0.3945898443572289
34.0,18.9,2013.0,7.0,2.0,5.777777777777777,37.37007525453741,28.52921646746348,64.11509517485612,51.0938468348827,325.16368177116027,-0.5588037660930817,-0.2837795732953604,2.007109290421813,0.3294051693753174,1.0074923888811729,0.5684454184039344,0.3209827320861424,-0.03688510144870878
34.0,22.1,2013.0,7.0,2.0,5.777777777777777,37.37007525453741,28.52921646746348,64.11509517485612,51.0938468348827,325.16368177116027,-0.4601635867578477,-0.0703927171040178,0.6016561388652499,0.3863407549531644,0.6770649043422208,0.5613656915949233,-0.3612432116184818,-0.0838301497202194
34.1,8.0,2013.0,7.0,2.0,5.777777777777777,37.37007525453741,28.52921646746348,64.11509517485612,51.0938468348827,325.16368177116027,-0.4601635867578477,-0.0703927171040178,0.6016561388652499,0.3863407549531644,0.6770649043422208,0.5613656915949233,-0.3612432116184818,-0.0838301497202194
34.1,15.9,2013.0,7.0,2.0,12.0,16.0,37.0,100.0,72.0,0.0,-1.3197948469494136,1.8422146806266384,0.9698061235898444,0.6195108333070067,1.5326051283976427,-0.18861090666829272,0.8423153636032997,0.26748206552248516
34.1,16.9,2013.0,7.0,2.0,6.0,36.5,30.0,86.0,51.0,0.0,-0.4499127925593429,0.190045046594896,0.970890916772668,0.7485322967244228,1.6815009271950252,0.3683304043304966,-0.6384084312324643,-0.5313163907353988
34.1,19.1,2013.0,7.0,2.0,5.777777777777777,37.37007525453741,28.52921646746348,64.11509517485612,51.0938468348827,325.16368177116027,-0.09871589863628338,0.43893936798316063,0.9505568586198583,0.6752807761439505,2.169869201051311,0.5889220114703748,-0.49466692191557327,0.7684536948707883
34.1,20.7,2013.0,7.0,2.0,5.777777777777777,37.37007525453741,28.52921646746348,64.11509517485612,51.0938468348827,325.16368177116027,0.47180365141961494,0.20699149009988443,0.04408110233263496,-0.6334381946235119,0.7604833758211036,-0.0032186578837931634,0.22047134402423268,-0.3121406737336586
34.3,14.4,2013.0,7.0,2.0,5.777777777777777,37.37007525453741,28.52921646746348,64.11509517485612,51.0938468348827,325.16368177116027,-0.4601635867578477,-0.0703927171040178,0.6016561388652499,0.3863407549531644,0.6770649043422208,0.5613656915949233,-0.3612432116184818,-0.0838301497202194
34.3,17.6,2013.0,7.0,2.0,12.0,16.0,38.0,100.0,79.0,0.0,-1.4854148133630996,1.497195973350955,0.7562340927020197,0.6517708918200419,1.3862231729437071,0.252441960194595,0.7562431698974595,0.3152539647804764
34.3,17.9,2013.0,7.0,2.0,6.0,36.5,28.5,85.5,51.0,0.0,-0.445636051302088,0.2014514899908953,0.8798943284290808,0.7037415262171374,1.7650754017743977,0.382899834188365,0.4381043354302948,0.0018659958700095
34.3,20.8,2013.0,7.0,2.0,5.777777777777777,37.37007525453741,28.52921646746348,64.11509517485612,51.0938468348827,325.16368177116027,-0.07702050970923807,0.540932252757437,0.4456008615978313,0.5044394794950677,1.0987782877690213,0.9381277120736642,-1.246640618204487,0.1453197969191883
34.4,8.1,2013.0,7.0,2.0,12.0,17.0,1.0,109.0,32.0,462.79343,-1.6247021632070684,1.2555930042964438,1.8847706373794009,2.530600194039452,-0.0020114628229564,1.5590497038261857,-0.7325646929178052,-0.5313163907353988
34.4,12.9,2013.0,7.0,2.0,12.0,16.0,48.0,104.0,58.0,0.0,-1.558885665680998,1.3949221598282575,0.8129008961092611,0.6054663821538941,1.5273715152727088,1.6782394981819952,-0.7758271106237343,-0.5313163907353988
34.4,15.6,2013.0,7.0,2.0,12.0,16.0,43.0,102.0,71.0,0.0,-1.5177992578555906,1.454047841784572,0.9638784363559992,0.7248664446093896,2.418926022816673,0.9921285562983492,0.3761614534183564,-0.2409173555679286
34.5,12.4,2013.0,7.0,2.0,0.0,57.0,30.0,75.0,50.0,0.0,0.6320869541492138,-1.1613922409316315,0.8791566761126888,0.5987395498288322,1.547146649480648,1.0752704003846396,-0.7758271106237343,-0.5313163907353988
34.5,14.0,2013.0,7.0,2.0,6.0,36.5,38.0,89.0,52.5,0.0,0.16311351218184345,0.8410394467858497,1.1111615334232359,1.6157513952288762,1.6591176130412506,1.1376284631181914,-0.7110112975826902,-0.5202806325249794
34.5,20.3,2013.0,7.0,2.0,5.777777777777777,37.37007525453741,28.52921646746348,64.11509517485612,51.0938468348827,325.16368177116027,-0.4601635867578477,-0.0703927171040178,0.6016561388652499,0.3863407549531644,0.6770649043422208,0.5613656915949233,-0.3612432116184818,-0.0838301497202194
34.5,21.3,2013.0,7.0,2.0,6.0,36.5,19.0,82.0,50.0,0.0,-0.27925793832244117,-0.3323975086416602,0.7126397953767951,0.6453744538500557,1.700983983975252,0.3420336770803353,-0.6831132388644175,-0.9630710757170514
34.6,7.2,2013.0,7.0,2.0,5.777777777777777,37.37007525453741,28.52921646746348,64.11509517485612,51.0938468348827,325.16368177116027,-0.4601635867578477,-0.0703927171040178,0.6016561388652499,0.3863407549531644,0.6770649043422208,0.5613656915949233,-0.3612432116184818,-0.0838301497202194
34.6,14.5,2013.0,7.0,2.0,5.777777777777777,37.37007525453741,28.52921646746348,64.11509517485612,51.0938468348827,325.16368177116027,-0.4601635867578477,-0.0703927171040178,0.6016561388652499,0.3863407549531644,0.6770649043422208,0.5613656915949233,-0.3612432116184818,-0.0838301497202194
34.6,16.1,2013.0,7.0,2.0,5.777777777777777,37.37007525453741,28.52921646746348,64.11509517485612,51.0938468348827,325.16368177116027,-0.43703443469951736,0.42984719815444666,0.3671171281514566,0.8327205775510451,1.2760919057071942,1.1158699814145607,-0.6002294396934522,0.2318036249105926
34.6,17.0,2013.0,7.0,2.0,12.0,16.0,43.0,102.0,77.0,0.0,-1.3867452676180996,1.3161491183154383,-0.07459066453066776,0.9083066513601492,0.6651578273532144,0.5754755339697839,1.5176007721697866,0.3907780930804578
34.6,22.5,2013.0,7.0,2.0,5.777777777777777,37.37007525453741,28.52921646746348,64.11509517485612,51.0938468348827,325.16368177116027,-0.4601635867578477,-0.0703927171040178,0.6016561388652499,0.3863407549531644,0.6770649043422208,0.5613656915949233,-0.3612432116184818,-0.0838301497202194
34.7,13.0,2013.0,7.0,2.0,12.0,16.0,53.0,106.0,59.0,0.0,-1.5528849865261998,1.38744726021661,0.7716709150337618,0.5711724579824208,1.4188921331360702,1.715212222695967,-0.7190469244627584,-0.4661280877186664
34.7,13.9,2013.0,7.0,2.0,5.777777777777777,37.37007525453741,28.52921646746348,64.11509517485612,51.0938468348827,325.16368177116027,-0.7815254134992742,-0.5199514462578946,0.28010597044481966,0.35480511169793105,0.49695503622372383,0.39986496149771134,-1.2526832802966432,0.017191498725004875
34.7,15.7,2013.0,7.0,2.0,12.0,16.0,48.0,104.0,72.0,0.0,-1.9824821486013713,1.8234117645728842,1.1424906791583913,-0.244752688974599,0.4946537781966344,0.09245726915239122,-0.4526722620105587,0.28924363555852073
34.7,16.6,2013.0,7.0,2.0,0.0,57.0,17.0,70.0,28.0,0.0,0.5933479405655802,-1.1140854030124987,0.898582359639297,0.7007047611561048,1.8281576851643928,0.3864234508222965,-0.2979474554252792,-0.4559114289053804
34.7,17.6,2013.0,7.0,2.0,5.777777777777777,37.37007525453741,28.52921646746348,64.11509517485612,51.0938468348827,325.16368177116027,-0.4601635867578477,-0.0703927171040178,0.6016561388652499,0.3863407549531644,0.6770649043422208,0.5613656915949233,-0.3612432116184818,-0.0838301497202194
34.7,18.5,2013.0,7.0,2.0,12.0,16.0,43.0,102.0,82.0,0.0,-1.4672709951201968,1.5018979441376652,1.0875623373792207,0.7963792133222503,2.6121889703544703,0.5732255023820066,-0.1115130653179962,-0.4655967043722343
34.7,21.2,2013.0,7.0,2.0,5.777777777777777,37.37007525453741,28.52921646746348,64.11509517485612,51.0938468348827,325.16368177116027,-0.3818265707139441,-0.8163980872843157,0.8746090982517555,0.18545137895619496,0.12729605119539045,0.912489248279197,0.21543607870123188,-0.21254939528662894
34.8,0.8,2013.0,7.0,2.0,5.777777777777777,37.37007525453741,28.52921646746348,64.11509517485612,51.0938468348827,325.16368177116027,-0.4601635867578477,-0.0703927171040178,0.6016561388652499,0.3863407549531644,0.6770649043422208,0.5613656915949233,-0.3612432116184818,-0.0838301497202194
34.8,2.0,2013.0,7.0,2.0,6.0,37.0,35.5,99.5,50.0,987.458405,-0.4911844432641779,-0.1444807397234975,1.063433302120574,1.1319581053098848,0.622205244784119,0.7943407054013395,-0.5671032411545467,0.433999045639916
34.8,4.3,2013.0,7.0,2.0,12.0,17.0,19.0,116.0,17.0,873.84424,-1.6580359416422692,1.103524223580197,1.6636864195758034,2.057686923186821,-1.1032027079094016,0.8995255001772857,-0.0429736069731627,-0.180804424455886
34.8,7.8,2013.0,7.0,2.0,0.0,57.0,36.0,77.0,73.0,924.12305,0.6612332296875174,-1.2161185002606378,1.0525175583887614,0.2943459456338774,-0.0993686676496816,0.8487811199792638,-0.7758271106237343,-0.5313163907353988
34.8,10.7,2013.0,7.0,2.0,12.0,17.0,1.0,109.0,47.0,49.508774,-1.362677693072436,1.7683512695797843,1.7151436029595906,1.6413651079931784,1.835066239302781,3.2816646018719102,-0.5180136283805779,-0.748261655478348
34.8,12.3,2013.0,7.0,2.0,5.777777777777777,37.37007525453741,28.52921646746348,64.11509517485612,51.0938468348827,325.16368177116027,-0.4601635867578477,-0.0703927171040178,0.6016561388652499,0.3863407549531644,0.6770649043422208,0.5613656915949233,-0.3612432116184818,-0.0838301497202194
34.8,15.4,2013.0,7.0,2.0,5.777777777777777,37.37007525453741,28.52921646746348,64.11509517485612,51.0938468348827,325.16368177116027,-0.4601635867578477,-0.0703927171040178,0.6016561388652499,0.3863407549531644,0.6770649043422208,0.5613656915949233,-0.3612432116184818,-0.0838301497202194
34.8,16.0,2013.0,7.0,2.0,0.0,57.0,17.0,70.0,31.0,0.0,0.04427407142831141,-2.224285957476275,0.5637263494148587,0.7109311415133215,0.9311045630499536,-0.21227194174045974,0.9856951746948525,0.29663300382565466
34.8,17.0,2013.0,7.0,2.0,5.777777777777777,37.37007525453741,28.52921646746348,64.11509517485612,51.0938468348827,325.16368177116027,-0.44906068805034066,1.1542803203075105,1.2710052709406217,0.17619477974475295,-0.11406492604988272,0.18690233382854993,-1.2244047534343516,-0.06933933700779867
34.8,19.1,2013.0,7.0,2.0,5.777777777777777,37.37007525453741,28.52921646746348,64.11509517485612,51.0938468348827,325.16368177116027,-0.4601635867578477,-0.0703927171040178,0.6016561388652499,0.3863407549531644,0.6770649043422208,0.5613656915949233,-0.3612432116184818,-0.0838301497202194
34.8,20.7,2013.0,7.0,2.0,0.0,57.0,0.0,64.0,13.0,0.0,0.5513556608983827,-1.0708332329523171,1.0589021531818508,0.7564308737918192,2.601292821875662,0.3064641020924788,-0.1335851159728227,-0.5313163907353988
34.8,23.4,2013.0,7.0,2.0,12.0,16.0,38.0,100.0,93.0,0.0,-1.384724762443071,1.5783592455753304,0.9804240029885656,0.6099870072866286,1.5510985083986852,0.0704949734182603,-0.7758271106237343,-0.5313163907353988
34.9,10.9,2013.0,7.0,2.0,6.0,37.0,14.5,91.5,53.5,14.46814965,0.03819039884272729,0.5126736483542721,1.0483952662527674,0.3828334345530763,1.8413099842721714,2.8936246948363538,-0.7916799943202193,-0.7635800437266047
34.9,14.4,2013.0,7.0,2.0,5.777777777777777,37.37007525453741,28.52921646746348,64.11509517485612,51.0938468348827,325.16368177116027,-0.4601635867578477,-0.0703927171040178,0.6016561388652499,0.3863407549531644,0.6770649043422208,0.5613656915949233,-0.3612432116184818,-0.0838301497202194
34.9,15.7,2013.0,7.0,2.0,12.0,16.0,51.0,105.0,72.0,0.0,-1.6748026614502223,0.894607276951611,-0.26064214717392287,-0.060009022862526074,1.2056973094064953,0.8668155668858482,-0.7495233652623973,-0.4561548095951086
34.9,17.8,2013.0,7.0,2.0,5.777777777777777,37.37007525453741,28.52921646746348,64.11509517485612,51.0938468348827,325.16368177116027,-0.4601635867578477,-0.0703927171040178,0.6016561388652499,0.3863407549531644,0.6770649043422208,0.5613656915949233,-0.3612432116184818,-0.0838301497202194
34.9,19.4,2013.0,7.0,2.0,5.777777777777777,37.37007525453741,28.52921646746348,64.11509517485612,51.0938468348827,325.16368177116027,-0.4601635867578477,-0.0703927171040178,0.6016561388652499,0.3863407549531644,0.6770649043422208,0.5613656915949233,-0.3612432116184818,-0.0838301497202194
34.9,21.8,2013.0,7.0,2.0,5.777777777777777,37.37007525453741,28.52921646746348,64.11509517485612,51.0938468348827,325.16368177116027,-0.349813927815111,-0.3488366569502999,0.5184497335427994,0.5989291056821836,0.8764227544019535,1.6506915311800947,-0.34500904894137735,-0.48592035574685055
35.0,13.8,2013.0,7.0,2.0,0.0,57.0,20.0,71.0,43.0,0.0,-0.26903041447260023,-0.2748570055657398,0.6677456384416707,0.7323949361171562,1.262421931641607,0.4461931794389124,-0.4736027136563195,0.34208853322018273
35.0,16.5,2013.0,7.0,2.0,0.0,57.0,11.0,68.0,29.0,0.0,0.573931796587035,-1.3316009114702052,0.056902703075565886,0.21387739212197687,1.317464068948801,0.45436617113647376,0.10860113671637761,-0.3353465409854959
35.0,18.9,2013.0,7.0,2.0,5.777777777777777,37.37007525453741,28.52921646746348,64.11509517485612,51.0938468348827,325.16368177116027,-0.4601635867578477,-0.0703927171040178,0.6016561388652499,0.3863407549531644,0.6770649043422208,0.5613656915949233,-0.3612432116184818,-0.0838301497202194
35.0,22.3,2013.0,7.0,2.0,0.0,56.0,52.0,61.0,9.0,0.0,0.5329395874157928,-1.0549160180199422,0.9149748571222472,0.6525574386009092,2.168415931073208,0.1173013740017639,-0.6467528283863051,-0.5313163907353988
35.1,0.9,2013.0,7.0,2.0,5.777777777777777,37.37007525453741,28.52921646746348,64.11509517485612,51.0938468348827,325.16368177116027,-0.4601635867578477,-0.0703927171040178,0.6016561388652499,0.3863407549531644,0.6770649043422208,0.5613656915949233,-0.3612432116184818,-0.0838301497202194
35.1,5.8,2013.0,7.0,2.0,12.0,17.0,19.0,116.0,23.0,757.37695,-1.6375132345621497,1.1555369696070148,1.4777043816937687,2.040919102490832,-1.2552335716174934,1.0951449665948254,0.7037017907666466,0.3985131788536002
35.1,7.4,2013.0,7.0,2.0,12.0,17.0,14.0,114.0,30.0,1132.2704,-1.6204089363253265,1.2139058518619157,1.485703251794953,1.9014249501500424,0.072229931842791,1.27004002846395,-0.2568947323254312,-0.5313163907353988
35.1,12.0,2013.0,7.0,2.0,0.0,57.0,22.0,72.0,53.0,0.0,0.838854201385201,-1.3385833818394481,1.1605179166774011,0.09125999317950001,1.2868081798933941,2.1634749443739656,-0.6830823775873486,0.34379487150919574
35.1,12.1,2013.0,7.0,2.0,12.0,17.0,1.0,109.0,55.0,0.0,-1.406452841814937,1.1427918612128174,0.5796405996033426,0.9071146780258527,2.7497089473140286,2.006020857470324,-1.4917216962838205,-0.549751954925409
35.1,12.2,2013.0,7.0,2.0,0.0,57.0,22.0,72.0,52.0,0.0,1.2459245723245866,-0.9249996454914846,0.07573850479617183,0.34278353772813175,0.7526852030714754,1.7556215643512965,-1.0702664856361759,-0.24783450697996876
35.1,14.0,2013.0,7.0,2.0,0.0,57.0,17.0,70.0,42.0,0.0,0.6004598531829913,-1.7700638521321848,1.5207137684654246,0.7565325684914933,0.4100373425863173,0.6658936306906629,-0.31175191596916024,-0.5571121730191446
35.1,16.0,2013.0,7.0,2.0,0.0,57.0,11.0,68.0,32.0,0.0,0.7363341543077245,-0.8286506940503593,0.7244521393831667,0.17427146660539555,-0.38255215374704354,0.21194397917471494,-0.07455654411072561,-0.5310783178348529
35.1,16.9,2013.0,7.0,2.0,5.777777777777777,37.37007525453741,28.52921646746348,64.11509517485612,51.0938468348827,325.16368177116027,0.046291459947546076,0.018805460910187866,0.8852549717710136,0.90580278734259,0.11879099712124219,0.5587927477736697,-1.1105282094415128,-0.732739561996402
35.1,20.1,2013.0,7.0,2.0,5.777777777777777,37.37007525453741,28.52921646746348,64.11509517485612,51.0938468348827,325.16368177116027,-0.4601635867578477,-0.0703927171040178,0.6016561388652499,0.3863407549531644,0.6770649043422208,0.5613656915949233,-0.3612432116184818,-0.0838301497202194
35.1,21.7,2013.0,7.0,2.0,11.0,26.0,36.0,54.5,45.0,0.0,-0.4577604702212257,0.5357157505736877,0.15349272340975295,-0.6324371873570982,1.6515786636164413,0.6635927241860898,-0.7384249348893545,0.5303777333582891
35.2,13.2,2013.0,7.0,2.0,6.0,37.0,9.0,89.5,54.0,0.0,-0.4647358374087842,0.1117933864340976,0.7763959179942024,0.5513589892535427,1.4352266760878774,1.3962278590361468,-0.7758271106237343,-0.5313163907353988
35.2,15.6,2013.0,7.0,2.0,6.0,36.5,33.5,87.5,53.0,0.0,-0.4568893082817782,0.1525307000472632,0.6870065557215603,0.558521894742535,1.022015424992866,0.3652229752035627,-0.0044624112879405,-0.0161372296188668
35.2,16.4,2013.0,7.0,2.0,0.0,57.0,9.0,67.0,30.0,0.0,1.0080185850974743,-1.8538918580237977,-0.0559430657532326,1.0390108601502592,1.8861241807280533,0.46174727286828643,0.40134559614910525,-0.4052684616950592
35.2,17.7,2013.0,7.0,2.0,5.777777777777777,37.37007525453741,28.52921646746348,64.11509517485612,51.0938468348827,325.16368177116027,0.44530628190133775,-0.7065210225396772,-0.0650714438309411,0.10689180083901839,0.5374847370219368,1.298658120634982,-0.35014801264477274,0.02352204248629973
35.2,17.9,2013.0,7.0,2.0,5.777777777777777,37.37007525453741,28.52921646746348,64.11509517485612,51.0938468348827,325.16368177116027,-0.31931767062768035,-0.799140443748374,0.24738858856043933,0.6105107438307384,0.7453391381629026,1.4392926294172024,-0.81862659249696,0.6297299990282544
35.2,18.4,2013.0,7.0,2.0,12.0,16.0,51.0,105.0,82.0,0.0,-1.7227462681549985,2.221706367546496,0.9926709290655372,1.738840947247239,1.2285624084378328,0.2933662800899724,0.3411138398522029,0.12099040997446653
35.2,18.5,2013.0,7.0,2.0,5.777777777777777,37.37007525453741,28.52921646746348,64.11509517485612,51.0938468348827,325.16368177116027,-0.5768355070447883,-0.8380915363378421,0.7397092352592787,-0.5156179026469214,1.2857438732617277,0.36209363537820605,-1.0348313746053666,0.05672407218876621
35.2,19.5,2013.0,7.0,2.0,5.777777777777777,37.37007525453741,28.52921646746348,64.11509517485612,51.0938468348827,325.16368177116027,-0.4601635867578477,-0.0703927171040178,0.6016561388652499,0.3863407549531644,0.6770649043422208,0.5613656915949233,-0.3612432116184818,-0.0838301497202194
35.2,21.1,2013.0,7.0,2.0,5.777777777777777,37.37007525453741,28.52921646746348,64.11509517485612,51.0938468348827,325.16368177116027,-0.5007784307223004,0.3208688311577572,1.3920788135098556,0.8237604135252953,0.9936522041439688,0.9657710061888675,-0.8481285867727504,0.6255455238561637
35.2,22.8,2013.0,7.0,2.0,6.0,36.0,46.5,81.0,50.0,0.0,-0.4340657766450996,0.2542661309233776,0.899792310844958,0.6198362042197164,2.0320598273818997,0.2529169235167355,-0.6946002206527379,-0.5313163907353988
35.3,2.6,2013.0,7.0,2.0,0.0,57.0,36.0,77.0,89.0,777.0583,0.6835041402702073,-1.281822623757651,0.7866646424587305,0.3223789897313799,0.9993530804601218,1.438091422083508,-0.5409735174114408,0.5517794515964412
35.3,4.2,2013.0,7.0,2.0,5.777777777777777,37.37007525453741,28.52921646746348,64.11509517485612,51.0938468348827,325.16368177116027,-0.4601635867578477,-0.0703927171040178,0.6016561388652499,0.3863407549531644,0.6770649043422208,0.5613656915949233,-0.3612432116184818,-0.0838301497202194
35.3,5.3,2013.0,7.0,2.0,5.777777777777777,37.37007525453741,28.52921646746348,64.11509517485612,51.0938468348827,325.16368177116027,-0.4601635867578477,-0.0703927171040178,0.6016561388652499,0.3863407549531644,0.6770649043422208,0.5613656915949233,-0.3612432116184818,-0.0838301497202194
35.3,6.9,2013.0,7.0,2.0,12.0,17.0,19.0,116.0,28.0,1398.8912,-1.6219998982665311,1.1900177207356326,1.48364890268172,1.7578252497251463,0.073957179303093,1.1978725804248826,-0.1476447744314371,-0.4287514065453504
35.3,8.9,2013.0,7.0,2.0,0.0,57.0,25.0,73.0,69.0,901.4717,0.7378155822310326,-1.8499942359138881,1.1867014933457642,1.3514555150228889,-0.14325146335760774,0.8593881731219568,-0.9216687032950146,-1.0545732392330058
35.3,13.7,2013.0,7.0,2.0,0.0,57.0,14.0,69.0,44.0,0.0,0.6064916997570644,-1.1490919398137387,0.7574818076781437,0.5569895820970593,1.2490591230357608,0.9102563219484536,-0.7758271106237343,-0.5313163907353988
35.3,15.2,2013.0,7.0,2.0,5.777777777777777,37.37007525453741,28.52921646746348,64.11509517485612,51.0938468348827,325.16368177116027,-0.4601635867578477,-0.0703927171040178,0.6016561388652499,0.3863407549531644,0.6770649043422208,0.5613656915949233,-0.3612432116184818,-0.0838301497202194
35.3,16.1,2013.0,7.0,2.0,12.0,16.0,56.0,107.0,74.0,0.0,-2.5508558637187244,1.6818503680340362,0.5795037953487794,1.1253968184960368,0.5888513463434426,0.9776493037762235,-1.2587766133886804,-0.7497645182534673
35.3,16.8,2013.0,7.0,2.0,12.0,16.0,56.0,107.0,77.0,0.0,-1.5517388129120522,2.2597742014226645,-0.2615837980997133,0.18987309544203668,1.0159320647430061,-0.04173051804725128,0.8926402082647852,0.2961772548537562
35.3,17.4,2013.0,7.0,2.0,5.777777777777777,37.37007525453741,28.52921646746348,64.11509517485612,51.0938468348827,325.16368177116027,-0.4601635867578477,-0.0703927171040178,0.6016561388652499,0.3863407549531644,0.6770649043422208,0.5613656915949233,-0.3612432116184818,-0.0838301497202194
35.3,18.0,2013.0,7.0,2.0,5.777777777777777,37.37007525453741,28.52921646746348,64.11509517485612,51.0938468348827,325.16368177116027,-0.2537420522609277,-0.8937504329282643,1.010878974860658,1.3427080950660792,1.077238114091494,1.2783306942942585,-0.2740621967840773,-0.6062040208271114
35.3,18.8,2013.0,7.0,2.0,5.777777777777777,37.37007525453741,28.52921646746348,64.11509517485612,51.0938468348827,325.16368177116027,-0.4601635867578477,-0.0703927171040178,0.6016561388652499,0.3863407549531644,0.6770649043422208,0.5613656915949233,-0.3612432116184818,-0.0838301497202194
35.3,21.2,2013.0,7.0,2.0,5.777777777777777,37.37007525453741,28.52921646746348,64.11509517485612,51.0938468348827,325.16368177116027,-0.4246317501339874,0.6765031332723946,1.0606783897430079,0.1286033007633957,1.0411722913507833,0.8579372727335136,-0.5859214103188529,0.5467286158437644
35.4,3.7,2013.0,7.0,2.0,5.777777777777777,37.37007525453741,28.52921646746348,64.11509517485612,51.0938468348827,325.16368177116027,-0.4601635867578477,-0.0703927171040178,0.6016561388652499,0.3863407549531644,0.6770649043422208,0.5613656915949233,-0.3612432116184818,-0.0838301497202194
35.4,5.7,2013.0,7.0,2.0,12.0,17.0,25.0,118.0,23.0,975.3736,-1.632879341507021,1.1438204345861946,1.451448994399539,1.8938526204126949,-0.495696344470878,1.054124660558277,-0.59570156510484,-0.3090376028640216
35.4,7.3,2013.0,7.0,2.0,12.0,17.0,19.0,116.0,30.0,1113.3972,-1.6161781476443486,1.2020807645338425,1.4778514086401089,1.7333437792849835,0.1171176485963091,1.270171915658903,0.1343301722858295,-0.5313163907353988
35.4,8.4,2013.0,7.0,2.0,0.0,57.0,25.0,73.0,71.0,901.6028,1.437219433435614,-1.1004190122085966,0.3193769561532761,-0.27053986283701115,-0.4008849410775199,0.7798918063058055,-1.3271066011298192,0.03856892571859327
35.4,8.5,2013.0,7.0,2.0,12.0,17.0,17.0,115.0,36.0,898.36395,-1.5486233868936263,0.8805641696993745,1.3575425425163452,1.693836044245364,1.1191379205334426,1.3118612163026682,1.0317117089836496,-0.29956792945837596
35.4,9.5,2013.0,7.0,2.0,5.777777777777777,37.37007525453741,28.52921646746348,64.11509517485612,51.0938468348827,325.16368177116027,-0.24802913082808234,-0.6230867755443054,0.5085567105505701,0.4125399962590092,0.835156529715871,0.8827428379476738,0.23064383769086177,-0.5161341249015831
35.4,12.1,2013.0,7.0,2.0,0.0,57.0,17.0,70.0,53.0,0.0,0.6181200157136331,-1.167904986861297,0.767279240287285,0.529969196791349,1.96533996320388,1.628858430183976,0.5920982017690533,0.1788311406271193
35.4,16.4,2013.0,7.0,2.0,5.777777777777777,37.37007525453741,28.52921646746348,64.11509517485612,51.0938468348827,325.16368177116027,-1.0897943474646938,-0.14831209783707855,0.6303124883549921,0.18884176815107961,1.2971390074037694,0.9388567026963105,-0.5430996812799264,0.15017785148943988
35.4,16.9,2013.0,7.0,2.0,0.0,57.0,3.0,65.0,28.0,0.0,0.3556312822265967,-0.976341386103093,1.398307322365942,1.1899471718233485,2.7510801044615234,1.2522578426117306,-0.6733819933243673,0.07799558427872066
35.4,17.1,2013.0,7.0,2.0,6.0,36.5,29.5,86.0,52.5,0.0,-0.24546687093825764,0.45906392799269213,0.7442522470960123,1.050729655453439,1.8902543211809275,0.6380894284562145,-0.13448084169517743,0.3718229579843238
35.4,20.0,2013.0,7.0,2.0,5.777777777777777,37.37007525453741,28.52921646746348,64.11509517485612,51.0938468348827,325.16368177116027,0.48592216305271224,-0.200689275325727,0.32132737897894365,-0.07813162561013842,0.5015815810773927,-0.3949706923131917,-0.5431000387164207,0.30108740886329666
35.5,1.5,2013.0,7.0,2.0,5.777777777777777,37.37007525453741,28.52921646746348,64.11509517485612,51.0938468348827,325.16368177116027,-0.4601635867578477,-0.0703927171040178,0.6016561388652499,0.3863407549531644,0.6770649043422208,0.5613656915949233,-0.3612432116184818,-0.0838301497202194
35.5,8.9,2013.0,7.0,2.0,6.0,37.0,20.0,93.5,53.5,933.01155,-1.358538695452652,-0.5761624939113255,1.3039492749318653,1.7781246882798538,-0.3656545706673577,1.1809138731888682,-0.04727333199304162,-0.7194190253965218
35.5,18.0,2013.0,7.0,2.0,12.0,16.0,56.0,107.0,81.0,0.0,-1.5381604792702956,1.5717930207516746,0.9767716695169334,0.38029993612561297,0.26434183770112474,-0.16254315270283354,-0.7820571097781449,-0.060984779810261736
35.5,18.4,2013.0,7.0,2.0,5.777777777777777,37.37007525453741,28.52921646746348,64.11509517485612,51.0938468348827,325.16368177116027,-0.4601635867578477,-0.0703927171040178,0.6016561388652499,0.3863407549531644,0.6770649043422208,0.5613656915949233,-0.3612432116184818,-0.0838301497202194
35.5,20.2,2013.0,7.0,2.0,12.0,16.0,54.0,106.0,87.0,0.0,-0.8077519353712754,1.3342085901789904,1.0526838496161632,0.3707925174874342,1.4510475612410214,0.7464087887162838,-1.219117322412169,0.021554232903485016
35.6,7.9,2013.0,7.0,2.0,5.777777777777777,37.37007525453741,28.52921646746348,64.11509517485612,51.0938468348827,325.16368177116027,-0.4601635867578477,-0.0703927171040178,0.6016561388652499,0.3863407549531644,0.6770649043422208,0.5613656915949233,-0.3612432116184818,-0.0838301497202194
35.6,9.4,2013.0,7.0,2.0,6.0,37.0,18.5,93.0,54.0,550.6919,-0.526146462583906,-0.03231163139798927,1.1780637990292804,1.1701705136440712,0.011150256871521835,1.3628975211942151,-0.3783827740597626,-0.6183734720652214
35.6,13.9,2013.0,7.0,2.0,12.0,17.0,7.0,111.0,65.0,0.0,-1.6852820082483178,0.18861948180735788,0.31376019597130306,-0.34347490761874655,1.4011689674618666,1.8488877990773918,1.5561438069945055,0.6078531609816341
35.6,14.2,2013.0,7.0,2.0,0.0,57.0,9.0,67.0,42.0,0.0,0.597937467895987,-1.1449249295161288,0.7430258363445792,0.544747231791183,1.3619659297567726,0.7840612584322652,-0.7758271106237343,-0.5313163907353988
35.6,19.0,2013.0,7.0,2.0,12.0,16.0,56.0,107.0,84.0,0.0,-1.4495360335883316,1.4900466080030923,0.5679529964741455,0.5054602698927174,-0.5043362776831964,-0.4348523173908019,0.4149088133692906,0.6579776002358758
35.7,5.1,2013.0,7.0,2.0,0.0,57.0,26.0,73.0,83.0,861.8168,0.6603190268750643,-1.2518358154913354,0.7290582764423507,0.2141876226746663,-0.4743801160246063,1.0876048505489853,-0.3684545115882048,0.7587460846265086
35.7,8.3,2013.0,7.0,2.0,0.0,57.0,20.0,71.0,72.0,813.6553,0.6399524483562612,-1.2136678675289636,0.7432222079509935,0.126407709861442,-0.7776362354534392,0.5347642249621535,-0.6788230329908298,-0.2357895788294761
35.7,12.7,2013.0,7.0,2.0,5.777777777777777,37.37007525453741,28.52921646746348,64.11509517485612,51.0938468348827,325.16368177116027,-0.4601635867578477,-0.0703927171040178,0.6016561388652499,0.3863407549531644,0.6770649043422208,0.5613656915949233,-0.3612432116184818,-0.0838301497202194
35.7,13.0,2013.0,7.0,2.0,5.777777777777777,37.37007525453741,28.52921646746348,64.11509517485612,51.0938468348827,325.16368177116027,-0.4601635867578477,-0.0703927171040178,0.6016561388652499,0.3863407549531644,0.6770649043422208,0.5613656915949233,-0.3612432116184818,-0.0838301497202194
35.7,20.5,2013.0,7.0,2.0,5.777777777777777,37.37007525453741,28.52921646746348,64.11509517485612,51.0938468348827,325.16368177116027,-0.4601635867578477,-0.0703927171040178,0.6016561388652499,0.3863407549531644,0.6770649043422208,0.5613656915949233,-0.3612432116184818,-0.0838301497202194
35.8,4.2,2013.0,7.0,2.0,12.0,17.0,35.0,122.0,18.0,518.2844,-1.6397831816322033,1.0782119107143489,1.665519221235647,2.033705321799381,-0.2452536088162377,1.3494048422299585,-0.4503505538765811,0.1441920523016944
35.8,5.5,2013.0,7.0,2.0,0.0,57.0,23.0,72.0,82.0,1061.2156,0.6555527419131272,-1.2477811844297764,0.6613604239241434,0.1055020393654984,-0.6660198044497607,1.048781534959587,-0.2843815999927889,0.9016845187085988
35.8,10.3,2013.0,7.0,2.0,0.0,57.0,15.0,69.0,63.0,43.402943,0.6240843735995085,-1.1903189285918938,0.7062046495915029,0.4528730764943974,1.3484625299113753,1.9349024054255637,-0.704356864886964,-0.4365494241486267
35.8,13.9,2013.0,7.0,2.0,6.0,37.0,7.5,89.0,54.5,0.0,-0.6306682576828475,0.36776850650935766,0.8645118013426019,0.7175625661178702,2.6949808029736984,0.901371903030934,-0.5430585150835349,-0.44159047902754406
35.8,16.2,2013.0,7.0,2.0,12.0,17.0,4.0,110.0,75.0,0.0,-1.4907291351412002,1.4313718167602945,0.6899722704953216,0.5956563510512701,1.3524583877676148,0.534814008468549,0.7980291156724616,0.3816976358862079
35.8,16.6,2013.0,7.0,2.0,0.0,56.0,58.0,63.0,30.0,0.0,0.33880133985970695,-0.566445477281483,0.551803181041757,-0.36762320203357723,1.0288249925803892,0.4600796115212541,0.9554255823270049,0.5633708061924041
35.8,17.5,2013.0,7.0,2.0,0.0,56.0,55.0,62.0,26.0,0.0,0.5644507125629739,-1.1089547303398224,0.5373431946869609,0.5385234986904336,-0.3509880354808407,-0.2672223893725067,0.5785374887386854,0.6219228308338483
35.8,18.7,2013.0,7.0,2.0,5.777777777777777,37.37007525453741,28.52921646746348,64.11509517485612,51.0938468348827,325.16368177116027,-1.1031179417245798,-0.1284196743965912,0.7856568722651159,1.1984362941794624,0.6751295240752299,-0.1031136705688428,-0.011506729597336285,0.5321302727648982
35.9,7.1,2013.0,7.0,2.0,5.777777777777777,37.37007525453741,28.52921646746348,64.11509517485612,51.0938468348827,325.16368177116027,-0.4601635867578477,-0.0703927171040178,0.6016561388652499,0.3863407549531644,0.6770649043422208,0.5613656915949233,-0.3612432116184818,-0.0838301497202194
35.9,7.5,2013.0,7.0,2.0,12.0,17.0,27.0,119.0,32.0,869.9174,-1.604039989506958,1.196459717545723,1.5645540045234854,1.5235102180594655,0.3245393538784573,1.5648162498758658,0.710969262978156,-0.1020044967176056
35.9,9.5,2013.0,7.0,2.0,6.0,37.0,18.5,93.0,54.5,725.26995,-0.4765884394049124,0.028858663213327,1.2423615711968978,1.0974094013546716,0.09872706040458,1.5256784641269605,-0.2066717820175939,-0.4056887923374032
35.9,12.2,2013.0,7.0,2.0,0.0,57.0,9.0,67.0,53.0,0.0,1.033408611740482,-0.9240642924007961,0.29188766709521724,1.382455897490598,1.6745616250168425,1.6244576489543536,-1.7320934374509922,-0.060121299026243524
35.9,14.3,2013.0,7.0,2.0,0.0,57.0,4.0,65.0,42.0,8.450512,0.5912748953259622,-1.1449393908912984,0.7553620013627723,0.5288733610812553,1.4649146453614394,0.7999562718903938,-0.7758271106237343,-0.5313163907353988
35.9,16.6,2013.0,7.0,2.0,5.777777777777777,37.37007525453741,28.52921646746348,64.11509517485612,51.0938468348827,325.16368177116027,-0.7531802738035318,-0.1684482382022389,1.0347778259504006,0.7557836395139688,1.175091265144197,0.1992652068101617,-0.44109949036616886,-0.10082050595371912
35.9,18.9,2013.0,7.0,2.0,5.777777777777777,37.37007525453741,28.52921646746348,64.11509517485612,51.0938468348827,325.16368177116027,-0.1525716504463096,1.0123481738253464,0.6863941553128738,-0.5905509819972379,0.33482157294802506,0.19004527719853176,-0.5181942790240124,0.02277832009074192
35.9,19.1,2013.0,7.0,2.0,5.777777777777777,37.37007525453741,28.52921646746348,64.11509517485612,51.0938468348827,325.16368177116027,0.047784902302783705,-0.09791717784265831,0.99857972705128,0.501271816514551,1.261141223219094,0.8121946664545991,0.03988840422215156,0.3838314133263436
35.9,21.8,2013.0,7.0,2.0,5.777777777777777,37.37007525453741,28.52921646746348,64.11509517485612,51.0938468348827,325.16368177116027,-0.4601635867578477,-0.0703927171040178,0.6016561388652499,0.3863407549531644,0.6770649043422208,0.5613656915949233,-0.3612432116184818,-0.0838301497202194
36.0,12.1,2013.0,7.0,2.0,0.0,57.0,6.0,66.0,54.0,0.0,0.48152931586623393,-1.2565645862141699,1.5606446879386349,0.49921716312612446,1.3618211582504673,1.5414713159633582,-0.6647292495050953,-1.4181174605759974
36.0,17.8,2013.0,7.0,2.0,5.777777777777777,37.37007525453741,28.52921646746348,64.11509517485612,51.0938468348827,325.16368177116027,-0.4601635867578477,-0.0703927171040178,0.6016561388652499,0.3863407549531644,0.6770649043422208,0.5613656915949233,-0.3612432116184818,-0.0838301497202194
36.1,8.1,2013.0,7.0,2.0,5.777777777777777,37.37007525453741,28.52921646746348,64.11509517485612,51.0938468348827,325.16368177116027,-0.4601635867578477,-0.0703927171040178,0.6016561388652499,0.3863407549531644,0.6770649043422208,0.5613656915949233,-0.3612432116184818,-0.0838301497202194
36.1,10.5,2013.0,7.0,2.0,12.0,17.0,22.0,117.0,48.0,0.20905924,-1.1624455458377743,1.676493265777914,1.391789192494987,1.273462966036406,0.807284674613924,1.9817683481781152,-1.704547068050322,-0.7272665789430036
36.1,16.8,2013.0,7.0,2.0,5.777777777777777,37.37007525453741,28.52921646746348,64.11509517485612,51.0938468348827,325.16368177116027,0.6470658644054139,0.26525508025007,1.1782049337766822,1.2375617889067465,0.9012493264809763,0.4112697875161334,-1.2981536497903603,-0.14966078360739954
36.1,18.4,2013.0,7.0,2.0,5.777777777777777,37.37007525453741,28.52921646746348,64.11509517485612,51.0938468348827,325.16368177116027,-0.4601635867578477,-0.0703927171040178,0.6016561388652499,0.3863407549531644,0.6770649043422208,0.5613656915949233,-0.3612432116184818,-0.0838301497202194
36.1,21.0,2013.0,7.0,2.0,5.777777777777777,37.37007525453741,28.52921646746348,64.11509517485612,51.0938468348827,325.16368177116027,-0.4601635867578477,-0.0703927171040178,0.6016561388652499,0.3863407549531644,0.6770649043422208,0.5613656915949233,-0.3612432116184818,-0.0838301497202194
36.2,2.2,2013.0,7.0,2.0,5.777777777777777,37.37007525453741,28.52921646746348,64.11509517485612,51.0938468348827,325.16368177116027,-0.4601635867578477,-0.0703927171040178,0.6016561388652499,0.3863407549531644,0.6770649043422208,0.5613656915949233,-0.3612432116184818,-0.0838301497202194
36.2,7.0,2013.0,7.0,2.0,12.0,17.0,33.0,121.0,30.0,899.2443,-1.6875013382847017,1.41015642799645,0.8755952670984988,1.3742788676865554,0.4369472844013723,1.518079359093827,-0.6268421860619608,0.04237629665088355
36.2,13.3,2013.0,7.0,2.0,0.0,57.0,1.0,64.0,48.0,0.0,0.4674144317547785,-0.7887843567775101,0.07520009203996825,0.3498600387210811,0.7144987656332262,2.4155755791976548,0.029496174889464544,-1.1197903376498135
36.2,14.4,2013.0,7.0,2.0,6.0,36.5,36.5,88.5,55.0,0.0,-0.4633485214171234,0.1183646708819963,0.7729488410262608,0.5465193846768225,1.4890931304489932,0.8642485426403168,0.05840945780613,-0.1737295345397488
36.2,14.7,2013.0,7.0,2.0,5.777777777777777,37.37007525453741,28.52921646746348,64.11509517485612,51.0938468348827,325.16368177116027,-0.17604543993828914,0.25826941574167434,0.5671104778511737,-0.03290225712409578,1.9124084350413115,0.03508846024189349,-1.2180952829097416,-0.38867558972001487
36.2,17.0,2013.0,7.0,2.0,6.0,36.5,30.0,86.0,53.5,0.0,-1.1963189071219162,-0.6640257139208056,0.10689014193730473,0.35386950774443804,0.027026495369938175,0.958997647657936,-0.7329462219313847,-1.1671905731625225
36.2,19.4,2013.0,7.0,2.0,0.0,56.0,42.0,57.0,19.0,0.0,0.8961805147002616,-1.5179563613562048,0.36916337309334957,1.5869710516722213,1.6667567267788077,-0.14633295438757,-0.12105235350768095,0.06651589508066277
36.2,19.5,2013.0,7.0,2.0,5.777777777777777,37.37007525453741,28.52921646746348,64.11509517485612,51.0938468348827,325.16368177116027,-0.6608293563746975,-0.21735730748460075,0.14970598667896878,-0.6771427967311627,0.45037984247473123,0.6169226935326348,-0.4397312000708103,0.008049534277238299
36.2,21.7,2013.0,7.0,2.0,5.777777777777777,37.37007525453741,28.52921646746348,64.11509517485612,51.0938468348827,325.16368177116027,-0.007314338200889781,-0.6497775382252057,0.5017711624817579,0.5765767391493679,1.2722182285218104,0.6538784369576749,-0.27213675035354573,-0.7628745118241532
36.3,0.6,2013.0,7.0,2.0,5.777777777777777,37.37007525453741,28.52921646746348,64.11509517485612,51.0938468348827,325.16368177116027,-0.4601635867578477,-0.0703927171040178,0.6016561388652499,0.3863407549531644,0.6770649043422208,0.5613656915949233,-0.3612432116184818,-0.0838301497202194
36.3,5.2,2013.0,7.0,2.0,0.0,57.0,15.0,69.0,83.0,1080.901,0.402312716443422,-1.3151309269133118,0.4963778168638548,0.09370484955115642,0.8289267392810251,1.34859831267872,-0.13963609179074793,2.4301568354899885
36.3,6.8,2013.0,7.0,2.0,12.0,17.0,35.0,122.0,29.0,794.0761,-0.9183049980959513,1.8408289361105616,1.6033880427257796,1.4089392632851747,0.4559087434195029,1.9588143735604953,0.30770704909150687,0.3218313842342002
36.3,8.4,2013.0,7.0,2.0,0.0,57.0,9.0,67.0,72.0,700.0713,0.6264928616261453,-1.2139035425607785,0.8945169638696285,0.2754559022067655,0.7662492200918095,1.3250673540917466,-0.6339451903517312,-0.4469073623907237
36.3,10.4,2013.0,7.0,2.0,0.0,57.0,7.0,66.0,63.0,43.132355,0.32139039703952355,-2.5268139962981437,1.2027927323576586,0.8400855149981546,1.6806848094834055,2.527634977998214,-1.1139754751226008,-0.4706292873377037
36.3,12.0,2013.0,7.0,2.0,5.777777777777777,37.37007525453741,28.52921646746348,64.11509517485612,51.0938468348827,325.16368177116027,-0.6017151110331218,0.022560426075286924,1.1281607496585544,0.4075762765572944,0.5558667075003035,-0.7357511077462807,0.438926082412147,0.17300017914500043
36.3,13.1,2013.0,7.0,2.0,12.0,17.0,20.0,116.0,62.0,0.0,-1.1969895230347085,0.7757926636630063,1.0641414428070866,0.6937347180071743,1.7233672636395125,1.7391461761204177,-0.823581099334523,0.4389251553427037
36.3,13.8,2013.0,7.0,2.0,6.0,36.5,37.5,89.0,55.0,0.0,-0.4661276825392578,0.106519860151656,0.7594002072177097,0.5354071906541298,2.044165695238754,1.1843703030332908,-0.2734695661465934,-0.3757703024411406
36.3,14.7,2013.0,7.0,2.0,5.777777777777777,37.37007525453741,28.52921646746348,64.11509517485612,51.0938468348827,325.16368177116027,-0.17863009317563938,-0.5372076666081237,0.571663071175995,0.3274360091687966,1.218251681271932,0.5275463688889954,0.406147432920041,-0.6617712984512397
36.3,15.2,2013.0,7.0,2.0,5.777777777777777,37.37007525453741,28.52921646746348,64.11509517485612,51.0938468348827,325.16368177116027,-0.34740762384153956,-0.18580538374946587,0.43258362867496264,1.2372557620049895,0.15208231580086629,1.0109279080796156,-0.4958174869674298,0.24663132390800824
36.3,15.4,2013.0,7.0,2.0,0.0,56.0,53.0,61.0,37.0,0.0,0.7954800921121249,-1.2542909192998173,0.19359646447210865,0.7086213658164563,1.6412749522924686,1.570496079156975,-1.566800592600019,0.47255439934280274
36.3,16.3,2013.0,7.0,2.0,5.777777777777777,37.37007525453741,28.52921646746348,64.11509517485612,51.0938468348827,325.16368177116027,-0.45181887876859883,-0.06596227947327533,1.2924920375177997,0.6769341015730554,0.736690477721845,1.359489688380453,-0.589933790896827,-0.1343058808587924
36.3,17.9,2013.0,7.0,2.0,5.777777777777777,37.37007525453741,28.52921646746348,64.11509517485612,51.0938468348827,325.16368177116027,-0.4601635867578477,-0.0703927171040178,0.6016561388652499,0.3863407549531644,0.6770649043422208,0.5613656915949233,-0.3612432116184818,-0.0838301497202194
36.3,18.6,2013.0,7.0,2.0,5.777777777777777,37.37007525453741,28.52921646746348,64.11509517485612,51.0938468348827,325.16368177116027,-0.6807089905468081,-1.5230796941120461,0.7134182194984394,0.4182747721199555,0.023550440051888,1.1388235534431208,0.09374838244521039,-0.10795419107726445
36.3,19.9,2013.0,7.0,2.0,5.777777777777777,37.37007525453741,28.52921646746348,64.11509517485612,51.0938468348827,325.16368177116027,-1.1286087790237158,-0.6286560903026138,0.67366999733308,0.7162589302825175,0.6980276420440379,0.283221436646098,-0.5474293779510286,-0.6174654086809859
36.3,20.1,2013.0,7.0,2.0,12.0,17.0,7.0,111.0,87.0,0.0,-2.002540903703699,1.6640004594330586,1.3601159100676008,-0.18809357188442788,1.8952931306157228,-0.6664247662382415,-1.1433147329505604,-0.48087367501610906
36.3,21.5,2013.0,7.0,2.0,5.777777777777777,37.37007525453741,28.52921646746348,64.11509517485612,51.0938468348827,325.16368177116027,-0.6655758103723015,-0.8364950593697584,-0.07494344083276838,0.552873532962237,-0.2576426545690036,-0.09729885698511076,-0.685942160402873,1.0566210870187809
36.3,23.3,2013.0,7.0,2.0,5.777777777777777,37.37007525453741,28.52921646746348,64.11509517485612,51.0938468348827,325.16368177116027,-0.4601635867578477,-0.0703927171040178,0.6016561388652499,0.3863407549531644,0.6770649043422208,0.5613656915949233,-0.3612432116184818,-0.0838301497202194
36.4,5.9,2013.0,7.0,2.0,0.0,57.0,12.0,68.0,81.0,622.50525,0.6407057620527332,-1.2440981824987432,0.7465222579725921,0.2068833971788484,0.41232226404121,1.433952092947051,-0.3472943875998849,1.8997889455702504
36.4,7.4,2013.0,7.0,2.0,6.0,37.0,22.5,94.5,54.0,537.89164,-0.4832216331815668,-0.0232103828236933,1.3034875206205128,0.9999955017901884,0.0861741633355949,1.3095299478104472,0.3983235071455228,0.5388160391931155
36.4,12.2,2013.0,7.0,2.0,5.777777777777777,37.37007525453741,28.52921646746348,64.11509517485612,51.0938468348827,325.16368177116027,-0.9994092073844454,0.3137462638374893,1.0293649439715313,-0.033234926698810785,0.5103460585628135,0.039584164490753304,0.2869288001275972,-0.37650494235491333
36.4,16.9,2013.0,7.0,2.0,5.777777777777777,37.37007525453741,28.52921646746348,64.11509517485612,51.0938468348827,325.16368177116027,-0.252694136414206,-0.007556848468740926,0.2175448429678023,-0.6580189702573769,0.8384857422399289,-0.2505631924034658,-0.4916569655215131,1.069335099903106
36.4,19.9,2013.0,7.0,2.0,5.777777777777777,37.37007525453741,28.52921646746348,64.11509517485612,51.0938468348827,325.16368177116027,-1.3005957495648741,-0.6058080755485197,0.657791004168259,-0.20746919784727208,1.4313242366407812,-0.3626757280663976,0.4872190147194642,0.6340885178205914
36.4,20.1,2013.0,7.0,2.0,6.0,36.5,23.0,83.5,52.0,0.0,-0.7981175884165156,0.8636966483125236,0.9488640724978558,0.618621466924443,1.6620706978413504,0.4402534478753587,0.012476687312215977,-1.2621440889730766
36.4,21.5,2013.0,7.0,2.0,12.0,17.0,7.0,111.0,90.0,0.0,-2.307450119191806,1.8113133544664302,0.5132187337156886,1.083337807768196,1.8469515446101996,0.28361156631460965,-1.36675247252405,1.2234640768283456
36.5,5.2,2013.0,7.0,2.0,5.777777777777777,37.37007525453741,28.52921646746348,64.11509517485612,51.0938468348827,325.16368177116027,-0.21155508615061067,-0.15067040788742905,0.5043331122807347,1.3660390123285566,1.4063513084266388,0.46787223491953084,-0.5137708473177748,-0.3878551248409128
36.5,9.0,2013.0,7.0,2.0,5.777777777777777,37.37007525453741,28.52921646746348,64.11509517485612,51.0938468348827,325.16368177116027,-0.4601635867578477,-0.0703927171040178,0.6016561388652499,0.3863407549531644,0.6770649043422208,0.5613656915949233,-0.3612432116184818,-0.0838301497202194
36.5,12.2,2013.0,7.0,2.0,0.0,56.0,58.0,63.0,54.0,0.0,0.4939792854180246,-1.5064187015756627,0.40756926407619565,0.7436846905010708,1.49145364213907,2.0827686560539163,-0.949090240686306,-0.08416881415313338
36.5,16.3,2013.0,7.0,2.0,5.777777777777777,37.37007525453741,28.52921646746348,64.11509517485612,51.0938468348827,325.16368177116027,-0.2221793323465558,0.318367544877074,0.84902469413735,0.13116398852155547,0.0937337706496516,0.1400737724638037,-0.27242738762392316,0.540460437883191
36.5,18.5,2013.0,7.0,2.0,12.0,17.0,12.0,113.0,83.0,0.0,-0.9891257411857073,1.4792816852850732,0.6145269237708002,1.128857474037774,-0.8940966225317888,0.012322164783604428,0.6375075527378633,0.9228183279417121
36.5,19.5,2013.0,7.0,2.0,5.777777777777777,37.37007525453741,28.52921646746348,64.11509517485612,51.0938468348827,325.16368177116027,-0.4601635867578477,-0.0703927171040178,0.6016561388652499,0.3863407549531644,0.6770649043422208,0.5613656915949233,-0.3612432116184818,-0.0838301497202194
36.5,21.1,2013.0,7.0,2.0,5.777777777777777,37.37007525453741,28.52921646746348,64.11509517485612,51.0938468348827,325.16368177116027,-0.4601635867578477,-0.0703927171040178,0.6016561388652499,0.3863407549531644,0.6770649043422208,0.5613656915949233,-0.3612432116184818,-0.0838301497202194
36.5,21.4,2013.0,7.0,2.0,6.0,36.5,20.5,82.5,51.5,0.0,-1.3501790005239687,-0.11135625382896866,1.2072471729321979,1.5207287724455272,2.142834638667056,-0.03448170423909536,-0.9089906889488025,-0.4589702219436778
36.6,5.5,2013.0,7.0,2.0,5.777777777777777,37.37007525453741,28.52921646746348,64.11509517485612,51.0938468348827,325.16368177116027,-0.4601635867578477,-0.0703927171040178,0.6016561388652499,0.3863407549531644,0.6770649043422208,0.5613656915949233,-0.3612432116184818,-0.0838301497202194
36.6,6.7,2013.0,7.0,2.0,12.0,17.0,41.0,124.0,29.0,512.28143,-2.5477347326555004,2.1129089952082607,2.366188333321899,1.7518659622930006,-0.07395328694374259,1.2637664585642565,-0.09126948153656723,0.8131417019661282
36.6,8.0,2013.0,7.0,2.0,5.777777777777777,37.37007525453741,28.52921646746348,64.11509517485612,51.0938468348827,325.16368177116027,-0.4601635867578477,-0.0703927171040178,0.6016561388652499,0.3863407549531644,0.6770649043422208,0.5613656915949233,-0.3612432116184818,-0.0838301497202194
36.6,8.7,2013.0,7.0,2.0,12.0,17.0,36.0,122.0,39.0,326.95682,-1.578805170813817,1.216740722963873,1.818024431876884,1.897533400933421,0.3153234619939518,1.7580079232550878,-0.7758271106237343,-0.5313163907353988
36.6,10.3,2013.0,7.0,2.0,0.0,57.0,1.0,64.0,64.0,166.4691,1.1322705644069475,-0.7202076496821721,0.47094007380249636,1.1294644019305093,1.5255349792821455,3.0250680070628944,-0.6751342570003578,-0.38280815284303155
36.6,10.5,2013.0,7.0,2.0,0.0,57.0,1.0,64.0,63.0,124.68823,1.3855844853595731,-1.2011710627490797,1.3652552355045988,0.5848773044590436,1.9916388387165749,2.113404850100695,-1.7444673691342458,-0.18090137023091202
36.6,11.6,2013.0,7.0,2.0,5.777777777777777,37.37007525453741,28.52921646746348,64.11509517485612,51.0938468348827,325.16368177116027,-0.4601635867578477,-0.0703927171040178,0.6016561388652499,0.3863407549531644,0.6770649043422208,0.5613656915949233,-0.3612432116184818,-0.0838301497202194
36.6,15.3,2013.0,7.0,2.0,5.777777777777777,37.37007525453741,28.52921646746348,64.11509517485612,51.0938468348827,325.16368177116027,-0.4601635867578477,-0.0703927171040178,0.6016561388652499,0.3863407549531644,0.6770649043422208,0.5613656915949233,-0.3612432116184818,-0.0838301497202194
36.6,16.6,2013.0,7.0,2.0,12.0,17.0,18.0,115.0,77.0,0.0,-1.4901433657158871,1.798450899241256,0.7725839901865145,0.6186543746904227,2.2666814021947923,0.3020823013022014,0.7520846791030772,0.15373431802867288
36.6,16.9,2013.0,7.0,2.0,0.0,56.0,45.0,58.0,30.0,0.0,-0.2083573334722142,-1.358917193600845,1.7635583820527552,1.5270710789037794,1.7950591076341949,-0.08027883375786227,-1.5329049444856588,-0.5633640710844963
36.6,17.8,2013.0,7.0,2.0,6.0,36.5,28.5,85.5,53.5,0.0,-0.4545263430591222,0.1671614781452087,0.8119114853231074,0.6632937214054311,0.7445587241060676,0.2552371346583797,-0.2447859533604122,-0.2400059964409233
36.6,19.8,2013.0,7.0,2.0,5.777777777777777,37.37007525453741,28.52921646746348,64.11509517485612,51.0938468348827,325.16368177116027,-1.1103646075597866,0.16102468576831924,0.8569116141907152,0.10310557515806135,0.9878592063401856,0.804336855372176,1.1469746773696357,-0.4345109466003504
36.7,-0.8,2013.0,7.0,2.0,5.777777777777777,37.37007525453741,28.52921646746348,64.11509517485612,51.0938468348827,325.16368177116027,-0.4601635867578477,-0.0703927171040178,0.6016561388652499,0.3863407549531644,0.6770649043422208,0.5613656915949233,-0.3612432116184818,-0.0838301497202194
36.7,3.9,2013.0,7.0,2.0,12.0,17.0,51.0,128.0,18.0,309.69162,-1.6244883790392577,1.0460595759118154,1.2971794604022315,1.3144260566415882,1.3481950163671086,2.538654876670412,-0.5102932400964585,3.0483085887089354
36.7,6.9,2013.0,7.0,2.0,5.777777777777777,37.37007525453741,28.52921646746348,64.11509517485612,51.0938468348827,325.16368177116027,-0.7783546534538487,-0.08540632583938475,0.03646290530782681,0.5051918409757432,0.6583512908328191,0.5435695684548475,-0.5860930415525487,-0.2594763045301849
36.7,7.1,2013.0,7.0,2.0,12.0,17.0,41.0,124.0,31.0,306.31714,-1.4912632632849738,1.6129865969761013,2.2809449895071503,1.280283652655013,0.36827249142074414,1.3583683305909948,-0.563353051533384,-0.1254382611699123
36.7,12.1,2013.0,7.0,2.0,0.0,56.0,56.0,62.0,55.0,0.0,0.688737735434808,-0.7230316424807168,1.7084635664857635,1.1585723285490952,1.621466636842179,1.056222252031146,-0.38462837811875805,-1.237078546486586
36.7,13.2,2013.0,7.0,2.0,6.0,36.5,39.0,89.5,56.0,0.0,-0.4682564439001362,0.0908111699084852,0.7460036355248898,0.5282693189949197,1.95600967408005,1.2382900108054506,-0.6755378656744329,-0.5313163907353988
36.7,15.0,2013.0,7.0,2.0,12.0,17.0,23.0,117.0,71.0,33.87788,-1.4957449304705377,1.3803211998838638,0.9989262364480938,1.129359836041474,0.6799376344225265,0.3510192977297215,-0.7758271106237343,-0.5313163907353988
36.7,16.6,2013.0,7.0,2.0,5.777777777777777,37.37007525453741,28.52921646746348,64.11509517485612,51.0938468348827,325.16368177116027,-0.7680304730047633,0.33341990841863267,0.9651606451539305,1.0475906928041985,0.8027344064071956,1.1912103348955454,0.5690779759457989,-0.12464938111711935
36.7,18.2,2013.0,7.0,2.0,5.777777777777777,37.37007525453741,28.52921646746348,64.11509517485612,51.0938468348827,325.16368177116027,-0.4601635867578477,-0.0703927171040178,0.6016561388652499,0.3863407549531644,0.6770649043422208,0.5613656915949233,-0.3612432116184818,-0.0838301497202194
36.7,18.6,2013.0,7.0,2.0,5.777777777777777,37.37007525453741,28.52921646746348,64.11509517485612,51.0938468348827,325.16368177116027,-0.9613372508269062,-0.14831112934190666,0.22732106824835568,0.9882721944272694,0.7124918923601747,0.21821613791305772,-0.7724822980828792,-0.39634167288448574
36.7,18.8,2013.0,7.0,2.0,0.0,56.0,37.0,55.0,22.0,0.0,0.7994658253984475,-1.0823550951805954,1.1350015655087384,1.6770109573545504,2.672108035580226,0.5229465326568217,-0.7804780851350376,0.16852809892085374
36.8,3.0,2013.0,7.0,2.0,5.777777777777777,37.37007525453741,28.52921646746348,64.11509517485612,51.0938468348827,325.16368177116027,-0.4601635867578477,-0.0703927171040178,0.6016561388652499,0.3863407549531644,0.6770649043422208,0.5613656915949233,-0.3612432116184818,-0.0838301497202194
36.8,7.7,2013.0,7.0,2.0,12.0,17.0,41.0,124.0,34.0,38.343372,-1.2359142681892878,1.8218325993723028,1.6618959306774435,1.3448096568683818,1.0204041650329712,2.4335226026678765,-0.6846884028444572,0.639124008493398
36.8,8.3,2013.0,7.0,2.0,0.0,57.0,1.0,64.0,73.0,64.6859,0.6175187752911709,-1.2170729019586446,0.7812427720540019,0.3613865417877706,1.360374928151394,1.6853705293415138,-0.4181566005651879,-0.3318713556878456
36.8,8.9,2013.0,7.0,2.0,5.777777777777777,37.37007525453741,28.52921646746348,64.11509517485612,51.0938468348827,325.16368177116027,-0.14748916804895734,0.5112022354361616,1.0404904828838257,0.3978034162168944,0.7912954327729331,0.8410936419700066,-0.9876039444720317,0.37043327644600754
36.8,14.6,2013.0,7.0,2.0,0.0,56.0,48.0,59.0,42.0,118.286194,0.5712538978124453,-1.1448147213262228,0.4742787050462014,0.2289551596168491,1.1971099538346033,0.4840757534663404,-0.7758271106237343,-0.4000206761515984
36.8,16.4,2013.0,7.0,2.0,5.777777777777777,37.37007525453741,28.52921646746348,64.11509517485612,51.0938468348827,325.16368177116027,-0.730116682451968,-0.35563125532243356,1.7514226644201403,0.35137983671937145,1.4890953546166004,0.3200514158977114,-0.8915822544532099,0.5262949252165687
36.8,19.4,2013.0,7.0,2.0,0.0,56.0,34.0,54.0,20.0,0.0,0.4320152105501653,-1.956388465674523,0.6551643635706574,1.1173639356163547,2.9727696960303684,1.4368128670274343,-0.4222145264792546,-0.6926020835895759
36.9,6.6,2013.0,7.0,2.0,12.0,17.0,46.0,126.0,29.0,175.89247,-1.5966409855778372,1.1405612895511432,1.3390952315493516,1.267385067854133,1.1286330234873063,2.245228022863775,-0.5275028736645991,0.2947877249349214
36.9,8.8,2013.0,7.0,2.0,0.0,56.0,59.0,63.0,71.0,198.24423,0.6495399119319426,-2.1084501593424285,0.8585746662837337,0.24073113872780302,2.3001057868310806,1.9279599998839072,-0.2592195324073806,-1.1294742870938341
36.9,19.2,2013.0,7.0,2.0,5.777777777777777,37.37007525453741,28.52921646746348,64.11509517485612,51.0938468348827,325.16368177116027,-0.1557895558870246,0.517164416902353,0.5562426325936591,-0.4463551401975367,0.13955749073088453,0.7492698903301658,-0.20739355996637804,-0.31118764873218574
36.9,19.9,2013.0,7.0,2.0,5.777777777777777,37.37007525453741,28.52921646746348,64.11509517485612,51.0938468348827,325.16368177116027,-0.10448484850605322,-0.09455707514600575,0.4472802483241691,0.5421212354513785,1.1942231610312162,0.9537325913332332,-0.3139247258302645,-0.6936351838761845
36.9,24.7,2013.0,7.0,2.0,5.777777777777777,37.37007525453741,28.52921646746348,64.11509517485612,51.0938468348827,325.16368177116027,-0.03096032722126718,0.06044322011107632,-0.029088790075803228,0.7917158195605536,0.36128682019095176,-0.014197587440063053,-0.23260968007836685,0.06691283909585902
37.0,-0.7,2013.0,7.0,2.0,5.777777777777777,37.37007525453741,28.52921646746348,64.11509517485612,51.0938468348827,325.16368177116027,-0.4601635867578477,-0.0703927171040178,0.6016561388652499,0.3863407549531644,0.6770649043422208,0.5613656915949233,-0.3612432116184818,-0.0838301497202194
37.0,7.6,2013.0,7.0,2.0,5.777777777777777,37.37007525453741,28.52921646746348,64.11509517485612,51.0938468348827,325.16368177116027,0.31571382091257755,0.5640842091508643,1.0748927820853018,0.601287807511115,-0.5983068390296558,-0.34938685511838297,0.0284119246353835,0.26414085468568294
37.0,11.0,2013.0,7.0,2.0,6.0,36.5,44.5,91.5,56.5,27.010745,-0.4747716486518034,0.0447197069263722,0.7717363722359027,0.5931856735604526,1.6636393696651095,1.9981820640166088,-0.606160342551775,-0.3583323903276172
37.0,12.0,2013.0,7.0,2.0,6.0,36.5,42.0,90.5,56.5,0.0,-0.4728791959349734,0.0633730042282058,0.7024277690281768,0.5025995491830519,1.925347191180943,1.6563812807915936,-0.62454070796723,-0.5313163907353988
37.0,12.4,2013.0,7.0,2.0,0.0,56.0,50.0,60.0,54.0,0.0,0.585526172934712,-1.1701368100326224,0.6947728009966851,0.4774546822536887,1.7873738122325862,1.3944578729311536,-0.6497601426671659,-0.5313163907353988
37.0,16.5,2013.0,7.0,2.0,5.777777777777777,37.37007525453741,28.52921646746348,64.11509517485612,51.0938468348827,325.16368177116027,-0.6188201223391743,0.8637123853252924,0.9820502143002041,0.5060328508797833,0.6089339259947759,0.9857397016938046,-0.4837000657675314,-0.057179870988492046
37.0,19.1,2013.0,7.0,2.0,12.0,17.0,20.0,116.0,85.0,0.0,-0.7938771640081534,1.2617223448818724,0.5980496310281197,1.1915593593702478,-0.7078400483164404,-0.32152687073084973,0.4961544771800943,0.550067347014113
37.0,19.7,2013.0,7.0,2.0,0.0,56.0,29.0,52.0,19.0,0.0,0.8860285359858717,-1.402938163695632,1.6591090205943924,0.5915423010064575,1.4100311492962205,0.5773182082435825,0.23376279498774702,-0.17735365260721309
37.0,20.3,2013.0,7.0,2.0,0.0,56.0,26.0,51.0,17.0,0.0,0.51560411576287,-1.0828225470421768,0.7836344775167134,0.581128654349249,1.3109037791497644,0.0072618402507307,0.7910031377271473,0.2557681596004915
37.1,0.6,2013.0,7.0,2.0,6.0,37.5,8.5,33.0,51.0,0.0,-0.4910392904261159,-0.204367272160827,0.6428274759313022,0.4273066721732372,2.092302796434104,2.3002760698986835,-0.4913899133520294,-0.4602519014409681
37.1,16.5,2013.0,7.0,2.0,6.0,36.5,31.5,86.5,55.0,0.0,-0.4634192064590518,-0.01012647011657028,1.2213680673469252,0.8644820751984422,2.0491237661621673,0.11866584199225416,-0.18780197816347088,-0.34163233015848377
37.1,16.8,2013.0,7.0,2.0,5.777777777777777,37.37007525453741,28.52921646746348,64.11509517485612,51.0938468348827,325.16368177116027,-0.4601635867578477,-0.0703927171040178,0.6016561388652499,0.3863407549531644,0.6770649043422208,0.5613656915949233,-0.3612432116184818,-0.0838301497202194
37.1,18.7,2013.0,7.0,2.0,6.0,36.5,27.0,85.0,53.5,0.0,-0.4525573908735835,0.1734778977212137,1.009147126803374,0.7269204299657841,2.101190959084632,0.5158227736885911,0.0749016048910191,-0.1921792692273508
37.1,24.7,2013.0,7.0,2.0,5.777777777777777,37.37007525453741,28.52921646746348,64.11509517485612,51.0938468348827,325.16368177116027,-0.5365379758474352,0.29754016864826865,0.3378376532420698,0.29222505476341476,1.0182009989215213,0.8739279748238569,0.4358399573608723,-0.03713275703566045
37.2,-0.2,2013.0,7.0,2.0,5.777777777777777,37.37007525453741,28.52921646746348,64.11509517485612,51.0938468348827,325.16368177116027,-0.4601635867578477,-0.0703927171040178,0.6016561388652499,0.3863407549531644,0.6770649043422208,0.5613656915949233,-0.3612432116184818,-0.0838301497202194
37.2,17.2,2013.0,7.0,2.0,5.777777777777777,37.37007525453741,28.52921646746348,64.11509517485612,51.0938468348827,325.16368177116027,-0.4601635867578477,-0.0703927171040178,0.6016561388652499,0.3863407549531644,0.6770649043422208,0.5613656915949233,-0.3612432116184818,-0.0838301497202194
37.2,18.1,2013.0,7.0,2.0,5.777777777777777,37.37007525453741,28.52921646746348,64.11509517485612,51.0938468348827,325.16368177116027,-0.4601635867578477,-0.0703927171040178,0.6016561388652499,0.3863407549531644,0.6770649043422208,0.5613656915949233,-0.3612432116184818,-0.0838301497202194
37.3,9.8,2013.0,7.0,2.0,6.0,36.5,47.5,92.5,56.5,45.218410500000005,-0.4783568311855973,0.0167427538281951,0.99546254342115,0.8040928630664235,1.9202722279374904,2.188228644830813,-0.4203596950195319,-0.160845483159618
37.3,11.9,2013.0,7.0,2.0,12.0,17.0,39.0,123.0,57.0,0.0,-1.5293216735104758,1.291478189230765,0.63959338662878,0.4881303993409973,1.572193233618924,1.594672018148357,-0.7758271106237343,-0.5313163907353988
37.4,1.5,2013.0,7.0,2.0,5.777777777777777,37.37007525453741,28.52921646746348,64.11509517485612,51.0938468348827,325.16368177116027,-0.4601635867578477,-0.0703927171040178,0.6016561388652499,0.3863407549531644,0.6770649043422208,0.5613656915949233,-0.3612432116184818,-0.0838301497202194
37.4,5.5,2013.0,7.0,2.0,0.0,56.0,56.0,62.0,83.0,0.0,0.623304171585023,-1.2529029398677214,0.7885488028464127,0.5117720251691515,2.315278101228352,2.450323949143963,-0.5639548462853292,2.381103575789257
37.4,11.2,2013.0,7.0,2.0,5.777777777777777,37.37007525453741,28.52921646746348,64.11509517485612,51.0938468348827,325.16368177116027,-0.41289463772259716,0.18934847576597091,0.7496165395171185,0.12356227523094626,0.89125792679638,0.32076124682789814,0.017721725973797287,-0.018988604536601644
37.4,11.4,2013.0,7.0,2.0,6.0,36.5,43.0,91.0,57.5,0.0,-0.5988582424590149,0.4681648987977187,-0.4740442676229487,0.1189041071656215,1.6509801642156723,2.262911255041571,-0.34433176753901057,-0.3501202045779459
37.4,16.3,2013.0,7.0,2.0,5.777777777777777,37.37007525453741,28.52921646746348,64.11509517485612,51.0938468348827,325.16368177116027,-0.4601635867578477,-0.0703927171040178,0.6016561388652499,0.3863407549531644,0.6770649043422208,0.5613656915949233,-0.3612432116184818,-0.0838301497202194
37.5,4.3,2013.0,7.0,2.0,0.0,56.0,56.0,62.0,86.0,0.0,0.5314179031422657,-0.8283780574399633,1.2698958599797492,0.055791241369056055,2.8367807375613445,2.789854548206746,-0.7231237955983757,-0.2803840515003217
37.5,4.5,2013.0,7.0,2.0,5.777777777777777,37.37007525453741,28.52921646746348,64.11509517485612,51.0938468348827,325.16368177116027,-0.960626391115772,-1.0101593244165996,0.32444935594529706,-0.02885161671454123,1.6203041185456288,-0.6873625391517132,0.4706656031029794,0.48838019498038543
37.5,6.0,2013.0,7.0,2.0,5.777777777777777,37.37007525453741,28.52921646746348,64.11509517485612,51.0938468348827,325.16368177116027,-0.4601635867578477,-0.0703927171040178,0.6016561388652499,0.3863407549531644,0.6770649043422208,0.5613656915949233,-0.3612432116184818,-0.0838301497202194
37.5,17.2,2013.0,7.0,2.0,0.0,56.0,29.0,52.0,30.0,0.0,0.5358825358619571,-1.1178860216750857,0.9589187945017488,0.7262263468465331,1.6029399430568745,0.7901963588172484,-0.4023500703126285,-0.5313163907353988
37.6,8.2,2013.0,7.0,2.0,5.777777777777777,37.37007525453741,28.52921646746348,64.11509517485612,51.0938468348827,325.16368177116027,-0.4601635867578477,-0.0703927171040178,0.6016561388652499,0.3863407549531644,0.6770649043422208,0.5613656915949233,-0.3612432116184818,-0.0838301497202194
37.6,16.6,2013.0,7.0,2.0,6.0,36.5,31.5,86.5,55.5,0.0,-0.4608632804663216,0.1357757740807292,0.906344073261966,0.6964712175229555,1.3252752151902574,0.7696907671150055,-0.7000862422783481,-0.5313163907353988
37.7,0.3,2013.0,7.0,2.0,12.0,18.0,20.0,4.0,9.0,0.0,-1.624920752008754,0.8855307067343655,0.5830423921176215,0.458474194022205,1.6271565815094111,1.7588340427499558,-0.7758271106237343,-0.3516495904395838
37.7,1.9,2013.0,7.0,2.0,5.777777777777777,37.37007525453741,28.52921646746348,64.11509517485612,51.0938468348827,325.16368177116027,-0.4601635867578477,-0.0703927171040178,0.6016561388652499,0.3863407549531644,0.6770649043422208,0.5613656915949233,-0.3612432116184818,-0.0838301497202194
37.7,6.7,2013.0,7.0,2.0,12.0,17.0,59.0,131.0,31.0,0.0,-1.5793961407803818,1.1275018950277167,0.6925472561240129,0.5001627884938681,1.97266289505569,1.7412166763585293,-0.7758271106237343,-0.2810762593392257
37.7,17.7,2013.0,7.0,2.0,5.777777777777777,37.37007525453741,28.52921646746348,64.11509517485612,51.0938468348827,325.16368177116027,-0.4601635867578477,-0.0703927171040178,0.6016561388652499,0.3863407549531644,0.6770649043422208,0.5613656915949233,-0.3612432116184818,-0.0838301497202194
37.7,26.6,2013.0,7.0,2.0,5.777777777777777,37.37007525453741,28.52921646746348,64.11509517485612,51.0938468348827,325.16368177116027,-0.4601635867578477,-0.0703927171040178,0.6016561388652499,0.3863407549531644,0.6770649043422208,0.5613656915949233,-0.3612432116184818,-0.0838301497202194
37.8,4.4,2013.0,7.0,2.0,0.0,56.0,51.0,60.0,86.0,0.0,0.6211506817874145,-1.2671773106897513,0.7760897796949726,0.5290946278348015,2.0794815058420872,1.739145838880464,-0.7266983200299771,-0.1485288140199263
37.8,4.8,2013.0,7.0,2.0,0.0,56.0,51.0,60.0,85.0,0.0,0.6195551245885824,-1.2621887372802985,0.7356644186888238,0.5093057891642586,1.900894089863384,1.9311579559340748,-0.7140562165818357,0.6944587803736372
37.8,6.0,2013.0,7.0,2.0,12.0,18.0,2.0,132.0,28.0,0.0,-1.3444638718763608,0.9668037489383458,0.9801188203582821,0.0058706738605697195,2.977797337829188,1.922870495897952,-0.8302737024970677,0.007274036524509364
37.8,7.6,2013.0,7.0,2.0,5.777777777777777,37.37007525453741,28.52921646746348,64.11509517485612,51.0938468348827,325.16368177116027,-0.4601635867578477,-0.0703927171040178,0.6016561388652499,0.3863407549531644,0.6770649043422208,0.5613656915949233,-0.3612432116184818,-0.0838301497202194
37.8,9.2,2013.0,7.0,2.0,5.777777777777777,37.37007525453741,28.52921646746348,64.11509517485612,51.0938468348827,325.16368177116027,-1.7797510316852732,0.6462625345790235,0.45860653937450396,-0.07252730529022988,0.7747037842966363,-0.1879352500599163,-0.4493086891530434,-0.6875819455401482
37.8,10.8,2013.0,7.0,2.0,6.0,36.5,44.5,91.5,57.5,0.0,-0.40541706840343184,0.46025723431879895,1.38079183194402,0.23434666391738557,2.7271522427306576,3.265171872175651,0.4792600374620264,0.14013779757570843
37.8,11.4,2013.0,7.0,2.0,5.777777777777777,37.37007525453741,28.52921646746348,64.11509517485612,51.0938468348827,325.16368177116027,-0.4601635867578477,-0.0703927171040178,0.6016561388652499,0.3863407549531644,0.6770649043422208,0.5613656915949233,-0.3612432116184818,-0.0838301497202194
37.8,18.5,2013.0,7.0,2.0,0.0,56.0,21.0,49.0,25.0,0.0,0.9059077712480825,-0.9621846002658517,2.0249707373719796,0.9212016240992735,2.6352062399841842,1.2434808217219473,0.0030937092329789417,-0.2988411164399717
37.8,18.7,2013.0,7.0,2.0,5.777777777777777,37.37007525453741,28.52921646746348,64.11509517485612,51.0938468348827,325.16368177116027,-1.069564565884803,0.3492307380310775,1.200482880615429,1.2046581033443344,1.0378013681877367,0.8772979901977629,0.3706859028007384,-0.2715570994944392
37.8,19.5,2013.0,7.0,2.0,5.777777777777777,37.37007525453741,28.52921646746348,64.11509517485612,51.0938468348827,325.16368177116027,-0.4601635867578477,-0.0703927171040178,0.6016561388652499,0.3863407549531644,0.6770649043422208,0.5613656915949233,-0.3612432116184818,-0.0838301497202194
37.8,20.2,2013.0,7.0,2.0,5.777777777777777,37.37007525453741,28.52921646746348,64.11509517485612,51.0938468348827,325.16368177116027,-0.4601635867578477,-0.0703927171040178,0.6016561388652499,0.3863407549531644,0.6770649043422208,0.5613656915949233,-0.3612432116184818,-0.0838301497202194
37.8,28.2,2013.0,7.0,2.0,5.777777777777777,37.37007525453741,28.52921646746348,64.11509517485612,51.0938468348827,325.16368177116027,-0.4601635867578477,-0.0703927171040178,0.6016561388652499,0.3863407549531644,0.6770649043422208,0.5613656915949233,-0.3612432116184818,-0.0838301497202194
37.9,8.1,2013.0,7.0,2.0,5.777777777777777,37.37007525453741,28.52921646746348,64.11509517485612,51.0938468348827,325.16368177116027,-0.4601635867578477,-0.0703927171040178,0.6016561388652499,0.3863407549531644,0.6770649043422208,0.5613656915949233,-0.3612432116184818,-0.0838301497202194
37.9,9.3,2013.0,7.0,2.0,5.777777777777777,37.37007525453741,28.52921646746348,64.11509517485612,51.0938468348827,325.16368177116027,-0.14347278800574514,-0.596531719703065,0.8609845188417364,1.06307322196933,0.5194940386463314,0.7050599095184777,-0.17662365005019692,-0.2515649188184262
37.9,10.3,2013.0,7.0,2.0,5.777777777777777,37.37007525453741,28.52921646746348,64.11509517485612,51.0938468348827,325.16368177116027,-0.4601635867578477,-0.0703927171040178,0.6016561388652499,0.3863407549531644,0.6770649043422208,0.5613656915949233,-0.3612432116184818,-0.0838301497202194
37.9,14.1,2013.0,7.0,2.0,5.777777777777777,37.37007525453741,28.52921646746348,64.11509517485612,51.0938468348827,325.16368177116027,-0.4601635867578477,-0.0703927171040178,0.6016561388652499,0.3863407549531644,0.6770649043422208,0.5613656915949233,-0.3612432116184818,-0.0838301497202194
37.9,15.1,2013.0,7.0,2.0,0.0,56.0,29.0,52.0,41.0,652.602,0.5469341635159546,-1.1423062185622752,0.4820066830339277,0.2022949384428329,0.6614515433926489,0.5835080119489873,-0.7503053832359435,-0.3860829084812809
37.9,19.8,2013.0,7.0,2.0,5.777777777777777,37.37007525453741,28.52921646746348,64.11509517485612,51.0938468348827,325.16368177116027,-0.4601635867578477,-0.0703927171040178,0.6016561388652499,0.3863407549531644,0.6770649043422208,0.5613656915949233,-0.3612432116184818,-0.0838301497202194
38.0,5.9,2013.0,7.0,2.0,0.0,56.0,46.0,58.0,82.0,0.0,0.60996688329184,-1.4118843424081762,1.1356010910555434,0.706945743146858,1.9339235868959734,1.164260676309062,-0.2518243404125196,1.2218097954375513
38.0,10.8,2013.0,7.0,2.0,5.777777777777777,37.37007525453741,28.52921646746348,64.11509517485612,51.0938468348827,325.16368177116027,-1.2179781240853782,0.9577274267146473,1.3067699452045378,0.2972791010334418,0.8369510504161471,1.2735313543039468,-0.6369315772439985,-0.8792474430289011
38.0,11.8,2013.0,7.0,2.0,5.777777777777777,37.37007525453741,28.52921646746348,64.11509517485612,51.0938468348827,325.16368177116027,-0.4601635867578477,-0.0703927171040178,0.6016561388652499,0.3863407549531644,0.6770649043422208,0.5613656915949233,-0.3612432116184818,-0.0838301497202194
38.0,18.3,2013.0,7.0,2.0,0.0,56.0,18.0,48.0,26.0,0.0,0.518026709136661,-1.1077165348866842,0.8204798330828886,0.6101477083229684,1.097206216176008,0.393533369604758,0.7596631542240058,0.2522122135357303
38.0,18.8,2013.0,7.0,2.0,0.0,56.0,15.0,47.0,24.0,0.0,0.9553343871901413,-1.499523617467513,0.9825004348843878,-0.3264769785760854,2.353739554181422,0.3320105650543389,0.4684300914745938,0.08989953434915932
38.1,5.5,2013.0,7.0,2.0,5.777777777777777,37.37007525453741,28.52921646746348,64.11509517485612,51.0938468348827,325.16368177116027,-0.4601635867578477,-0.0703927171040178,0.6016561388652499,0.3863407549531644,0.6770649043422208,0.5613656915949233,-0.3612432116184818,-0.0838301497202194
38.1,19.4,2013.0,7.0,2.0,0.0,56.0,13.0,46.0,22.0,0.0,-0.19763926761778938,-1.0293712969035334,1.7617541324609052,0.8575131331498275,2.091410033866367,0.5015814296896379,-0.9234398494322278,0.15592734913202266
38.2,-1.2,2013.0,7.0,2.0,5.777777777777777,37.37007525453741,28.52921646746348,64.11509517485612,51.0938468348827,325.16368177116027,-0.14668196554559598,-0.4676816717080452,0.4920895007961982,0.8748024594910052,0.6281416945108361,-0.06651398732381575,0.13893013305639795,-0.502204310215514
38.2,13.1,2013.0,7.0,2.0,0.0,56.0,29.0,52.0,52.0,146.08911,0.5569193387666497,-1.1656264432675618,0.5729257297688245,0.2502444129884715,0.5469019420304323,0.5813563740155164,-0.7513018494484153,-0.4271530238326159
38.2,19.8,2013.0,7.0,2.0,5.777777777777777,37.37007525453741,28.52921646746348,64.11509517485612,51.0938468348827,325.16368177116027,-0.4601635867578477,-0.0703927171040178,0.6016561388652499,0.3863407549531644,0.6770649043422208,0.5613656915949233,-0.3612432116184818,-0.0838301497202194
38.3,-3.6,2013.0,7.0,2.0,5.777777777777777,37.37007525453741,28.52921646746348,64.11509517485612,51.0938468348827,325.16368177116027,-0.4601635867578477,-0.0703927171040178,0.6016561388652499,0.3863407549531644,0.6770649043422208,0.5613656915949233,-0.3612432116184818,-0.0838301497202194
38.3,1.2,2013.0,7.0,2.0,5.777777777777777,37.37007525453741,28.52921646746348,64.11509517485612,51.0938468348827,325.16368177116027,-0.5114261221991465,-0.297046617613972,-0.9167984613904969,0.6772443747255179,0.7569272007186584,0.6506770225507617,-0.7664183558003963,-0.44071149478003174
38.3,1.4,2013.0,7.0,2.0,0.0,56.0,46.0,58.0,92.0,0.0,0.7102567151155226,-1.155467776350013,0.6383740678506241,1.1732166140315035,2.026165881913867,1.2117545578579507,-0.49531336059648395,0.09960875701005545
38.3,5.1,2013.0,7.0,2.0,12.0,18.0,13.0,1.0,25.0,0.0,-1.58295844620426,1.0645781088972883,0.7608704766811026,0.5395224292529934,2.39673144985264,1.567075013574407,-0.7245378159211084,-0.4629599399897838
38.3,7.0,2013.0,7.0,2.0,5.777777777777777,37.37007525453741,28.52921646746348,64.11509517485612,51.0938468348827,325.16368177116027,-0.4601635867578477,-0.0703927171040178,0.6016561388652499,0.3863407549531644,0.6770649043422208,0.5613656915949233,-0.3612432116184818,-0.0838301497202194
38.3,7.5,2013.0,7.0,2.0,5.777777777777777,37.37007525453741,28.52921646746348,64.11509517485612,51.0938468348827,325.16368177116027,-0.4601635867578477,-0.0703927171040178,0.6016561388652499,0.3863407549531644,0.6770649043422208,0.5613656915949233,-0.3612432116184818,-0.0838301497202194
38.3,10.7,2013.0,7.0,2.0,5.777777777777777,37.37007525453741,28.52921646746348,64.11509517485612,51.0938468348827,325.16368177116027,-0.23809618793333887,0.28651591150262806,0.33675865774084174,0.06387963894165266,1.3536518688966233,1.131338823455402,-0.14582435802727528,-1.1042729358204835
38.3,10.9,2013.0,7.0,2.0,5.777777777777777,37.37007525453741,28.52921646746348,64.11509517485612,51.0938468348827,325.16368177116027,-0.23647854993319659,0.5463838514636862,0.7124761358946359,-0.1654599890556538,0.5435859183130572,1.331972207942393,-0.1818951647548543,0.07292453822871561
38.3,17.3,2013.0,7.0,2.0,0.0,56.0,15.0,47.0,31.0,0.0,1.4211328402689944,-1.7697954461918928,1.3852955311841484,0.5316204625082126,1.3838135136642622,0.7582421501114555,-0.6387287510870077,-0.6995682233771783
38.3,18.1,2013.0,7.0,2.0,12.0,17.0,44.0,125.0,83.0,0.0,-1.3511570722460695,0.6915940461169048,1.3389160407787672,0.9371103674329433,1.2659806977260906,0.41413396455233126,1.6918097587871692,0.275618035947874
38.3,18.3,2013.0,7.0,2.0,5.777777777777777,37.37007525453741,28.52921646746348,64.11509517485612,51.0938468348827,325.16368177116027,-0.5407399558502928,0.4808781715634612,0.9261381602601156,1.0593254369510876,0.25306569690051384,1.0411511546271242,-1.076587919135963,0.20245518698695747
38.3,19.4,2013.0,7.0,2.0,5.777777777777777,37.37007525453741,28.52921646746348,64.11509517485612,51.0938468348827,325.16368177116027,-0.36251596625368965,-0.20616285097185144,0.8431992071781618,0.31837364238502647,0.9985826591340423,0.9544689135364626,0.003757839755981096,0.061387715333299064
38.3,20.5,2013.0,7.0,2.0,5.777777777777777,37.37007525453741,28.52921646746348,64.11509517485612,51.0938468348827,325.16368177116027,-0.4601635867578477,-0.0703927171040178,0.6016561388652499,0.3863407549531644,0.6770649043422208,0.5613656915949233,-0.3612432116184818,-0.0838301497202194
38.4,-1.2,2013.0,7.0,2.0,5.777777777777777,37.37007525453741,28.52921646746348,64.11509517485612,51.0938468348827,325.16368177116027,-0.025375567053015025,-0.20713942511551875,0.9890201503192766,0.6876160929450938,0.9034440260566292,-0.053278735074471006,-0.7250460465250218,0.025199161100608353
38.4,1.6,2013.0,7.0,2.0,5.777777777777777,37.37007525453741,28.52921646746348,64.11509517485612,51.0938468348827,325.16368177116027,0.47448271138798265,0.30402695947923597,0.6489595770499916,0.3737650351008762,0.514600401747527,0.5837955148489551,-1.1130935905727701,-1.0177111533795584
38.4,5.4,2013.0,7.0,2.0,5.777777777777777,37.37007525453741,28.52921646746348,64.11509517485612,51.0938468348827,325.16368177116027,-0.4601635867578477,-0.0703927171040178,0.6016561388652499,0.3863407549531644,0.6770649043422208,0.5613656915949233,-0.3612432116184818,-0.0838301497202194
38.4,6.4,2013.0,7.0,2.0,0.0,56.0,38.0,55.0,81.0,0.0,0.5969514159714652,-1.2450386747824649,0.5559370682294845,0.4414818764010838,1.6582746419857852,1.492423472824868,0.8758691048395794,1.977538242674488
38.4,6.7,2013.0,7.0,2.0,6.0,37.0,24.0,27.5,56.0,0.0,-0.4857499285005975,-0.0634239162221164,0.6286771393800235,0.4769697527445398,1.631833794351519,1.2820553168294424,-0.51372030901992,0.3120144107344663
38.4,8.0,2013.0,7.0,2.0,5.777777777777777,37.37007525453741,28.52921646746348,64.11509517485612,51.0938468348827,325.16368177116027,-0.4601635867578477,-0.0703927171040178,0.6016561388652499,0.3863407549531644,0.6770649043422208,0.5613656915949233,-0.3612432116184818,-0.0838301497202194
38.4,9.4,2013.0,7.0,2.0,12.0,18.0,2.0,132.0,46.0,0.0,-1.539432452469661,1.2001844722512072,0.6572426623927655,0.47736181482063,2.1708426610819176,1.7205085622245104,-0.4309168644960888,-0.3582725119192023
38.4,10.4,2013.0,7.0,2.0,6.0,37.0,16.0,92.0,58.5,0.0,-0.4779109369184772,0.0147195964027443,0.5468274397597257,0.4256120434056336,1.4262187106141888,1.1212849565051652,0.0852512960982528,0.1014586784775755
38.4,12.3,2013.0,7.0,2.0,5.777777777777777,37.37007525453741,28.52921646746348,64.11509517485612,51.0938468348827,325.16368177116027,-0.4601635867578477,-0.0703927171040178,0.6016561388652499,0.3863407549531644,0.6770649043422208,0.5613656915949233,-0.3612432116184818,-0.0838301497202194
38.4,16.2,2013.0,7.0,2.0,5.777777777777777,37.37007525453741,28.52921646746348,64.11509517485612,51.0938468348827,325.16368177116027,-0.4601635867578477,-0.0703927171040178,0.6016561388652499,0.3863407549531644,0.6770649043422208,0.5613656915949233,-0.3612432116184818,-0.0838301497202194
38.4,16.5,2013.0,7.0,2.0,0.0,56.0,15.0,47.0,35.0,177.79042,0.5244644777364105,-1.1288343988660718,0.7491405460580871,0.4587180719768465,0.6464303058905405,0.6170271686109314,-0.7214930503863355,-0.2692245427691823
38.4,17.5,2013.0,7.0,2.0,5.777777777777777,37.37007525453741,28.52921646746348,64.11509517485612,51.0938468348827,325.16368177116027,-0.30062605589229985,0.0014389339463696527,0.3346407142957827,0.6897653649330212,-0.09959100369868346,0.9832734199718712,0.29700065613037613,-1.3115184824546557
38.4,17.8,2013.0,7.0,2.0,0.0,56.0,13.0,46.0,29.0,0.0,0.8828934744412639,-0.9990877868536323,0.4949522431830972,1.354328321966237,0.5457838927844978,0.8969901607193114,-1.0038731121623854,-0.6686984671757382
38.5,-0.6,2013.0,7.0,2.0,5.777777777777777,37.37007525453741,28.52921646746348,64.11509517485612,51.0938468348827,325.16368177116027,-0.4601635867578477,-0.0703927171040178,0.6016561388652499,0.3863407549531644,0.6770649043422208,0.5613656915949233,-0.3612432116184818,-0.0838301497202194
38.5,12.6,2013.0,7.0,2.0,5.777777777777777,37.37007525453741,28.52921646746348,64.11509517485612,51.0938468348827,325.16368177116027,-0.4601635867578477,-0.0703927171040178,0.6016561388652499,0.3863407549531644,0.6770649043422208,0.5613656915949233,-0.3612432116184818,-0.0838301497202194
38.5,18.0,2013.0,7.0,2.0,0.0,56.0,10.0,45.0,28.0,0.0,0.3020778954050873,-1.9558598416966348,1.1576276297689603,0.23638262143719246,0.31758518127888546,-0.6105471588447684,-0.06862852633698557,-0.4521400141028807
38.5,23.7,2013.0,7.0,2.0,5.777777777777777,37.37007525453741,28.52921646746348,64.11509517485612,51.0938468348827,325.16368177116027,-0.4601635867578477,-0.0703927171040178,0.6016561388652499,0.3863407549531644,0.6770649043422208,0.5613656915949233,-0.3612432116184818,-0.0838301497202194
38.6,-3.5,2013.0,7.0,2.0,5.777777777777777,37.37007525453741,28.52921646746348,64.11509517485612,51.0938468348827,325.16368177116027,-0.4601635867578477,-0.0703927171040178,0.6016561388652499,0.3863407549531644,0.6770649043422208,0.5613656915949233,-0.3612432116184818,-0.0838301497202194
38.6,2.1,2013.0,7.0,2.0,6.0,37.0,34.0,31.5,53.0,0.0,-0.489565424905899,-0.1732478677578951,0.7200251825473971,0.5739629224601204,1.984985489111002,1.1672039856356706,-0.6699114079160109,-0.5313163907353988
38.6,4.2,2013.0,7.0,2.0,12.0,18.0,21.0,4.0,22.0,0.0,-1.5834000978474312,1.0283039755264711,0.7635189757829669,0.5655188501663618,2.3064667481528,1.303804714251676,-0.7371554455078183,-0.5313163907353988
38.6,6.2,2013.0,7.0,2.0,5.777777777777777,37.37007525453741,28.52921646746348,64.11509517485612,51.0938468348827,325.16368177116027,-1.7915003226153663,0.33689592614035624,-0.09026055174972936,1.1472041809432187,1.0778599571790082,0.07494846989929194,-2.028631258668837,0.47391327887619294
38.6,8.7,2013.0,7.0,2.0,5.777777777777777,37.37007525453741,28.52921646746348,64.11509517485612,51.0938468348827,325.16368177116027,-0.4601635867578477,-0.0703927171040178,0.6016561388652499,0.3863407549531644,0.6770649043422208,0.5613656915949233,-0.3612432116184818,-0.0838301497202194
38.6,11.0,2013.0,7.0,2.0,5.777777777777777,37.37007525453741,28.52921646746348,64.11509517485612,51.0938468348827,325.16368177116027,-0.4601635867578477,-0.0703927171040178,0.6016561388652499,0.3863407549531644,0.6770649043422208,0.5613656915949233,-0.3612432116184818,-0.0838301497202194
38.6,11.4,2013.0,7.0,2.0,5.777777777777777,37.37007525453741,28.52921646746348,64.11509517485612,51.0938468348827,325.16368177116027,-0.4601635867578477,-0.0703927171040178,0.6016561388652499,0.3863407549531644,0.6770649043422208,0.5613656915949233,-0.3612432116184818,-0.0838301497202194
38.6,18.2,2013.0,7.0,2.0,5.777777777777777,37.37007525453741,28.52921646746348,64.11509517485612,51.0938468348827,325.16368177116027,-0.43491088273240824,-0.10173330897607966,0.3478849629315662,1.1772606756657624,0.3225700183810591,-0.082394539678879,-0.6740879004425012,-0.4742268447438471
38.6,19.5,2013.0,7.0,2.0,5.777777777777777,37.37007525453741,28.52921646746348,64.11509517485612,51.0938468348827,325.16368177116027,-0.4601635867578477,-0.0703927171040178,0.6016561388652499,0.3863407549531644,0.6770649043422208,0.5613656915949233,-0.3612432116184818,-0.0838301497202194
38.7,-0.0,2013.0,7.0,2.0,5.777777777777777,37.37007525453741,28.52921646746348,64.11509517485612,51.0938468348827,325.16368177116027,-0.4601635867578477,-0.0703927171040178,0.6016561388652499,0.3863407549531644,0.6770649043422208,0.5613656915949233,-0.3612432116184818,-0.0838301497202194
38.7,5.6,2013.0,7.0,2.0,5.777777777777777,37.37007525453741,28.52921646746348,64.11509517485612,51.0938468348827,325.16368177116027,-0.4366812640356569,-0.7498694433572082,0.34729158506025515,0.04404592539579333,0.23593404208327617,1.0612420828010247,-0.3087621013679656,-0.463279516058579
38.7,7.9,2013.0,7.0,2.0,5.777777777777777,37.37007525453741,28.52921646746348,64.11509517485612,51.0938468348827,325.16368177116027,-0.5913895828948208,-0.3794859541329637,0.32166426189473646,0.2646373525735599,0.47576921200964706,0.20309052311270515,-1.087063719479461,-0.1861263010578423
38.7,8.4,2013.0,7.0,2.0,12.0,18.0,10.0,0.0,41.0,0.0,-1.54484183106382,1.1624664092069628,0.8662827550030914,0.6345201604721482,2.42375936903377,1.3740270868118187,-0.6330567245155083,-0.5313163907353988
38.7,12.4,2013.0,7.0,2.0,5.777777777777777,37.37007525453741,28.52921646746348,64.11509517485612,51.0938468348827,325.16368177116027,-0.4601635867578477,-0.0703927171040178,0.6016561388652499,0.3863407549531644,0.6770649043422208,0.5613656915949233,-0.3612432116184818,-0.0838301497202194
38.7,13.7,2013.0,7.0,2.0,0.0,56.0,18.0,48.0,50.0,0.0,0.011589143338360808,-1.357315381661079,0.03030877965534695,0.7609042755454717,0.2654518741160634,0.5662501037244334,-0.6109327398170062,-1.0391556203709853
38.7,14.2,2013.0,7.0,2.0,6.0,36.5,37.5,89.0,58.5,0.0,-0.4686808605722532,0.0812744694765845,0.7567028669727124,0.6343945875517947,0.7540402690083106,0.5116307939328051,-0.7288940175913112,-0.4939326593830762
38.7,16.1,2013.0,7.0,2.0,5.777777777777777,37.37007525453741,28.52921646746348,64.11509517485612,51.0938468348827,325.16368177116027,-0.4601635867578477,-0.0703927171040178,0.6016561388652499,0.3863407549531644,0.6770649043422208,0.5613656915949233,-0.3612432116184818,-0.0838301497202194
38.7,19.0,2013.0,7.0,2.0,5.777777777777777,37.37007525453741,28.52921646746348,64.11509517485612,51.0938468348827,325.16368177116027,-0.4601635867578477,-0.0703927171040178,0.6016561388652499,0.3863407549531644,0.6770649043422208,0.5613656915949233,-0.3612432116184818,-0.0838301497202194
38.7,19.9,2013.0,7.0,2.0,5.777777777777777,37.37007525453741,28.52921646746348,64.11509517485612,51.0938468348827,325.16368177116027,-0.4601635867578477,-0.0703927171040178,0.6016561388652499,0.3863407549531644,0.6770649043422208,0.5613656915949233,-0.3612432116184818,-0.0838301497202194
38.7,21.1,2013.0,7.0,2.0,12.0,17.0,47.0,126.0,90.0,309.27625,-1.3811214192748156,1.4556362625517214,1.0268099975247238,1.1665310355519838,-0.8281890040673222,0.2083326006185522,-0.6807810632925267,-0.1624541684997272
38.8,-0.5,2013.0,7.0,2.0,5.777777777777777,37.37007525453741,28.52921646746348,64.11509517485612,51.0938468348827,325.16368177116027,-0.4601635867578477,-0.0703927171040178,0.6016561388652499,0.3863407549531644,0.6770649043422208,0.5613656915949233,-0.3612432116184818,-0.0838301497202194
38.8,4.5,2013.0,7.0,2.0,5.777777777777777,37.37007525453741,28.52921646746348,64.11509517485612,51.0938468348827,325.16368177116027,-0.4601635867578477,-0.0703927171040178,0.6016561388652499,0.3863407549531644,0.6770649043422208,0.5613656915949233,-0.3612432116184818,-0.0838301497202194
38.8,4.9,2013.0,7.0,2.0,5.777777777777777,37.37007525453741,28.52921646746348,64.11509517485612,51.0938468348827,325.16368177116027,-0.4601635867578477,-0.0703927171040178,0.6016561388652499,0.3863407549531644,0.6770649043422208,0.5613656915949233,-0.3612432116184818,-0.0838301497202194
38.8,6.1,2013.0,7.0,2.0,6.0,37.0,25.0,28.0,56.0,0.0,-0.18441165494636752,0.17238685003835014,0.4618660922320279,0.3374222372760399,1.2712864657748442,0.9986548529469694,-0.04543105032072592,-0.7083944141071361
38.8,6.3,2013.0,7.0,2.0,12.0,18.0,18.0,3.0,31.0,0.0,-2.639184620798088,0.40444724930823905,0.7242641815063967,1.012821460289517,1.1113969082826256,0.6858613752329981,-1.0023185419116762,-0.9075021242930709
38.8,8.1,2013.0,7.0,2.0,12.0,18.0,13.0,1.0,40.0,0.0,-1.6302163469109388,1.2573143364028327,0.4757818016143372,0.7800204181818664,0.8101736797103458,1.4880389131073701,-1.794423992462558,0.498142708405219
38.8,12.0,2013.0,7.0,2.0,6.0,37.0,12.0,90.5,59.5,0.0,-0.4749889040573909,0.0408164358050961,0.6789724394346072,0.5565478561328541,1.3313064639277137,0.6307266903400341,0.7230906882797248,0.2852350370974826
38.8,13.1,2013.0,7.0,2.0,6.0,37.0,9.0,89.5,59.0,0.170299725,-0.2117625276044815,-0.8850302224522996,1.1059719079210626,0.5450447253207142,1.9126185819662573,0.23816713464815298,-0.12766130311130805,-0.20994674138292002
38.8,13.3,2013.0,7.0,2.0,6.0,37.0,9.0,89.5,59.0,0.0,0.3130076618066572,-0.3487231347737193,2.1844078351962324,1.397461133584923,1.4532471830461544,0.23156434063597992,0.038151853640156566,-0.4923252203720532
38.8,13.6,2013.0,7.0,2.0,5.777777777777777,37.37007525453741,28.52921646746348,64.11509517485612,51.0938468348827,325.16368177116027,-0.2694876021954214,-0.16947608142953913,0.493577310749556,0.225179744956798,0.7726303775358001,0.5824489396729645,-0.9752009198480733,-0.7016806457597808
38.8,18.0,2013.0,7.0,2.0,12.0,17.0,52.0,128.0,83.0,0.0,-1.4271418672239211,0.6183553883128902,1.6680846321539506,0.5979174262455307,1.757961958658707,0.2560941658918133,-0.5962373916794331,0.2214113937134503
38.8,20.8,2013.0,7.0,2.0,0.0,55.0,57.0,40.0,18.0,115.36786,0.4808447936412585,-1.0841745813612602,0.6414030265094071,0.2691594902453611,0.9650587994905828,0.267403467746155,-0.7758271106237343,-0.5313163907353988
38.9,-5.0,2013.0,7.0,2.0,5.777777777777777,37.37007525453741,28.52921646746348,64.11509517485612,51.0938468348827,325.16368177116027,-0.4601635867578477,-0.0703927171040178,0.6016561388652499,0.3863407549531644,0.6770649043422208,0.5613656915949233,-0.3612432116184818,-0.0838301497202194
38.9,-0.2,2013.0,7.0,2.0,5.777777777777777,37.37007525453741,28.52921646746348,64.11509517485612,51.0938468348827,325.16368177116027,-0.4601635867578477,-0.0703927171040178,0.6016561388652499,0.3863407549531644,0.6770649043422208,0.5613656915949233,-0.3612432116184818,-0.0838301497202194
38.9,5.7,2013.0,7.0,2.0,5.777777777777777,37.37007525453741,28.52921646746348,64.11509517485612,51.0938468348827,325.16368177116027,-0.3085546822839008,-0.20885912555961045,1.0392693684039391,0.6138199448420214,0.2500812377774982,0.7078004101895207,-0.7891597365060887,0.03785128783022863
38.9,6.5,2013.0,7.0,2.0,6.0,37.0,24.0,27.5,56.5,0.0,-0.9795364471518826,1.089890295489718,0.5429357810805825,0.5255643071447109,0.31372388055286327,1.0537089902930903,-0.0940226952340752,0.32463212191960467
38.9,11.3,2013.0,7.0,2.0,5.777777777777777,37.37007525453741,28.52921646746348,64.11509517485612,51.0938468348827,325.16368177116027,-0.3454566823847373,0.41113576915760947,0.7350034472534703,-0.06412384702702678,0.06223813506191067,1.3747751231523826,-0.4962243535433992,-0.026083683216981707
38.9,11.5,2013.0,7.0,2.0,5.777777777777777,37.37007525453741,28.52921646746348,64.11509517485612,51.0938468348827,325.16368177116027,-0.9208929049420314,-0.31131137059463776,0.22462637465128132,1.186895472488567,1.21619531327751,0.1424199194473959,0.06932031775028896,-0.5229211063697963
38.9,18.8,2013.0,7.0,2.0,12.0,17.0,52.0,128.0,85.0,0.0,-1.4130327836475067,1.410055210065153,0.7648180494869237,0.6065371840342102,0.6235528694056154,-0.0983865797189356,-0.7758271106237343,-0.5313163907353988
38.9,19.6,2013.0,7.0,2.0,5.777777777777777,37.37007525453741,28.52921646746348,64.11509517485612,51.0938468348827,325.16368177116027,-0.4601635867578477,-0.0703927171040178,0.6016561388652499,0.3863407549531644,0.6770649043422208,0.5613656915949233,-0.3612432116184818,-0.0838301497202194
39.0,6.1,2013.0,7.0,2.0,5.777777777777777,37.37007525453741,28.52921646746348,64.11509517485612,51.0938468348827,325.16368177116027,-0.1804755303626765,-0.22534673577749692,1.1912238370342756,0.6488301993225039,1.7481242965484698,0.6777984881554467,0.10866396255170419,0.11993787126096342
39.0,6.5,2013.0,7.0,2.0,5.777777777777777,37.37007525453741,28.52921646746348,64.11509517485612,51.0938468348827,325.16368177116027,-1.7233976339803252,0.64999874708758,0.9632353527546949,0.7444122752482736,-0.37390778696850946,0.3485550619718264,-0.7120804411724577,0.5377941673071249
39.0,6.9,2013.0,7.0,2.0,5.777777777777777,37.37007525453741,28.52921646746348,64.11509517485612,51.0938468348827,325.16368177116027,-0.5441210840309684,-0.5039097386606077,0.6670254494577678,-1.0262191000385732,0.8541184699524665,0.8902131989821287,0.0921285646327677,-0.8287720197628012
39.0,10.5,2013.0,7.0,2.0,0.0,56.0,21.0,49.0,66.0,0.0,0.5598096125570335,-1.1980041866294613,0.5469664104350338,0.4697442626810967,0.4845378470231434,0.3551682707915007,0.0927784596169441,0.4063333605774114
39.0,13.2,2013.0,7.0,2.0,0.0,56.0,16.0,47.0,53.0,0.0,0.810304775004194,-0.5894473724606591,-1.1247646232949533,0.7385637993203019,0.7430740313242893,0.5133777388380195,-0.9708412133989164,-1.616688211422976
39.0,18.0,2013.0,7.0,2.0,6.0,36.5,28.5,85.5,56.0,0.0,0.2872423462455246,0.6059410568243695,0.35018619640328424,0.7367770103328573,-0.03790600817122011,0.5396323825389288,0.4929424959916488,-0.2010418164973748
39.1,6.0,2013.0,7.0,2.0,12.0,18.0,23.0,5.0,30.0,0.0,-1.5282397431165242,1.2804446790099835,1.043959027972196,-0.3034418007518852,1.5167707352044892,0.5100037689927849,0.4114241407103284,0.08582849671976933
39.1,8.4,2013.0,7.0,2.0,5.777777777777777,37.37007525453741,28.52921646746348,64.11509517485612,51.0938468348827,325.16368177116027,-0.4601635867578477,-0.0703927171040178,0.6016561388652499,0.3863407549531644,0.6770649043422208,0.5613656915949233,-0.3612432116184818,-0.0838301497202194
39.1,10.8,2013.0,7.0,2.0,0.0,56.0,19.0,48.0,65.0,0.0,0.5554550274151695,-1.1953875853927656,0.6655396145221419,0.551440147314609,1.0378823220872138,0.4413583772196373,-0.7758271106237343,-0.4575059664158433
39.1,11.6,2013.0,7.0,2.0,5.777777777777777,37.37007525453741,28.52921646746348,64.11509517485612,51.0938468348827,325.16368177116027,-0.9245967760176274,-0.290116382300247,0.15579124566062547,0.5150101808369518,0.6077269991994496,0.962389847451379,-1.7613377080907704,-0.03161045100247671
39.2,6.4,2013.0,7.0,2.0,12.0,18.0,23.0,5.0,32.0,0.0,-0.6826013273695746,0.47275722451056923,0.4714772487134489,0.9522159168161317,1.3377949157701456,1.0330624759566582,-0.21629689871111069,0.278461650411449
39.2,6.6,2013.0,7.0,2.0,12.0,18.0,23.0,5.0,33.0,0.0,-0.8597122918884741,0.9905493932018008,0.1043383890091173,0.6791890612119902,1.434841098590021,0.5300668880594201,-0.10776482582448677,-0.5580247610249859
39.2,6.8,2013.0,7.0,2.0,12.0,18.0,23.0,5.0,34.0,0.0,-0.6718634303296794,1.3383191061671231,0.7392282502555012,-0.3864101666577309,1.3561822752724577,-0.3021763589314094,-1.2145687870494999,-0.04083243283462018
39.2,9.4,2013.0,7.0,2.0,12.0,18.0,16.0,2.0,47.0,153.71666,-1.5257750162060977,1.1820088909618691,0.938061108799149,1.0117129492135533,2.0299794318724644,0.9550604351176728,-0.686237535969289,-0.5313163907353988
39.2,11.4,2013.0,7.0,2.0,0.0,56.0,16.0,47.0,62.0,0.0,0.5748177130574812,-0.786290755510363,1.3562327189686223,0.20965699273069804,0.8810678842426684,0.07955827138081772,-0.8077012433218804,0.11322955904159593
39.3,5.8,2013.0,7.0,2.0,5.777777777777777,37.37007525453741,28.52921646746348,64.11509517485612,51.0938468348827,325.16368177116027,-0.2756296667015915,0.4209966234727109,0.7846183736515665,0.32168873270873627,1.198578361708357,-0.17464196816404487,-0.12044806874121211,0.21023972679255348
39.3,7.5,2013.0,7.0,2.0,0.0,56.0,22.0,49.0,78.0,0.0,0.3515556967277703,-0.4721770628452515,0.13768900411419466,0.48037695226043214,1.4628840463163701,0.6762691636217437,0.9134165015293175,0.9049467907095716
39.3,10.6,2013.0,7.0,2.0,0.0,56.0,16.0,47.0,66.0,0.0,-0.5719968596040607,-1.79475201993358,0.0346235951381344,0.011584051170812515,1.951692380151678,-0.2628176370899267,-1.2011511993377626,-0.38287906084225265
39.3,12.3,2013.0,7.0,2.0,6.0,37.0,12.0,23.0,60.0,0.0,-0.4745718045341101,0.0399597005191235,0.5861415388803558,0.544157321705536,0.4506169410431853,0.1034281312935384,-0.0211763217055593,0.0464624901568593
39.3,18.4,2013.0,7.0,2.0,5.777777777777777,37.37007525453741,28.52921646746348,64.11509517485612,51.0938468348827,325.16368177116027,-0.4601635867578477,-0.0703927171040178,0.6016561388652499,0.3863407549531644,0.6770649043422208,0.5613656915949233,-0.3612432116184818,-0.0838301497202194
39.4,10.7,2013.0,7.0,2.0,12.0,18.0,16.0,2.0,54.0,0.0,-1.5528813880219112,2.1927989335951232,2.145376898817297,-0.06871812033917446,2.4363968029701715,0.13415399310481646,-0.7929068801322732,-0.5793100429528159
39.4,25.2,2013.0,7.0,2.0,5.777777777777777,37.37007525453741,28.52921646746348,64.11509517485612,51.0938468348827,325.16368177116027,-0.4601635867578477,-0.0703927171040178,0.6016561388652499,0.3863407549531644,0.6770649043422208,0.5613656915949233,-0.3612432116184818,-0.0838301497202194
39.5,5.9,2013.0,7.0,2.0,5.777777777777777,37.37007525453741,28.52921646746348,64.11509517485612,51.0938468348827,325.16368177116027,-0.2233649542112218,-0.4641418816783627,0.4027245366728212,0.2754362769943343,0.6220028419837398,0.1380045014141697,0.08805667443488457,-0.5387401537568678
39.5,6.5,2013.0,7.0,2.0,12.0,18.0,29.0,7.0,33.0,0.0,-2.2492038991511913,1.599532385068915,-0.1603248537797135,0.013705603976645386,1.419363115134319,0.32726836165600737,-0.8853053824043624,0.04497040353378401
39.5,6.7,2013.0,7.0,2.0,12.0,18.0,29.0,7.0,34.0,0.0,-0.853526195997989,1.0304489114022615,0.4425294289703063,-0.6429155785151457,0.7856792833638755,0.1533175277731259,-0.36041933309698504,-0.5619099750429128
39.5,6.9,2013.0,7.0,2.0,0.0,56.0,19.0,48.0,80.0,0.0,0.7823770218372361,-1.6460374893322198,0.5088746159898212,-0.2070731265317643,0.9773529211067735,0.9766180683758512,-0.6656144590393636,0.3579308494378327
39.5,7.5,2013.0,7.0,2.0,12.0,18.0,26.0,6.0,38.0,0.0,-1.0771033567114716,1.2088366659292669,0.6839092912382594,0.35834774657165447,1.2586731772475086,0.8624113692026845,-0.3962005699962056,-0.7263843121268809
39.5,11.5,2013.0,7.0,2.0,0.0,56.0,11.0,45.0,62.0,0.0,0.5425193220942146,-1.1878875408963872,0.7072862039775876,0.5977486946952366,0.7854747447059819,0.2434489998312305,-0.7758271106237343,-0.5313163907353988
39.5,13.1,2013.0,7.0,2.0,0.0,56.0,8.0,44.0,54.0,0.0,0.5318890476072492,-1.1695210792674475,0.7119789818538973,0.6096026168680556,0.7232014132226402,0.2395780064007104,-0.7758271106237343,-0.5313163907353988
39.5,18.0,2013.0,7.0,2.0,0.0,55.0,54.0,39.0,30.0,0.0,0.4926419329715834,-1.1162736703371512,0.5886848029418632,0.4836113892940556,-0.2141127443187501,-0.4419151894564864,0.7355879944849284,0.9521304419513662
39.5,24.3,2013.0,7.0,2.0,7.333333333333333,36.333333333333336,38.0,63.0,37.333333333333336,1.74771539,-0.8266480466898097,0.4220884027079077,0.976217958153788,0.726847885695613,1.579009171991397,1.0630760043429974,-0.6206611297273913,-0.5313163907353988
39.6,-2.6,2013.0,7.0,2.0,5.777777777777777,37.37007525453741,28.52921646746348,64.11509517485612,51.0938468348827,325.16368177116027,-0.4601635867578477,-0.0703927171040178,0.6016561388652499,0.3863407549531644,0.6770649043422208,0.5613656915949233,-0.3612432116184818,-0.0838301497202194
39.6,3.3,2013.0,7.0,2.0,0.0,56.0,22.0,49.0,89.0,69.64297,0.5892691590397974,-1.2847155243472488,0.5182216353918265,0.4645469166013716,1.3389255714892483,0.5814456454864085,-0.7758271106237343,-0.5313163907353988
39.6,5.3,2013.0,7.0,2.0,12.0,18.0,34.0,9.0,28.0,0.0,-1.5543133292424358,1.0495747081392257,0.7640627740776473,0.5618752166188619,2.4519212037079896,0.7994318508701466,-0.6731769954811506,-0.5313163907353988
39.6,6.1,2013.0,7.0,2.0,5.777777777777777,37.37007525453741,28.52921646746348,64.11509517485612,51.0938468348827,325.16368177116027,0.33070560266107313,0.45691103442552133,-0.0291039742510254,0.19759682856989774,1.9197904452358219,0.8695268102866379,0.011067072248345022,0.3095110395415726
39.6,7.3,2013.0,7.0,2.0,0.0,56.0,16.0,47.0,79.0,0.0,0.8962129665203951,-0.9837580510941456,1.3086959660417046,-0.2178457274831167,1.2771934131819944,-0.8431901326148632,-1.5350329036249442,0.6511360567585601
39.6,10.7,2013.0,7.0,2.0,0.0,56.0,11.0,45.0,66.0,0.0,-0.14092003167139433,-1.0734725595351293,-0.38814458324018986,1.1922440803403629,1.095771240841972,1.0237043018256713,-0.7985206159961928,-1.5573378439819403
39.6,11.1,2013.0,7.0,2.0,0.0,56.0,11.0,45.0,64.0,0.0,0.4130196748033661,-0.7023240893831045,0.8835178263956229,0.40906730770810795,0.9703892792000792,0.0952337426548581,-0.2525779193855787,-0.6812187706240473
39.6,22.3,2013.0,7.0,2.0,5.777777777777777,37.37007525453741,28.52921646746348,64.11509517485612,51.0938468348827,325.16368177116027,-0.4601635867578477,-0.0703927171040178,0.6016561388652499,0.3863407549531644,0.6770649043422208,0.5613656915949233,-0.3612432116184818,-0.0838301497202194
39.7,-3.0,2013.0,7.0,2.0,5.777777777777777,37.37007525453741,28.52921646746348,64.11509517485612,51.0938468348827,325.16368177116027,-0.4601635867578477,-0.0703927171040178,0.6016561388652499,0.3863407549531644,0.6770649043422208,0.5613656915949233,-0.3612432116184818,-0.0838301497202194
39.7,5.7,2013.0,7.0,2.0,12.0,18.0,34.0,9.0,30.0,0.0,-1.5493717633024988,1.062223443764705,0.666698710516917,0.4939172517349222,1.923360199131748,0.6020810392105617,-0.7367492310527801,-0.5313163907353988
39.7,10.6,2013.0,7.0,2.0,12.0,18.0,21.0,4.0,54.0,0.0,-1.0785983611533823,1.012811537607764,1.0865942064961929,0.3884761811333047,1.478290826282905,0.12157801503775145,-1.224521412528897,0.029645809702047665
39.7,11.2,2013.0,7.0,2.0,0.0,56.0,8.0,44.0,64.0,0.0,0.43079990868212903,-1.2978772098875346,0.5640262686985502,-0.22437047759190187,-0.14230611976620122,-0.2512587582914455,1.1233699895660232,0.2410618943281616
39.7,22.7,2013.0,7.0,2.0,10.0,37.0,35.0,32.0,5.0,304.79044,-1.5877965582386602,0.7578405663836162,1.0496807439515177,1.5212329470922756,0.2119543679625791,0.5675718163232649,-0.7758271106237343,-0.5313163907353988
39.8,11.0,2013.0,7.0,2.0,5.777777777777777,37.37007525453741,28.52921646746348,64.11509517485612,51.0938468348827,325.16368177116027,-1.19546002553217,0.4222823896055339,-0.24724808320847402,0.3770386770238827,1.3507664468609988,0.7411663005018367,0.01254213863738779,-0.34207411953994254
39.8,13.3,2013.0,7.0,2.0,5.777777777777777,37.37007525453741,28.52921646746348,64.11509517485612,51.0938468348827,325.16368177116027,-0.4601635867578477,-0.0703927171040178,0.6016561388652499,0.3863407549531644,0.6770649043422208,0.5613656915949233,-0.3612432116184818,-0.0838301497202194
39.9,2.3,2013.0,7.0,2.0,5.777777777777777,37.37007525453741,28.52921646746348,64.11509517485612,51.0938468348827,325.16368177116027,-0.4601635867578477,-0.0703927171040178,0.6016561388652499,0.3863407549531644,0.6770649043422208,0.5613656915949233,-0.3612432116184818,-0.0838301497202194
39.9,3.2,2013.0,7.0,2.0,5.777777777777777,37.37007525453741,28.52921646746348,64.11509517485612,51.0938468348827,325.16368177116027,-0.4601635867578477,-0.0703927171040178,0.6016561388652499,0.3863407549531644,0.6770649043422208,0.5613656915949233,-0.3612432116184818,-0.0838301497202194
39.9,4.7,2013.0,7.0,2.0,5.777777777777777,37.37007525453741,28.52921646746348,64.11509517485612,51.0938468348827,325.16368177116027,-0.4601635867578477,-0.0703927171040178,0.6016561388652499,0.3863407549531644,0.6770649043422208,0.5613656915949233,-0.3612432116184818,-0.0838301497202194
39.9,6.0,2013.0,7.0,2.0,0.0,56.0,14.0,46.0,83.0,0.0,0.569432324465067,-1.253832785439274,0.6590251123586586,0.4820221448744018,2.611979283986126,0.8762388089292965,0.4721144836475066,-0.122754706739601
39.9,6.3,2013.0,7.0,2.0,0.0,56.0,14.0,46.0,82.0,0.0,1.5043028993975902,-1.489576289738745,-0.024102569270241403,0.4940892934069584,2.5071030213864614,0.9914649949974732,0.3718586107135318,0.8124031617468235
39.9,7.0,2013.0,7.0,2.0,5.777777777777777,37.37007525453741,28.52921646746348,64.11509517485612,51.0938468348827,325.16368177116027,-1.794736411551201,-0.1430136995964359,0.032434758248894635,0.07281518225167616,1.5595857376465012,0.5611480972910623,-0.04064117366944553,-0.09848751324233111
39.9,8.6,2013.0,7.0,2.0,12.0,18.0,29.0,7.0,44.0,2.5493422,-1.5212177989365163,1.146089239136771,1.3302474318881423,1.4716417378387363,0.1015502962732393,0.2148546309262778,-0.7758271106237343,-0.5313163907353988
39.9,10.8,2013.0,7.0,2.0,0.0,56.0,5.0,43.0,66.0,0.0,0.43078358675008394,-0.7251953418916213,0.09221277072192835,0.07922746936937591,0.8512412200886689,0.5448981841306969,1.2527191685697523,0.7918472595076113
39.9,11.1,2013.0,7.0,2.0,12.0,18.0,24.0,5.0,57.0,0.0,-1.5129091456994952,1.9715812245754054,0.738489605740428,-0.3529750836332747,1.462053062488813,0.31235048998333426,-0.3996993886627643,-0.39691865692591033
39.9,12.7,2013.0,7.0,2.0,5.777777777777777,37.37007525453741,28.52921646746348,64.11509517485612,51.0938468348827,325.16368177116027,-0.4601635867578477,-0.0703927171040178,0.6016561388652499,0.3863407549531644,0.6770649043422208,0.5613656915949233,-0.3612432116184818,-0.0838301497202194
39.9,18.1,2013.0,7.0,2.0,5.777777777777777,37.37007525453741,28.52921646746348,64.11509517485612,51.0938468348827,325.16368177116027,-0.6357403582307541,-0.7650826796849092,0.5103937752640599,0.7920024982183849,0.8317590498325234,0.5513728742209354,-0.6515303444490801,-0.505835948830319
39.9,22.1,2013.0,7.0,2.0,12.0,18.0,6.0,133.0,92.0,596.6103,-1.3527144182046442,1.449713967578728,0.8933739804169174,1.5008400663354018,-0.2553892796471652,-0.2747398291615073,-0.4341697317888542,0.2636272167426651
40.0,0.0,2013.0,7.0,2.0,12.0,18.0,58.0,18.0,11.0,14.570267,-1.5761577514301452,0.8611238550347794,0.9893100699371792,1.143071914418366,0.7281318085262868,1.1597036182009577,-0.7758271106237343,-0.5313163907353988
40.0,1.6,2013.0,7.0,2.0,5.777777777777777,37.37007525453741,28.52921646746348,64.11509517485612,51.0938468348827,325.16368177116027,-0.20158187679095585,-0.5269381350383572,0.5639284323891228,-0.5030840398995566,0.32930578297124596,0.7562153832241558,-0.24817148386824384,-0.4023157749441884
40.0,1.8,2013.0,7.0,2.0,12.0,18.0,52.0,16.0,16.0,0.0,-1.0357669861574257,1.742807440011059,1.8528309072976938,0.8783306564585847,0.6935497826082492,1.629013197692382,1.8179806275446555,0.11761205134566743
40.0,6.6,2013.0,7.0,2.0,5.777777777777777,37.37007525453741,28.52921646746348,64.11509517485612,51.0938468348827,325.16368177116027,-1.2247749460096904,-0.12287270482335665,0.3023140756090431,-0.4692153890671665,0.9441136442401998,0.871079793523761,-0.2156068590465766,-0.43791963151761965
40.0,14.2,2013.0,7.0,2.0,5.777777777777777,37.37007525453741,28.52921646746348,64.11509517485612,51.0938468348827,325.16368177116027,-0.4601635867578477,-0.0703927171040178,0.6016561388652499,0.3863407549531644,0.6770649043422208,0.5613656915949233,-0.3612432116184818,-0.0838301497202194
40.0,16.5,2013.0,7.0,2.0,5.777777777777777,37.37007525453741,28.52921646746348,64.11509517485612,51.0938468348827,325.16368177116027,-0.39006497342543706,-0.06447197355487533,0.6807082296693436,1.7686710642558001,-0.9539088472922461,0.6414655947747632,0.5021737808324036,-0.060497498345888294
40.0,23.8,2013.0,7.0,2.0,5.777777777777777,37.37007525453741,28.52921646746348,64.11509517485612,51.0938468348827,325.16368177116027,-0.4601635867578477,-0.0703927171040178,0.6016561388652499,0.3863407549531644,0.6770649043422208,0.5613656915949233,-0.3612432116184818,-0.0838301497202194
40.0,28.5,2013.0,7.0,2.0,5.777777777777777,37.37007525453741,28.52921646746348,64.11509517485612,51.0938468348827,325.16368177116027,-0.4601635867578477,-0.0703927171040178,0.6016561388652499,0.3863407549531644,0.6770649043422208,0.5613656915949233,-0.3612432116184818,-0.0838301497202194
40.1,-4.4,2013.0,7.0,2.0,5.777777777777777,37.37007525453741,28.52921646746348,64.11509517485612,51.0938468348827,325.16368177116027,-0.4601635867578477,-0.0703927171040178,0.6016561388652499,0.3863407549531644,0.6770649043422208,0.5613656915949233,-0.3612432116184818,-0.0838301497202194
40.1,-1.6,2013.0,7.0,2.0,5.777777777777777,37.37007525453741,28.52921646746348,64.11509517485612,51.0938468348827,325.16368177116027,-0.4601635867578477,-0.0703927171040178,0.6016561388652499,0.3863407549531644,0.6770649043422208,0.5613656915949233,-0.3612432116184818,-0.0838301497202194
40.1,-0.4,2013.0,7.0,2.0,0.0,56.0,17.0,47.0,95.0,684.6606,0.5816910646900038,-0.8505258937524527,-0.08523102139374847,0.853429705231714,1.1578354585355202,0.25839373882773464,-0.6787280797272266,-0.042440728843770925
40.1,1.2,2013.0,7.0,2.0,5.777777777777777,37.37007525453741,28.52921646746348,64.11509517485612,51.0938468348827,325.16368177116027,-0.4601635867578477,-0.0703927171040178,0.6016561388652499,0.3863407549531644,0.6770649043422208,0.5613656915949233,-0.3612432116184818,-0.0838301497202194
40.1,4.4,2013.0,7.0,2.0,12.0,18.0,45.0,13.0,25.0,0.0,-1.5511926534221248,1.0125674480560336,0.9462211043209788,0.7617905359936723,3.233483142774928,1.4037026179394283,-0.2075798242945147,-0.5313163907353988
40.1,5.1,2013.0,7.0,2.0,12.0,18.0,42.0,12.0,28.0,0.0,-1.1145855228898807,1.844837652429835,0.802179173813575,0.8849343884701482,2.277476564199672,1.535664672946142,-0.35252250501133575,-0.04570896676189151
40.1,6.3,2013.0,7.0,2.0,5.777777777777777,37.37007525453741,28.52921646746348,64.11509517485612,51.0938468348827,325.16368177116027,-0.050571312965539905,0.43656276112894504,0.8106299582585129,-0.34858548323279265,1.3826826201684708,0.8781247891893567,0.6518907097970665,0.056515164188626316
40.1,7.1,2013.0,7.0,2.0,6.0,37.0,22.5,27.0,58.5,0.0,-0.6515574829177213,0.36271180906550493,0.835820744090068,-0.09360124373531609,0.40636877275056577,-0.4628869694503879,0.3471677532353843,0.4012875620114924
40.1,10.7,2013.0,7.0,2.0,5.777777777777777,37.37007525453741,28.52921646746348,64.11509517485612,51.0938468348827,325.16368177116027,0.3464648120356513,0.8038149892695153,0.8979185382334365,-0.0019490660533333926,1.2455518427723442,0.9202348804300462,0.35684360328558823,-0.10719571742681713
40.1,13.9,2013.0,7.0,2.0,12.0,18.0,21.0,4.0,70.0,0.0,-1.4587549358548568,1.2799490755946707,1.0191545259762935,0.7674069968365049,2.533884940015419,0.968030211443476,-0.1637798225191559,-0.5313163907353988
40.1,15.5,2013.0,7.0,2.0,0.0,55.0,52.0,38.0,43.0,230.0836,0.5019889294219554,-1.1452498259584472,0.5625623441196627,0.0898801220391718,0.4072264327299247,0.7013111662313787,-0.7150318560657116,-0.2664986895278267
40.1,16.6,2013.0,7.0,2.0,5.777777777777777,37.37007525453741,28.52921646746348,64.11509517485612,51.0938468348827,325.16368177116027,-0.6347851207384678,3.540136504792679e-05,0.46996267955544135,0.8350311848431887,1.2773183113984494,-0.12886462723442604,-1.1483243281235904,-0.1609736744715583
40.1,18.2,2013.0,7.0,2.0,0.0,55.0,43.0,35.0,30.0,94.92308,0.5242704704059079,-1.375639482411866,1.3548746789877264,0.5321899877352054,2.287191852596695,-1.0870370828524911,1.4276714086214504,-0.6515530519834721
40.1,18.6,2013.0,7.0,2.0,5.777777777777777,37.37007525453741,28.52921646746348,64.11509517485612,51.0938468348827,325.16368177116027,-0.4601635867578477,-0.0703927171040178,0.6016561388652499,0.3863407549531644,0.6770649043422208,0.5613656915949233,-0.3612432116184818,-0.0838301497202194
40.1,20.2,2013.0,7.0,2.0,0.0,55.0,38.0,33.0,22.0,639.75543,0.4632849588101587,-1.094582870959821,0.3677113588649607,-0.2136163019981401,0.0705190771297507,-0.1641818692627243,-0.7758271106237343,-0.5313163907353988
40.1,20.6,2013.0,7.0,2.0,5.777777777777777,37.37007525453741,28.52921646746348,64.11509517485612,51.0938468348827,325.16368177116027,-0.4601635867578477,-0.0703927171040178,0.6016561388652499,0.3863407549531644,0.6770649043422208,0.5613656915949233,-0.3612432116184818,-0.0838301497202194
40.1,21.4,2013.0,7.0,2.0,6.0,36.5,22.0,15.5,54.5,745.6892150000001,-0.4538003254133549,0.1753240044936653,0.4682601670681448,0.4756946425114932,-0.2953073791864112,-0.4100267684372753,-0.6476905884505986,-0.1715507918685311
40.2,-0.4,2013.0,7.0,2.0,0.0,56.0,14.0,46.0,95.0,1000.43945,-0.4104420420388475,-0.9457264241388437,-0.40790172042543127,0.3639488147356355,1.7980431964709451,-0.09568049852287652,-0.2800059168403509,-0.125914257269166
40.2,2.4,2013.0,7.0,2.0,12.0,18.0,53.0,16.0,18.0,0.0,-1.561348878046673,0.9444879792919698,0.873772065961482,0.7901675933649404,2.3791477141896564,1.4801603095139204,0.5525388940426617,-0.1114575743143477
40.2,3.9,2013.0,7.0,2.0,0.0,56.0,11.0,45.0,88.0,0.0,0.5740099504088118,-1.2790557787682386,0.5774694666310354,0.4924184521196401,2.189637750369224,0.8366027971464932,0.6190272622636988,0.047627694218617
40.2,6.7,2013.0,7.0,2.0,0.0,56.0,8.0,44.0,81.0,0.0,0.9904387374946084,-1.2054155123280637,0.039326729387593407,0.5060017176460825,1.7795722431143277,0.36097790714204137,1.2247604260629115,-0.09412592841416317
40.2,7.5,2013.0,7.0,2.0,12.0,18.0,37.0,10.0,39.0,0.0,-1.525497537580042,1.108552587236512,0.6068879473393228,0.4772996340176215,1.1194832557213557,0.3570183405736664,-0.7758271106237343,-0.5313163907353988
40.2,8.5,2013.0,7.0,2.0,5.777777777777777,37.37007525453741,28.52921646746348,64.11509517485612,51.0938468348827,325.16368177116027,-0.4601635867578477,-0.0703927171040178,0.6016561388652499,0.3863407549531644,0.6770649043422208,0.5613656915949233,-0.3612432116184818,-0.0838301497202194
40.2,11.8,2013.0,7.0,2.0,12.0,18.0,27.0,6.0,61.0,0.0,-1.4813575424917271,1.228811984846361,0.7649288232136185,0.6391191172658104,1.2129236750693528,0.0529238718037192,-0.7217689722622764,-0.5313163907353988
40.2,19.8,2013.0,7.0,2.0,12.0,18.0,14.0,1.0,88.0,836.3764,-1.3144559961904272,1.5722946771097794,1.7270208817386883,0.9730108447120185,-1.383900041795549,-0.8330092528934306,-0.6967070369898962,-1.0546613273399188
40.2,22.5,2013.0,7.0,2.0,5.777777777777777,37.37007525453741,28.52921646746348,64.11509517485612,51.0938468348827,325.16368177116027,-0.4601635867578477,-0.0703927171040178,0.6016561388652499,0.3863407549531644,0.6770649043422208,0.5613656915949233,-0.3612432116184818,-0.0838301497202194
40.2,27.3,2013.0,7.0,2.0,5.777777777777777,37.37007525453741,28.52921646746348,64.11509517485612,51.0938468348827,325.16368177116027,-0.4601635867578477,-0.0703927171040178,0.6016561388652499,0.3863407549531644,0.6770649043422208,0.5613656915949233,-0.3612432116184818,-0.0838301497202194
40.3,1.9,2013.0,7.0,2.0,5.777777777777777,37.37007525453741,28.52921646746348,64.11509517485612,51.0938468348827,325.16368177116027,-0.09790682301858461,-0.10640840932034372,1.2810734317302792,0.38001863598845875,0.3996611651591081,1.0627319857230877,-0.3518861667927363,-0.21288492051392982
40.3,2.8,2013.0,7.0,2.0,5.777777777777777,37.37007525453741,28.52921646746348,64.11509517485612,51.0938468348827,325.16368177116027,-1.3823991807726292,1.1233101013825824,0.6195011260056063,1.2098293729554204,0.6747246695665455,0.9898065893180945,0.6483279335765684,-0.08136389093246368
40.3,5.1,2013.0,7.0,2.0,5.777777777777777,37.37007525453741,28.52921646746348,64.11509517485612,51.0938468348827,325.16368177116027,-0.11076007930683812,-0.029520835242362632,1.173415128568249,-0.07907472897839529,0.8150723793103233,0.9723598481571094,-0.0697811629261002,-0.045981077461570395
40.3,6.7,2013.0,7.0,2.0,5.777777777777777,37.37007525453741,28.52921646746348,64.11509517485612,51.0938468348827,325.16368177116027,-0.18796880281363648,0.283140929881645,0.3515537777547762,0.38373989308876383,0.9732113876080197,0.7878196533057876,-0.6624763549957793,0.6940355519434885
40.3,11.5,2013.0,7.0,2.0,5.777777777777777,37.37007525453741,28.52921646746348,64.11509517485612,51.0938468348827,325.16368177116027,-0.4601635867578477,-0.0703927171040178,0.6016561388652499,0.3863407549531644,0.6770649043422208,0.5613656915949233,-0.3612432116184818,-0.0838301497202194
40.3,16.7,2013.0,7.0,2.0,5.777777777777777,37.37007525453741,28.52921646746348,64.11509517485612,51.0938468348827,325.16368177116027,0.18808866550303777,-0.201304673434415,-0.4800529744432238,-0.23502700359488088,0.3965376339684628,0.824322728844509,-0.7504719029224483,-0.0345449241827056
40.3,17.8,2013.0,7.0,2.0,5.777777777777777,37.37007525453741,28.52921646746348,64.11509517485612,51.0938468348827,325.16368177116027,-0.4601635867578477,-0.0703927171040178,0.6016561388652499,0.3863407549531644,0.6770649043422208,0.5613656915949233,-0.3612432116184818,-0.0838301497202194
40.3,19.7,2013.0,7.0,2.0,0.0,55.0,35.0,32.0,24.0,759.5274,0.3433267241485459,-1.3640495590256132,0.2448622552632194,1.0812916349619834,0.4727949638596288,0.43084217780928336,1.6062962674867232,1.6737804754378365
40.4,-3.5,2013.0,7.0,2.0,5.777777777777777,37.37007525453741,28.52921646746348,64.11509517485612,51.0938468348827,325.16368177116027,-0.4601635867578477,-0.0703927171040178,0.6016561388652499,0.3863407549531644,0.6770649043422208,0.5613656915949233,-0.3612432116184818,-0.0838301497202194
40.4,-1.5,2013.0,7.0,2.0,12.0,19.0,11.0,23.0,8.0,1357.322,-1.570222133189097,0.8029996754386018,0.9913724753214416,1.4826622757427093,0.1195689174414101,0.4886812491011633,-0.2261989174521047,-0.3248932758275676
40.4,5.4,2013.0,7.0,2.0,5.777777777777777,37.37007525453741,28.52921646746348,64.11509517485612,51.0938468348827,325.16368177116027,-0.4601635867578477,-0.0703927171040178,0.6016561388652499,0.3863407549531644,0.6770649043422208,0.5613656915949233,-0.3612432116184818,-0.0838301497202194
40.4,6.6,2013.0,7.0,2.0,5.777777777777777,37.37007525453741,28.52921646746348,64.11509517485612,51.0938468348827,325.16368177116027,-1.0156490728974263,0.00951496807512614,0.5103939475025125,-0.383457366756141,2.1427269853197686,0.926505687352221,-0.9866984168170305,-0.45579517195323754
40.4,7.2,2013.0,7.0,2.0,5.777777777777777,37.37007525453741,28.52921646746348,64.11509517485612,51.0938468348827,325.16368177116027,-0.22020611207979682,-0.3086216654976214,1.183555969479762,-0.8030890033815257,0.9028682809607891,0.40560376168416223,-0.23546314720726605,0.3389339563893593
40.4,10.6,2013.0,7.0,2.0,5.777777777777777,37.37007525453741,28.52921646746348,64.11509517485612,51.0938468348827,325.16368177116027,-0.957817482096277,-0.18090821683426614,0.3702155763413614,0.16246170283593916,1.5961088038667457,1.5078935254924482,-1.025249014417476,-0.766833772954994
40.4,10.8,2013.0,7.0,2.0,5.777777777777777,37.37007525453741,28.52921646746348,64.11509517485612,51.0938468348827,325.16368177116027,0.043566411365355606,-0.3936677463714453,-0.17497968269532183,0.21890375629992195,0.8769464591292369,0.8931228532622836,-0.35618400486328694,0.6056587049698173
40.4,18.3,2013.0,7.0,2.0,0.0,55.0,38.0,33.0,30.0,2.5546668,0.4726490359543507,-1.1152083490329874,0.7649247950781011,0.4437639926256475,1.00098481251115,-0.1951410850447671,-0.7321644308483998,-0.1379181727283027
40.4,20.3,2013.0,7.0,2.0,0.0,55.0,33.0,31.0,22.0,746.4433,0.4566536824791332,-1.0941513724720409,0.2084690915729742,-0.4418489205699017,-0.051428631412975,-0.3506177123068041,-0.7758271106237343,-0.5313163907353988
40.5,0.1,2013.0,7.0,2.0,5.777777777777777,37.37007525453741,28.52921646746348,64.11509517485612,51.0938468348827,325.16368177116027,-0.4601635867578477,-0.0703927171040178,0.6016561388652499,0.3863407549531644,0.6770649043422208,0.5613656915949233,-0.3612432116184818,-0.0838301497202194
40.5,1.8,2013.0,7.0,2.0,0.0,56.0,9.0,44.0,92.0,0.0,0.681097001741646,-0.7320557242133173,0.8923946919819459,0.6085338489553873,2.914102301275795,1.801809816633843,-0.7976433440300722,-0.4174054872764261
40.5,2.7,2013.0,7.0,2.0,5.777777777777777,37.37007525453741,28.52921646746348,64.11509517485612,51.0938468348827,325.16368177116027,-0.5494763561071899,0.47587061748927445,0.9882282716687132,0.9043357123379387,0.756400501629059,0.42694922138849345,-0.06832423122962411,0.6715542513986974
40.5,5.8,2013.0,7.0,2.0,12.0,18.0,47.0,14.0,32.0,0.0,-1.5315237826765575,1.0536270822940574,0.6179975450928498,0.4786999133995723,2.1748923233540145,0.8571447490536686,-0.1422089243321133,-0.4140408327654848
40.5,6.6,2013.0,7.0,2.0,5.777777777777777,37.37007525453741,28.52921646746348,64.11509517485612,51.0938468348827,325.16368177116027,-0.3450979331220704,-0.603310018320985,1.023790668870812,0.6773856100023199,1.0972726184822048,0.03541099968580219,0.4975234789250998,-0.7209223315045558
40.5,7.4,2013.0,7.0,2.0,5.777777777777777,37.37007525453741,28.52921646746348,64.11509517485612,51.0938468348827,325.16368177116027,-0.58397649090362,-0.32211031466291945,-0.08036388170521647,-0.09478694157629386,1.3918236643433906,0.6274638111428743,0.19954089277291726,-0.1135710455803571
40.5,7.6,2013.0,7.0,2.0,5.777777777777777,37.37007525453741,28.52921646746348,64.11509517485612,51.0938468348827,325.16368177116027,-0.8596621706271796,-0.11139446093491695,1.482764849794252,0.2787218384978069,0.46399931527326493,0.03877520316922922,-0.6311338011084504,0.340277722853448
40.5,12.4,2013.0,7.0,2.0,5.777777777777777,37.37007525453741,28.52921646746348,64.11509517485612,51.0938468348827,325.16368177116027,-0.4601635867578477,-0.0703927171040178,0.6016561388652499,0.3863407549531644,0.6770649043422208,0.5613656915949233,-0.3612432116184818,-0.0838301497202194
40.5,22.7,2013.0,7.0,2.0,12.0,18.0,17.0,2.0,93.0,43.039402,-1.3364558677673648,1.4471560581827336,0.968242921187742,1.4064326489733456,-0.4566986775765642,-0.3493535761496469,-0.4475985300660646,0.2659270249081625
40.6,6.3,2013.0,7.0,2.0,5.777777777777777,37.37007525453741,28.52921646746348,64.11509517485612,51.0938468348827,325.16368177116027,-0.4601635867578477,-0.0703927171040178,0.6016561388652499,0.3863407549531644,0.6770649043422208,0.5613656915949233,-0.3612432116184818,-0.0838301497202194
40.6,11.5,2013.0,7.0,2.0,12.0,18.0,35.0,9.0,60.0,0.0,-1.9908909909637682,1.8691679370609726,0.6738549663139738,0.43002501576298036,1.1378120009697992,-0.11582694942100816,-0.9547008231052148,-0.7672267381017916
40.7,7.3,2013.0,7.0,2.0,5.777777777777777,37.37007525453741,28.52921646746348,64.11509517485612,51.0938468348827,325.16368177116027,-0.37539061883668773,0.7707981148623091,1.3628867981638222,0.25653577351800283,1.0752457790645298,0.8411855081740618,-0.2834834863186045,0.300719626371029
40.7,10.6,2013.0,7.0,2.0,12.0,18.0,37.0,10.0,56.0,0.0,-1.7047803085750242,1.6306303023159785,1.589660056688147,0.8135027906441664,2.0527543800457906,0.09230985516256188,1.151992060290822,-0.18408768773734324
40.7,10.9,2013.0,7.0,2.0,5.777777777777777,37.37007525453741,28.52921646746348,64.11509517485612,51.0938468348827,325.16368177116027,-0.4601635867578477,-0.0703927171040178,0.6016561388652499,0.3863407549531644,0.6770649043422208,0.5613656915949233,-0.3612432116184818,-0.0838301497202194
40.8,2.8,2013.0,7.0,2.0,5.777777777777777,37.37007525453741,28.52921646746348,64.11509517485612,51.0938468348827,325.16368177116027,-0.4601635867578477,-0.0703927171040178,0.6016561388652499,0.3863407549531644,0.6770649043422208,0.5613656915949233,-0.3612432116184818,-0.0838301497202194
40.8,5.5,2013.0,7.0,2.0,12.0,18.0,53.0,16.0,31.0,0.0,-2.305517128709253,1.2082289430952804,0.49189804539151283,0.031893668607864634,1.195423810279624,0.9352884807031248,-1.178088173814995,-0.31672770355603186
40.8,6.5,2013.0,7.0,2.0,0.0,55.0,58.0,40.0,82.0,0.0,0.2497597067094936,-1.8065307086782654,1.074808706271222,-0.3023428452531176,2.61135509864649,0.8753075132636203,0.7188711097934176,-0.3995133310238723
40.8,6.7,2013.0,7.0,2.0,5.777777777777777,37.37007525453741,28.52921646746348,64.11509517485612,51.0938468348827,325.16368177116027,-1.1239225742312196,0.19223302426457878,0.8504977844439445,0.5352571558730571,-0.08715216530066283,0.29039939931770553,-0.07848666640832136,-0.2511286134502563
40.8,7.5,2013.0,7.0,2.0,5.777777777777777,37.37007525453741,28.52921646746348,64.11509517485612,51.0938468348827,325.16368177116027,-0.30498307121543206,-0.9195544843854419,0.5726045776516879,0.4437019866942751,0.9028735472597471,-0.03233388202321552,-0.0369859723154789,-0.631380698310149
40.8,10.3,2013.0,7.0,2.0,0.0,55.0,52.0,38.0,69.0,0.0,0.40805929790385387,-1.9150023938996257,0.48366236607998414,0.4486362560614926,1.7926945594613224,-1.5899565261859974,0.8516193008068564,1.4474340201969813
40.8,10.5,2013.0,7.0,2.0,0.0,55.0,52.0,38.0,68.0,0.0,0.6761615863039602,-1.588859843652449,0.911132411263291,0.8361641470352427,2.3969902450909975,0.41883859900896997,-0.7080405502636843,-0.678625518001601
40.8,11.6,2013.0,7.0,2.0,12.0,18.0,37.0,10.0,61.0,0.0,-1.3235695419127147,0.8992081409759314,0.6342600651788595,-0.10559889156123625,0.12213228911401036,0.07224155878364577,-0.0981238966233657,-0.10922529110762963
40.8,16.4,2013.0,7.0,2.0,5.777777777777777,37.37007525453741,28.52921646746348,64.11509517485612,51.0938468348827,325.16368177116027,-0.4225091329665156,-0.44559738774576313,0.4162297641536681,0.79491096945282,0.7044471282823317,0.5091364537395274,-0.33032028526607504,0.09602916683275506
40.8,16.6,2013.0,7.0,2.0,5.777777777777777,37.37007525453741,28.52921646746348,64.11509517485612,51.0938468348827,325.16368177116027,-0.1003693951113378,-0.1997574736792303,1.6405963420347964,1.7496030071407265,1.067988864838344,0.9603596857746717,-1.2043005106713713,0.5254609589589861
40.8,19.8,2013.0,7.0,2.0,5.777777777777777,37.37007525453741,28.52921646746348,64.11509517485612,51.0938468348827,325.16368177116027,-0.4601635867578477,-0.0703927171040178,0.6016561388652499,0.3863407549531644,0.6770649043422208,0.5613656915949233,-0.3612432116184818,-0.0838301497202194
40.8,21.6,2013.0,7.0,2.0,5.777777777777777,37.37007525453741,28.52921646746348,64.11509517485612,51.0938468348827,325.16368177116027,-0.4601635867578477,-0.0703927171040178,0.6016561388652499,0.3863407549531644,0.6770649043422208,0.5613656915949233,-0.3612432116184818,-0.0838301497202194
40.8,22.9,2013.0,7.0,2.0,5.777777777777777,37.37007525453741,28.52921646746348,64.11509517485612,51.0938468348827,325.16368177116027,-0.4601635867578477,-0.0703927171040178,0.6016561388652499,0.3863407549531644,0.6770649043422208,0.5613656915949233,-0.3612432116184818,-0.0838301497202194
40.9,3.3,2013.0,7.0,2.0,12.0,19.0,1.0,19.0,22.0,0.0,-1.5421468281731068,0.96700479426561,0.6777700409830398,0.5467475155449895,1.888115541097049,1.471137896081327,-0.7036956137711284,-0.4227211491582777
40.9,4.4,2013.0,7.0,2.0,5.777777777777777,37.37007525453741,28.52921646746348,64.11509517485612,51.0938468348827,325.16368177116027,-0.4601635867578477,-0.0703927171040178,0.6016561388652499,0.3863407549531644,0.6770649043422208,0.5613656915949233,-0.3612432116184818,-0.0838301497202194
40.9,6.0,2013.0,7.0,2.0,5.777777777777777,37.37007525453741,28.52921646746348,64.11509517485612,51.0938468348827,325.16368177116027,0.45821623652769533,-1.0390524334674127,1.2083430736466578,0.3970083116638329,0.836020216679539,0.8710403639337794,-0.231236399053784,0.9753745715685853
40.9,6.2,2013.0,7.0,2.0,5.777777777777777,37.37007525453741,28.52921646746348,64.11509517485612,51.0938468348827,325.16368177116027,-0.3338565326415259,-0.05667077562489312,1.1874405266539432,0.35467673359209523,0.5831280449238652,0.8123024689376148,-0.5318067754209043,0.355951108779838
40.9,7.1,2013.0,7.0,2.0,5.777777777777777,37.37007525453741,28.52921646746348,64.11509517485612,51.0938468348827,325.16368177116027,-0.45127607408999226,-0.5302209737493934,1.0805037536107305,0.06344630902928988,0.7182071738077737,1.1750021559965265,0.21246031417772054,-0.2331896280011217
40.9,8.7,2013.0,7.0,2.0,5.777777777777777,37.37007525453741,28.52921646746348,64.11509517485612,51.0938468348827,325.16368177116027,-0.4601635867578477,-0.0703927171040178,0.6016561388652499,0.3863407549531644,0.6770649043422208,0.5613656915949233,-0.3612432116184818,-0.0838301497202194
40.9,11.2,2013.0,7.0,2.0,12.0,18.0,40.0,11.0,59.0,0.0,-1.622695168124256,1.566135051979642,-0.007136077430773602,-0.0752364601422505,1.5338237251884443,0.20795409222596628,-0.3259983818767356,-1.0512680249871005
40.9,11.9,2013.0,7.0,2.0,0.0,55.0,47.0,36.0,62.0,0.0,0.5122815351218045,-1.1873396399909988,0.7278317091776846,0.53071859659899,0.9561954019567004,0.4987282644376298,0.7747527276828026,0.174190788502956
40.9,22.3,2013.0,7.0,2.0,0.0,55.0,16.0,25.0,16.0,653.74927,-0.22509192245737797,-0.942845514708325,-0.2136317780263226,-0.4594574098366593,-0.01124580940412185,-0.6827721581583641,-0.969603296583838,-0.7741863073689894
41.0,0.1,2013.0,7.0,2.0,5.777777777777777,37.37007525453741,28.52921646746348,64.11509517485612,51.0938468348827,325.16368177116027,-0.4601635867578477,-0.0703927171040178,0.6016561388652499,0.3863407549531644,0.6770649043422208,0.5613656915949233,-0.3612432116184818,-0.0838301497202194
41.0,0.8,2013.0,7.0,2.0,5.777777777777777,37.37007525453741,28.52921646746348,64.11509517485612,51.0938468348827,325.16368177116027,-0.4601635867578477,-0.0703927171040178,0.6016561388652499,0.3863407549531644,0.6770649043422208,0.5613656915949233,-0.3612432116184818,-0.0838301497202194
41.0,4.9,2013.0,7.0,2.0,5.777777777777777,37.37007525453741,28.52921646746348,64.11509517485612,51.0938468348827,325.16368177116027,-1.2298033114991227,-0.66724347751536,1.4360191864487875,0.5437233309017457,1.7307878764600402,0.5594261726709127,-0.37831733308845894,0.4438391099149257
41.0,5.5,2013.0,7.0,2.0,12.0,18.0,55.0,17.0,31.0,0.0,-1.5015612854324267,1.3258581877842628,1.0998452700112176,0.020117525516328727,1.9831550867114387,0.06938607186621004,-0.8170140107887223,-0.7453006836632355
41.0,10.9,2013.0,7.0,2.0,0.0,55.0,47.0,36.0,67.0,0.0,0.5170615948368221,-1.2000574320560071,0.9002177826588499,0.6144502968737376,2.370783138903731,0.7070109867436916,0.2208616597148535,-0.3717432998528414
41.0,22.0,2013.0,7.0,2.0,5.777777777777777,37.37007525453741,28.52921646746348,64.11509517485612,51.0938468348827,325.16368177116027,-0.4601635867578477,-0.0703927171040178,0.6016561388652499,0.3863407549531644,0.6770649043422208,0.5613656915949233,-0.3612432116184818,-0.0838301497202194
41.1,5.0,2013.0,7.0,2.0,0.0,55.0,55.0,39.0,86.0,0.0,1.4894191684103133,-0.45141360817340315,0.7734897866149327,-0.4015973902369276,2.241675145522855,1.1334265661364018,0.1832455170303176,-1.0046988503756964
41.1,6.5,2013.0,7.0,2.0,12.0,18.0,55.0,17.0,36.0,0.0,-1.5145088550377217,1.064344322798278,0.5480016412626796,0.4232499804343471,1.6633445767791577,0.4068225683760451,-0.7758271106237343,-0.5313163907353988
41.1,7.2,2013.0,7.0,2.0,5.777777777777777,37.37007525453741,28.52921646746348,64.11509517485612,51.0938468348827,325.16368177116027,0.04044908224910598,-0.6642079957284504,0.5754651442154186,0.13188419305470261,0.3677180600208828,1.2470704890058424,-0.6275642655816449,0.027707120456099188
41.1,11.3,2013.0,7.0,2.0,6.0,36.5,43.5,23.5,62.5,0.0,0.4169380315491632,0.5902171950752113,0.8137396982008616,0.2553722582947802,0.31645841325164714,-0.615789745950445,1.0618490505111031,-0.42083000607744026
41.1,14.5,2013.0,7.0,2.0,5.777777777777777,37.37007525453741,28.52921646746348,64.11509517485612,51.0938468348827,325.16368177116027,-0.09157622479394978,-0.6432136415370326,-0.42093056869652345,0.24479109538236296,0.5740774806221632,0.6464225768744188,-0.8691336503698681,0.06089942541694557
41.1,16.5,2013.0,7.0,2.0,12.0,18.0,32.0,8.0,80.0,317.96265,-1.412356366132632,1.3204800539634738,1.1968960056261733,1.42434879566768,-0.1376187800128212,0.2422706164154555,-0.7758271106237343,-0.5313163907353988
41.1,21.3,2013.0,7.0,2.0,12.0,18.0,27.0,6.0,91.0,919.0006,-1.3487516972384173,1.412920377686762,0.9243090541470338,1.326163692637359,-0.4837586028424553,-0.3068319455223305,-0.7758271106237343,-0.5313163907353988
41.1,22.4,2013.0,7.0,2.0,0.0,55.0,14.0,24.0,16.0,506.84464,0.055282428976257736,-0.7876649535883873,-0.5370728629454119,-0.47943271490804384,-0.34233279184965554,-1.2191078258893069,-0.6856251802979539,-0.33866360926813976
41.2,-5.0,2013.0,7.0,2.0,5.777777777777777,37.37007525453741,28.52921646746348,64.11509517485612,51.0938468348827,325.16368177116027,-0.4601635867578477,-0.0703927171040178,0.6016561388652499,0.3863407549531644,0.6770649043422208,0.5613656915949233,-0.3612432116184818,-0.0838301497202194
41.2,-0.7,2013.0,7.0,2.0,5.777777777777777,37.37007525453741,28.52921646746348,64.11509517485612,51.0938468348827,325.16368177116027,-0.4601635867578477,-0.0703927171040178,0.6016561388652499,0.3863407549531644,0.6770649043422208,0.5613656915949233,-0.3612432116184818,-0.0838301497202194
41.2,-0.3,2013.0,7.0,2.0,5.777777777777777,37.37007525453741,28.52921646746348,64.11509517485612,51.0938468348827,325.16368177116027,-0.4601635867578477,-0.0703927171040178,0.6016561388652499,0.3863407549531644,0.6770649043422208,0.5613656915949233,-0.3612432116184818,-0.0838301497202194
41.2,1.3,2013.0,7.0,2.0,5.777777777777777,37.37007525453741,28.52921646746348,64.11509517485612,51.0938468348827,325.16368177116027,-0.4601635867578477,-0.0703927171040178,0.6016561388652499,0.3863407549531644,0.6770649043422208,0.5613656915949233,-0.3612432116184818,-0.0838301497202194
41.2,1.8,2013.0,7.0,2.0,5.777777777777777,37.37007525453741,28.52921646746348,64.11509517485612,51.0938468348827,325.16368177116027,-0.4601635867578477,-0.0703927171040178,0.6016561388652499,0.3863407549531644,0.6770649043422208,0.5613656915949233,-0.3612432116184818,-0.0838301497202194
41.2,3.4,2013.0,7.0,2.0,12.0,19.0,6.0,21.0,23.0,0.0,-1.5340172994990104,0.9671159223903232,0.6091678720414573,0.4970917028597501,1.9233096632084417,1.7025535281234765,-0.6696188902062675,-0.4364139632023989
41.2,4.0,2013.0,7.0,2.0,5.777777777777777,37.37007525453741,28.52921646746348,64.11509517485612,51.0938468348827,325.16368177116027,-0.4601635867578477,-0.0703927171040178,0.6016561388652499,0.3863407549531644,0.6770649043422208,0.5613656915949233,-0.3612432116184818,-0.0838301497202194
41.2,4.5,2013.0,7.0,2.0,5.777777777777777,37.37007525453741,28.52921646746348,64.11509517485612,51.0938468348827,325.16368177116027,-0.4601635867578477,-0.0703927171040178,0.6016561388652499,0.3863407549531644,0.6770649043422208,0.5613656915949233,-0.3612432116184818,-0.0838301497202194
41.2,6.1,2013.0,7.0,2.0,5.777777777777777,37.37007525453741,28.52921646746348,64.11509517485612,51.0938468348827,325.16368177116027,-0.7737689965397347,0.32631532981292377,1.076258647879472,-0.008212734936558108,-0.33062941939626533,0.26478738855633926,0.062135596906988444,0.04083497795686235
41.2,11.3,2013.0,7.0,2.0,5.777777777777777,37.37007525453741,28.52921646746348,64.11509517485612,51.0938468348827,325.16368177116027,-0.6627228226232436,-0.15293695895206194,0.43389925957959213,0.4095104602924935,1.0970392863795422,1.2876080527297995,-1.333353047360393,0.2746583582584092
41.2,14.5,2013.0,7.0,2.0,0.0,55.0,36.0,32.0,50.0,185.74039,0.5762715211539499,-0.4844906708417108,-0.20759885376009551,-0.11096234847164574,0.7262845487176928,-0.3610265050766144,0.05000961034502183,0.4077656759440492
41.2,25.6,2013.0,7.0,2.0,5.777777777777777,37.37007525453741,28.52921646746348,64.11509517485612,51.0938468348827,325.16368177116027,-0.4601635867578477,-0.0703927171040178,0.6016561388652499,0.3863407549531644,0.6770649043422208,0.5613656915949233,-0.3612432116184818,-0.0838301497202194
41.3,-1.0,2013.0,7.0,2.0,5.777777777777777,37.37007525453741,28.52921646746348,64.11509517485612,51.0938468348827,325.16368177116027,-0.4601635867578477,-0.0703927171040178,0.6016561388652499,0.3863407549531644,0.6770649043422208,0.5613656915949233,-0.3612432116184818,-0.0838301497202194
41.3,0.9,2013.0,7.0,2.0,12.0,19.0,16.0,25.0,15.0,697.1963,-0.7310924632851888,0.341257610181007,0.6043314724571857,1.518585270809378,-0.04789600156266971,1.8010845302693583,-1.215608411872771,-0.4098812393843438
41.3,6.3,2013.0,7.0,2.0,0.0,55.0,50.0,37.0,83.0,0.0,-0.7463511495043639,-0.7273278165758608,0.5496584607656199,0.5128190910215651,3.2721758262250793,0.45639341761084884,-0.23882300164036385,-0.3683967358162027
41.3,7.7,2013.0,7.0,2.0,5.777777777777777,37.37007525453741,28.52921646746348,64.11509517485612,51.0938468348827,325.16368177116027,-0.4601635867578477,-0.0703927171040178,0.6016561388652499,0.3863407549531644,0.6770649043422208,0.5613656915949233,-0.3612432116184818,-0.0838301497202194
41.3,10.4,2013.0,7.0,2.0,12.0,18.0,48.0,14.0,56.0,0.0,-0.8189365125549523,0.9697224931329926,1.027590092279039,0.6023822988031422,0.713480951547846,0.06576744979854299,-0.9116468688320213,-0.3171474781046215
41.3,10.8,2013.0,7.0,2.0,5.777777777777777,37.37007525453741,28.52921646746348,64.11509517485612,51.0938468348827,325.16368177116027,-0.4601635867578477,-0.0703927171040178,0.6016561388652499,0.3863407549531644,0.6770649043422208,0.5613656915949233,-0.3612432116184818,-0.0838301497202194
41.3,14.0,2013.0,7.0,2.0,5.777777777777777,37.37007525453741,28.52921646746348,64.11509517485612,51.0938468348827,325.16368177116027,-0.4601635867578477,-0.0703927171040178,0.6016561388652499,0.3863407549531644,0.6770649043422208,0.5613656915949233,-0.3612432116184818,-0.0838301497202194
41.3,17.8,2013.0,7.0,2.0,0.0,55.0,25.0,28.0,34.0,0.0,1.116676455939661,-1.6734044570992417,1.1998629115424664,1.525395136312069,0.49294144380624805,0.3698435629712451,-1.4940412523634914,-0.7454829717179138
41.3,18.0,2013.0,7.0,2.0,0.0,55.0,25.0,28.0,33.0,0.0,0.3862919160696883,-1.4440014038983964,-0.207009373202801,0.8180761507539911,0.8058293839177252,0.35007822716123915,-0.7604147194525713,-0.17179205378329934
41.3,19.6,2013.0,7.0,2.0,12.0,18.0,32.0,8.0,88.0,95.4175,-1.1872640400516696,1.3777090899694395,1.2833322962932927,0.4773030663499769,0.2915353015824892,-0.38708769269948184,-0.577212035567399,-1.0340653179905943
41.3,20.6,2013.0,7.0,2.0,5.777777777777777,37.37007525453741,28.52921646746348,64.11509517485612,51.0938468348827,325.16368177116027,-0.8461022508016978,-0.5938539381266552,0.706214209944451,0.057619928298679624,0.1933768591074423,0.5834796057691741,-0.893458313265578,1.2837776681668427
41.3,21.5,2013.0,7.0,2.0,5.777777777777777,37.37007525453741,28.52921646746348,64.11509517485612,51.0938468348827,325.16368177116027,-0.4601635867578477,-0.0703927171040178,0.6016561388652499,0.3863407549531644,0.6770649043422208,0.5613656915949233,-0.3612432116184818,-0.0838301497202194
41.3,22.8,2013.0,7.0,2.0,5.777777777777777,37.37007525453741,28.52921646746348,64.11509517485612,51.0938468348827,325.16368177116027,-0.4601635867578477,-0.0703927171040178,0.6016561388652499,0.3863407549531644,0.6770649043422208,0.5613656915949233,-0.3612432116184818,-0.0838301497202194
41.3,24.4,2013.0,7.0,2.0,0.0,55.0,3.0,20.0,11.0,568.62445,0.4029160565531942,-1.054366117789573,0.0659063264194656,-0.3363175998131628,0.1419306863706095,-0.2448727227605961,-0.7758271106237343,-0.5313163907353988
41.4,0.3,2013.0,7.0,2.0,5.777777777777777,37.37007525453741,28.52921646746348,64.11509517485612,51.0938468348827,325.16368177116027,-0.0180762393595158,-0.42223521763930427,0.27975504041008453,1.5766132000011612,0.5297412531196122,-0.5579782882130403,-0.4580116626561648,-0.16338025118235444
41.4,0.6,2013.0,7.0,2.0,5.777777777777777,37.37007525453741,28.52921646746348,64.11509517485612,51.0938468348827,325.16368177116027,-0.4601635867578477,-0.0703927171040178,0.6016561388652499,0.3863407549531644,0.6770649043422208,0.5613656915949233,-0.3612432116184818,-0.0838301497202194
41.4,2.2,2013.0,7.0,2.0,5.777777777777777,37.37007525453741,28.52921646746348,64.11509517485612,51.0938468348827,325.16368177116027,-0.4601635867578477,-0.0703927171040178,0.6016561388652499,0.3863407549531644,0.6770649043422208,0.5613656915949233,-0.3612432116184818,-0.0838301497202194
41.4,5.4,2013.0,7.0,2.0,5.777777777777777,37.37007525453741,28.52921646746348,64.11509517485612,51.0938468348827,325.16368177116027,0.14842913594920265,-0.17698923736317057,-0.012569954524691895,0.27252681350315067,0.4774081898979641,1.065045746802789,0.04174553445443774,0.08763424472870174
41.4,7.0,2013.0,7.0,2.0,6.0,36.5,52.5,27.0,60.0,0.0,-0.4139542952110431,0.19980331770307955,-0.47598894378961054,0.646948386249751,1.1455772057734035,0.5135746876424047,0.07250211894923066,-0.5061142282007192
41.4,7.3,2013.0,7.0,2.0,5.777777777777777,37.37007525453741,28.52921646746348,64.11509517485612,51.0938468348827,325.16368177116027,-0.06386320132194118,-0.26326037847308187,0.3003393576506741,0.33559704561499404,1.0155184460572846,0.5491960789461238,0.6538358239125381,0.9583568266415172
41.4,13.6,2013.0,7.0,2.0,5.777777777777777,37.37007525453741,28.52921646746348,64.11509517485612,51.0938468348827,325.16368177116027,-0.4601635867578477,-0.0703927171040178,0.6016561388652499,0.3863407549531644,0.6770649043422208,0.5613656915949233,-0.3612432116184818,-0.0838301497202194
41.4,22.5,2013.0,7.0,2.0,12.0,18.0,33.0,8.0,93.0,438.37445,-1.326766618292051,1.427885754472793,0.880801162437153,1.17720433001061,-0.3597639379833278,-0.2120742540315467,-0.7758271106237343,-0.5313163907353988
41.4,23.1,2013.0,7.0,2.0,5.777777777777777,37.37007525453741,28.52921646746348,64.11509517485612,51.0938468348827,325.16368177116027,-0.4601635867578477,-0.0703927171040178,0.6016561388652499,0.3863407549531644,0.6770649043422208,0.5613656915949233,-0.3612432116184818,-0.0838301497202194
41.4,24.7,2013.0,7.0,2.0,10.0,37.0,54.0,39.0,11.0,1111.1965,-1.5465063942656847,0.8300386446086321,0.4794931264718514,0.974817929373528,-1.2680935309906265,-0.586212291773222,-0.5553713605383891,-0.0913233151454024
41.4,26.0,2013.0,7.0,2.0,5.777777777777777,37.37007525453741,28.52921646746348,64.11509517485612,51.0938468348827,325.16368177116027,-0.4601635867578477,-0.0703927171040178,0.6016561388652499,0.3863407549531644,0.6770649043422208,0.5613656915949233,-0.3612432116184818,-0.0838301497202194
41.4,26.3,2013.0,7.0,2.0,5.777777777777777,37.37007525453741,28.52921646746348,64.11509517485612,51.0938468348827,325.16368177116027,-0.4601635867578477,-0.0703927171040178,0.6016561388652499,0.3863407549531644,0.6770649043422208,0.5613656915949233,-0.3612432116184818,-0.0838301497202194
41.5,-2.5,2013.0,7.0,2.0,5.777777777777777,37.37007525453741,28.52921646746348,64.11509517485612,51.0938468348827,325.16368177116027,-0.4601635867578477,-0.0703927171040178,0.6016561388652499,0.3863407549531644,0.6770649043422208,0.5613656915949233,-0.3612432116184818,-0.0838301497202194
41.5,-0.1,2013.0,7.0,2.0,5.777777777777777,37.37007525453741,28.52921646746348,64.11509517485612,51.0938468348827,325.16368177116027,-0.4601635867578477,-0.0703927171040178,0.6016561388652499,0.3863407549531644,0.6770649043422208,0.5613656915949233,-0.3612432116184818,-0.0838301497202194
41.5,0.9,2013.0,7.0,2.0,5.777777777777777,37.37007525453741,28.52921646746348,64.11509517485612,51.0938468348827,325.16368177116027,-0.39522188012618714,0.4319432038132626,1.212911117441605,0.7686380733125131,0.8200540959042941,0.9657092752795935,0.016459588161217953,-0.9034898213184611
41.5,3.8,2013.0,7.0,2.0,12.0,19.0,9.0,22.0,25.0,0.0,-1.5262869521493876,0.978073449866192,0.5862135418027083,0.4402108038825193,2.428175102471708,1.8877997799466768,-0.4955569253860367,-0.4455113948719806
41.5,4.6,2013.0,7.0,2.0,5.777777777777777,37.37007525453741,28.52921646746348,64.11509517485612,51.0938468348827,325.16368177116027,-0.4601635867578477,-0.0703927171040178,0.6016561388652499,0.3863407549531644,0.6770649043422208,0.5613656915949233,-0.3612432116184818,-0.0838301497202194
41.5,5.4,2013.0,7.0,2.0,5.777777777777777,37.37007525453741,28.52921646746348,64.11509517485612,51.0938468348827,325.16368177116027,-0.45606053971334576,0.1438484951391527,-0.6092554705424358,1.0327308916344837,0.5517973659263598,0.715961417590857,-0.0809761452739558,-0.7628477757395593
41.5,6.2,2013.0,7.0,2.0,5.777777777777777,37.37007525453741,28.52921646746348,64.11509517485612,51.0938468348827,325.16368177116027,-0.684416668540842,0.18631673788500297,1.5055451436860712,0.08722056868214262,0.26003521691735143,0.5660791220402503,0.9705002186728908,0.07475324175619144
41.5,6.4,2013.0,7.0,2.0,12.0,19.0,1.0,19.0,36.0,0.0,-2.156382883477972,1.4556120328929527,0.3849153376671501,0.21742367848884184,1.2475233187864294,0.5035897718475187,-1.1812791412540524,-0.5526333058887584
41.5,7.0,2013.0,7.0,2.0,5.777777777777777,37.37007525453741,28.52921646746348,64.11509517485612,51.0938468348827,325.16368177116027,-0.741885653642933,-0.40964775966565065,0.61056462839781,0.8133721740988296,0.6616882651649937,-0.015310165655970764,-0.23115980786399734,-0.19201030833063631
41.5,7.2,2013.0,7.0,2.0,5.777777777777777,37.37007525453741,28.52921646746348,64.11509517485612,51.0938468348827,325.16368177116027,-0.5425686293928794,0.0791954322701849,1.4710625543599525,-0.35665766645222713,0.9718924538395872,0.4604609261528938,-0.79116446841394,0.22505069817553197
41.5,8.0,2013.0,7.0,2.0,0.0,55.0,44.0,35.0,78.0,0.0,0.2381012636181125,-2.0827034344488693,0.7624415539557325,0.8485810589243292,0.7552133559797409,0.6527971304433943,1.2520988344606065,1.3286134311098694
41.5,10.4,2013.0,7.0,2.0,12.0,18.0,51.0,15.0,56.0,0.0,-1.8021667554536378,0.6365445852550385,1.399833397462606,0.009118406936319934,1.7738541197376132,-0.6026114636156223,-1.1359364257599442,-0.6197155817784067
41.5,11.0,2013.0,7.0,2.0,6.0,36.5,45.0,24.0,63.0,0.0,-0.4796811910457788,-0.0080551314934503,0.7907844180578699,0.5729914483560321,1.5599998707306737,0.4119694270620878,-0.6125655288300553,-0.5313163907353988
41.5,19.7,2013.0,7.0,2.0,0.0,55.0,17.0,25.0,26.0,128.32553,-0.018407026821493644,-1.261308286453737,1.053409818282158,0.8802740350754142,0.09334616988924338,-0.6221885065276619,-0.40654195875247284,-1.4306932434614772
41.5,19.9,2013.0,7.0,2.0,5.777777777777777,37.37007525453741,28.52921646746348,64.11509517485612,51.0938468348827,325.16368177116027,0.21636972171915242,0.08606588475422057,1.0499621622913249,0.8709718685567784,0.5835581944340935,0.5360911415534466,-0.3391606191926082,0.9309345675715177
41.5,20.7,2013.0,7.0,2.0,5.777777777777777,37.37007525453741,28.52921646746348,64.11509517485612,51.0938468348827,325.16368177116027,0.8573463817701417,0.24575923459710175,-0.4136981425350956,0.4828865377193163,-0.5656225230515903,1.0239918471432428,-0.7332635186650529,-0.09082352071341207
41.5,21.0,2013.0,7.0,2.0,5.777777777777777,37.37007525453741,28.52921646746348,64.11509517485612,51.0938468348827,325.16368177116027,-0.4601635867578477,-0.0703927171040178,0.6016561388652499,0.3863407549531644,0.6770649043422208,0.5613656915949233,-0.3612432116184818,-0.0838301497202194
41.5,25.7,2013.0,7.0,2.0,5.777777777777777,37.37007525453741,28.52921646746348,64.11509517485612,51.0938468348827,325.16368177116027,-0.4601635867578477,-0.0703927171040178,0.6016561388652499,0.3863407549531644,0.6770649043422208,0.5613656915949233,-0.3612432116184818,-0.0838301497202194
41.6,-1.7,2013.0,7.0,2.0,5.777777777777777,37.37007525453741,28.52921646746348,64.11509517485612,51.0938468348827,325.16368177116027,-0.4601635867578477,-0.0703927171040178,0.6016561388652499,0.3863407549531644,0.6770649043422208,0.5613656915949233,-0.3612432116184818,-0.0838301497202194
41.6,0.4,2013.0,7.0,2.0,12.0,19.0,22.0,27.0,14.0,178.3366,-2.5361238237110975,2.0281269253057337,0.9523159567056233,1.3166805209052754,0.8193535366515424,0.9497754295438214,-0.7012514720115843,-0.24678381554006637
41.6,5.2,2013.0,7.0,2.0,12.0,19.0,6.0,21.0,31.0,0.0,-1.3849732803523462,1.1833061791142105,0.3569625184049423,0.6449690628212128,1.7428301163765842,1.6608657404606921,-0.10971727149978872,-0.7305061171568531
41.6,6.0,2013.0,7.0,2.0,5.777777777777777,37.37007525453741,28.52921646746348,64.11509517485612,51.0938468348827,325.16368177116027,-0.6532512368847325,-1.227753119392336,-0.3113970455438714,0.04319107126920846,0.6515296988776229,0.06716202133926391,-0.6361899052358588,-0.2593893144813488
41.6,6.8,2013.0,7.0,2.0,5.777777777777777,37.37007525453741,28.52921646746348,64.11509517485612,51.0938468348827,325.16368177116027,-0.10530529277073314,1.167089646034198,1.239659849764863,0.9796054091988848,0.5471636585106183,0.978616106833292,0.25189653280058705,0.18386939087414617
41.6,7.8,2013.0,7.0,2.0,5.777777777777777,37.37007525453741,28.52921646746348,64.11509517485612,51.0938468348827,325.16368177116027,-0.6072356571739239,0.2884840809408292,1.1408966049673988,0.8974459183818058,0.9788273510216073,1.0708982720470015,-0.28751262415838397,-0.9296097311020859
41.6,8.8,2013.0,7.0,2.0,5.777777777777777,37.37007525453741,28.52921646746348,64.11509517485612,51.0938468348827,325.16368177116027,-0.7228362558821683,-0.2772079319909462,0.40907887933445086,-0.019886823104411422,-0.16908165676197318,0.8376483584144239,0.40266551363079256,-0.576748433704984
41.6,9.0,2013.0,7.0,2.0,5.777777777777777,37.37007525453741,28.52921646746348,64.11509517485612,51.0938468348827,325.16368177116027,-0.930031029010838,-0.41991033511224185,0.9510185118970707,-0.8836304034438507,0.5848908468226345,0.15398525366837246,-0.5463643936220226,-0.244636643945626
41.6,10.4,2013.0,7.0,2.0,5.777777777777777,37.37007525453741,28.52921646746348,64.11509517485612,51.0938468348827,325.16368177116027,0.5374944861894895,-0.7418017831418885,1.0252876641834736,0.6981213502908368,0.8632600243123532,0.7059628957127976,-0.7730231427542911,0.3809376492130791
41.6,13.8,2013.0,7.0,2.0,0.0,55.0,30.0,30.0,54.0,680.2733,0.4849296140187922,-1.1681502414809042,0.3987753329315888,-0.2947129898027,0.1515455857689798,0.457389317895489,-0.7758271106237343,-0.5313163907353988
41.6,17.9,2013.0,7.0,2.0,0.0,55.0,19.0,26.0,34.0,0.0,0.4534296188721001,-1.1232764226083365,0.7634404271404001,0.5501819954823827,0.5689559698147232,0.3552017638834998,-0.48149742142019,-0.0849523846408157
41.6,19.7,2013.0,7.0,2.0,5.777777777777777,37.37007525453741,28.52921646746348,64.11509517485612,51.0938468348827,325.16368177116027,-1.251188688290449,-0.699653535519415,0.3461883058868257,0.8833760309035752,1.5185247906232942,0.6171824242663041,-0.6341428585758331,-0.7093007832874108
41.7,-1.1,2013.0,7.0,2.0,5.777777777777777,37.37007525453741,28.52921646746348,64.11509517485612,51.0938468348827,325.16368177116027,-0.4601635867578477,-0.0703927171040178,0.6016561388652499,0.3863407549531644,0.6770649043422208,0.5613656915949233,-0.3612432116184818,-0.0838301497202194
41.7,15.9,2013.0,7.0,2.0,0.0,55.0,25.0,28.0,44.0,304.83542,0.3556493665791743,-1.5539971685264218,1.9294265717681753,0.4761394690224645,0.8386229731844156,0.7325006524361468,-1.0745580481458799,-0.46729422727462544
41.7,22.1,2013.0,7.0,2.0,5.777777777777777,37.37007525453741,28.52921646746348,64.11509517485612,51.0938468348827,325.16368177116027,-0.4601635867578477,-0.0703927171040178,0.6016561388652499,0.3863407549531644,0.6770649043422208,0.5613656915949233,-0.3612432116184818,-0.0838301497202194
41.7,23.3,2013.0,7.0,2.0,5.777777777777777,37.37007525453741,28.52921646746348,64.11509517485612,51.0938468348827,325.16368177116027,-0.9070595496996834,-0.2736492760329399,0.272926500323529,0.02581495036082171,0.6184455522516258,-0.28455857033025167,-1.0415340278170009,-0.481694527194913
41.8,1.2,2013.0,7.0,2.0,5.777777777777777,37.37007525453741,28.52921646746348,64.11509517485612,51.0938468348827,325.16368177116027,-0.4601635867578477,-0.0703927171040178,0.6016561388652499,0.3863407549531644,0.6770649043422208,0.5613656915949233,-0.3612432116184818,-0.0838301497202194
41.8,2.1,2013.0,7.0,2.0,5.777777777777777,37.37007525453741,28.52921646746348,64.11509517485612,51.0938468348827,325.16368177116027,-0.4601635867578477,-0.0703927171040178,0.6016561388652499,0.3863407549531644,0.6770649043422208,0.5613656915949233,-0.3612432116184818,-0.0838301497202194
41.8,2.8,2013.0,7.0,2.0,5.777777777777777,37.37007525453741,28.52921646746348,64.11509517485612,51.0938468348827,325.16368177116027,-0.4601635867578477,-0.0703927171040178,0.6016561388652499,0.3863407549531644,0.6770649043422208,0.5613656915949233,-0.3612432116184818,-0.0838301497202194
41.8,7.6,2013.0,7.0,2.0,12.0,19.0,4.0,20.0,43.0,0.0,-1.4912728962740074,1.089035986314182,0.5452514317390319,0.4581665201787669,1.1755919588288632,0.3413628613688217,-0.7142257282535148,-0.4437688010363441
41.8,10.3,2013.0,7.0,2.0,12.0,18.0,56.0,17.0,56.0,0.0,-1.27337746727495,1.5687820649603916,-0.0847418499565864,1.6236654703664049,1.6306959420242877,-0.7170475511775476,-0.9188268829163642,-0.007441192539647257
41.8,12.3,2013.0,7.0,2.0,5.777777777777777,37.37007525453741,28.52921646746348,64.11509517485612,51.0938468348827,325.16368177116027,-0.4601635867578477,-0.0703927171040178,0.6016561388652499,0.3863407549531644,0.6770649043422208,0.5613656915949233,-0.3612432116184818,-0.0838301497202194
41.8,15.3,2013.0,7.0,2.0,5.777777777777777,37.37007525453741,28.52921646746348,64.11509517485612,51.0938468348827,325.16368177116027,-0.48404374491016494,-0.1273400392288986,0.3219724902713251,0.4883114753116267,1.1017810765025087,0.9153811859736878,0.573703216141431,-0.16894787395017943
41.8,15.5,2013.0,7.0,2.0,5.777777777777777,37.37007525453741,28.52921646746348,64.11509517485612,51.0938468348827,325.16368177116027,-0.5029061848707548,-0.03182931315061777,0.47038862228017164,0.27460792003326384,0.09812991603701271,0.7111621292147665,-0.3036129930904704,0.3783589803768113
41.8,15.8,2013.0,7.0,2.0,5.777777777777777,37.37007525453741,28.52921646746348,64.11509517485612,51.0938468348827,325.16368177116027,-0.47933579223739553,-0.18138669952387798,-0.17381169158589482,0.6297238773182485,1.0959471029664074,0.8778694353567171,-0.1147555731788241,0.6014043379149633
41.8,17.1,2013.0,7.0,2.0,0.0,55.0,20.0,26.0,38.0,0.0,0.48111493108871556,-1.048468076487658,0.958556363090305,0.805578827259989,1.4332920365010846,0.38342066150413,0.2940861200655739,-0.5266818180414344
41.8,19.8,2013.0,7.0,2.0,5.777777777777777,37.37007525453741,28.52921646746348,64.11509517485612,51.0938468348827,325.16368177116027,0.3621668110952822,-0.3566942435740001,-0.20159702269343893,-0.46975416091070893,0.9832334364958061,0.6092658926843305,-0.43035518608712264,0.23511813954022104
41.9,0.5,2013.0,7.0,2.0,0.0,55.0,45.0,35.0,94.0,521.481,0.5529705027515278,-1.3236650121244502,0.2817005952564813,0.0265631061794991,0.9336651799498136,1.4649507966935909,-0.5691724731433414,-0.4203719512492205
41.9,5.1,2013.0,7.0,2.0,6.0,37.0,26.5,28.5,58.5,0.0,-0.4880165035110967,-0.1277412563959278,0.4339590825973535,0.3033637771553638,1.8705666903064968,0.7211395979879941,-0.6984671735229022,-0.5313163907353988
41.9,13.7,2013.0,7.0,2.0,12.0,18.0,51.0,15.0,71.0,1197.354,-1.4324080648158146,1.24269294248163,0.8583694827816208,1.095210462048412,0.098416239333997,0.3761969802808396,-0.0513043646226618,-0.5313163907353988
41.9,16.2,2013.0,7.0,2.0,0.0,55.0,20.0,26.0,43.0,14.884375,0.4618307856769459,-1.143395004336922,0.9785478988719184,0.5380284748950852,1.0655330148107784,0.7279663242065894,-0.634391025580547,-0.1437435451134518
41.9,17.1,2013.0,7.0,2.0,5.777777777777777,37.37007525453741,28.52921646746348,64.11509517485612,51.0938468348827,325.16368177116027,-0.8057190233058158,-0.7230033315438441,0.531976567915885,-0.3365713851023779,1.1472820437464541,0.6168679420718479,-0.6319179850539073,-0.5379233034146192
41.9,23.2,2013.0,7.0,2.0,6.0,36.0,49.5,14.5,54.5,877.2187,-1.0434973528964049,0.3709678154726531,0.37483106108457237,0.6640635743445547,-1.6751657931569204,-0.08703974905218903,-0.0781084149901149,-0.5117536453696709
42.0,-6.0,2013.0,7.0,2.0,12.0,19.0,56.0,40.0,2.0,788.61566,-1.534848875832585,0.646575678028983,0.9142588560342514,1.2143537258629231,-0.323433084446803,0.3253149786619979,-0.530081380026676,0.6808734895782242
42.0,4.4,2013.0,7.0,2.0,2.0,35.0,59.0,131.0,2.0,0.0,0.3379882620166742,-1.002261574534791,0.4135646324791141,0.2838704991848173,1.7254695689851325,0.4552580103991848,-0.7758271106237343,-0.5313163907353988
42.1,0.2,2013.0,7.0,2.0,5.777777777777777,37.37007525453741,28.52921646746348,64.11509517485612,51.0938468348827,325.16368177116027,-0.4601635867578477,-0.0703927171040178,0.6016561388652499,0.3863407549531644,0.6770649043422208,0.5613656915949233,-0.3612432116184818,-0.0838301497202194
42.1,6.8,2013.0,7.0,2.0,0.0,55.0,36.0,32.0,82.0,0.0,0.8982487358187465,-1.8017859485854562,1.1600348165155963,0.567578669770747,2.33898457304229,-0.20007329064941543,0.4011739753282231,-0.8855004885973283
42.1,12.9,2013.0,7.0,2.0,0.0,55.0,25.0,28.0,59.0,705.5848,0.782343788199166,-0.649248707269915,0.24391985381361828,-0.15810642551465834,0.01724323698210012,0.61766566888917,0.20403803643146157,-0.27737716799109685
42.1,17.2,2013.0,7.0,2.0,0.0,55.0,14.0,24.0,38.0,0.0,0.374218254699349,-0.863986754014995,0.6938971908453174,0.8086501777193642,0.8132733369633522,0.9456460115310849,-0.9940221281610898,-0.5974679839689067
42.1,24.0,2013.0,7.0,2.0,6.0,36.0,47.5,14.0,54.0,1148.0355,-0.4524886162864027,0.1896603114598166,0.016994690914676,-0.1300117897295434,-0.223860394799238,-0.6770350010857367,-0.7758271106237343,-0.5313163907353988
42.2,7.2,2013.0,7.0,2.0,0.0,55.0,34.0,31.0,81.0,0.0,0.7942841944436606,-1.3962636620196234,-0.11004284240709633,0.8770864410288004,2.0037508079584505,0.33230164787305355,1.1960926279387243,1.885262931245554
42.2,7.4,2013.0,7.0,2.0,5.777777777777777,37.37007525453741,28.52921646746348,64.11509517485612,51.0938468348827,325.16368177116027,-0.8824362725129932,0.28031041325799827,0.6362121382430578,1.3081559817530297,1.143844585811347,1.1053348192886032,-0.7077337989921396,0.25254620424265967
42.2,8.6,2013.0,7.0,2.0,5.777777777777777,37.37007525453741,28.52921646746348,64.11509517485612,51.0938468348827,325.16368177116027,-0.4601635867578477,-0.0703927171040178,0.6016561388652499,0.3863407549531644,0.6770649043422208,0.5613656915949233,-0.3612432116184818,-0.0838301497202194
42.2,13.1,2013.0,7.0,2.0,5.777777777777777,37.37007525453741,28.52921646746348,64.11509517485612,51.0938468348827,325.16368177116027,-0.8675136899104977,-0.9078698446858717,0.7083419960572409,0.3537046978680854,1.2341642526857082,0.5978290631968146,-0.8498229920981932,-0.06956820010623607
42.3,2.0,2013.0,7.0,2.0,1.0,45.5,20.5,82.5,49.0,1504.16975,0.4474279038558704,-1.1669312910639331,-0.0380084925243991,-0.4842772243344557,0.7010967238037916,0.5355468164697545,0.3350378953845516,-0.1031844554761015
42.3,2.7,2013.0,7.0,2.0,5.777777777777777,37.37007525453741,28.52921646746348,64.11509517485612,51.0938468348827,325.16368177116027,-0.4601635867578477,-0.0703927171040178,0.6016561388652499,0.3863407549531644,0.6770649043422208,0.5613656915949233,-0.3612432116184818,-0.0838301497202194
42.3,5.7,2013.0,7.0,2.0,0.0,55.0,34.0,31.0,85.0,0.0,0.5219305843577279,-1.2635722088381942,0.6465751525121355,0.4040054256758182,3.267345228460073,0.8086202962062674,-0.1326031158009998,-0.5313163907353988
42.3,6.1,2013.0,7.0,2.0,0.0,55.0,34.0,31.0,84.0,0.0,0.5204213122121928,-1.258792019061275,0.6647893742822594,0.4251921210996249,3.096129268876453,0.6465594744151686,-0.0106616873984891,-0.5313163907353988
42.3,6.8,2013.0,7.0,2.0,5.777777777777777,37.37007525453741,28.52921646746348,64.11509517485612,51.0938468348827,325.16368177116027,-0.27321402078947676,-0.3040391658057473,1.0654842376945899,0.638816773133757,0.43920703906198677,0.6900131875665307,-0.6550491605972215,0.10504679902765496
42.3,13.8,2013.0,7.0,2.0,0.0,55.0,20.0,26.0,55.0,627.30237,0.4723851116853265,-1.1698581065834242,0.4207347136978491,-0.2780121951670931,0.6310379687725125,0.4844354458162118,-0.7758271106237343,-0.5313163907353988
42.3,18.9,2013.0,7.0,2.0,0.0,55.0,6.0,21.0,31.0,459.5433,0.4337025194903112,-1.1150111395419122,0.4107268110079882,0.0072184161018461,0.2386419867845317,0.1425564686020937,-0.7758271106237343,-0.5313163907353988
42.4,3.2,2013.0,7.0,2.0,5.777777777777777,37.37007525453741,28.52921646746348,64.11509517485612,51.0938468348827,325.16368177116027,-0.4601635867578477,-0.0703927171040178,0.6016561388652499,0.3863407549531644,0.6770649043422208,0.5613656915949233,-0.3612432116184818,-0.0838301497202194
42.4,6.7,2013.0,7.0,2.0,5.777777777777777,37.37007525453741,28.52921646746348,64.11509517485612,51.0938468348827,325.16368177116027,-0.3737397529297265,-0.16509622203755103,0.939611460181202,-0.30147217852325975,-0.3032377976355666,0.7398371027840364,-0.34417758471159976,-0.17898361120559958
42.4,7.9,2013.0,7.0,2.0,12.0,19.0,12.0,23.0,45.0,0.0,-2.6001190155377123,1.3176748494956356,0.48875587979241003,0.33179978174750696,1.0303755864968038,0.47723419152075663,-1.3954947686599168,-0.3982888118474393
42.4,11.5,2013.0,7.0,2.0,0.0,55.0,23.0,27.0,66.0,53.5,0.4858215568302673,-1.1967035337358107,0.5297431100018755,0.0850469778056207,0.550928473432161,0.3510779432215485,-0.7758271106237343,-0.5313163907353988
42.4,21.0,2013.0,7.0,2.0,5.777777777777777,37.37007525453741,28.52921646746348,64.11509517485612,51.0938468348827,325.16368177116027,-0.4601635867578477,-0.0703927171040178,0.6016561388652499,0.3863407549531644,0.6770649043422208,0.5613656915949233,-0.3612432116184818,-0.0838301497202194
42.4,21.7,2013.0,7.0,2.0,12.0,18.0,49.0,14.0,92.0,638.7194,-1.602932797949436,1.4789927238159737,0.855858617359596,0.7196915066688743,0.8200856647191079,-0.16319813478017717,-0.7082368908203613,-0.8721759247835803
42.5,2.3,2013.0,7.0,2.0,12.0,19.0,30.0,30.0,21.0,1800.833,-1.512867830133921,0.9206949080957672,0.6261011467174528,0.6620557581456107,0.3002031640252635,0.8379994721151792,1.2284960660765958,0.3697587767942116
42.5,4.8,2013.0,7.0,2.0,6.0,37.0,26.5,28.5,59.0,0.0,-0.4883952651416033,-0.1375648722284059,0.4575211577821005,0.306916965898492,2.1762149314363626,1.0244651591984328,-0.374802260766041,-0.4208838526223812
42.5,11.1,2013.0,7.0,2.0,12.0,19.0,7.0,21.0,61.0,11.067416,-1.447159392790817,1.1709471042078474,0.9903614133068946,0.8621543897578516,1.1489555044864768,0.7159227556817049,0.6673386073465107,0.838112881398385
42.5,14.1,2013.0,7.0,2.0,5.777777777777777,37.37007525453741,28.52921646746348,64.11509517485612,51.0938468348827,325.16368177116027,-0.2863303830667885,-0.2863745957224763,0.25077980348115414,0.5047333874406978,1.1282826170487568,0.2659096358809784,-1.1304837358844486,0.4050132381344978
42.5,15.9,2013.0,7.0,2.0,0.0,55.0,12.0,23.0,45.0,0.0,0.4535465389762484,-1.147192458423772,0.841365715734099,0.5535050345001017,0.2300698622215451,0.6011268118968809,-0.7758271106237343,-0.5313163907353988
42.5,21.6,2013.0,7.0,2.0,5.777777777777777,37.37007525453741,28.52921646746348,64.11509517485612,51.0938468348827,325.16368177116027,-0.17818368418784092,0.8349490943261318,-0.08713900615202985,0.11927448951248887,0.7399836001316409,0.8903433626842674,0.15456126162582123,-0.13011030060964263
42.5,25.7,2013.0,7.0,2.0,10.0,38.0,7.0,44.0,15.0,370.9599,-1.5201733200193284,0.8586614962007625,0.725936471417338,1.180549980229424,0.3077548903557231,0.4438092374847401,0.2557934897133278,-0.5313163907353988
42.6,-0.4,2013.0,7.0,2.0,5.777777777777777,37.37007525453741,28.52921646746348,64.11509517485612,51.0938468348827,325.16368177116027,-0.4601635867578477,-0.0703927171040178,0.6016561388652499,0.3863407549531644,0.6770649043422208,0.5613656915949233,-0.3612432116184818,-0.0838301497202194
42.6,6.4,2013.0,7.0,2.0,5.777777777777777,37.37007525453741,28.52921646746348,64.11509517485612,51.0938468348827,325.16368177116027,-0.3949079955818215,0.20059231760900348,0.2833301306175341,0.18642594850288202,1.6843051884511147,0.45603839167655763,-0.469402966355647,0.3077744202598874
42.6,8.0,2013.0,7.0,2.0,6.0,37.0,20.0,26.0,62.5,0.0,-1.1372949042274527,0.3460102904502216,0.6003218460611448,0.3873321208782304,2.1845174726275483,1.1437637122330009,0.9050129744271795,-0.6724218192809717
42.6,13.9,2013.0,7.0,2.0,0.0,55.0,15.0,24.0,55.0,177.56232,-0.39885114614708206,-1.1559976972255068,1.482066012837989,0.08477221401806868,0.346730612376672,0.444758792682283,-0.4843945439198467,-0.31812279931915266
42.6,20.0,2013.0,7.0,2.0,5.777777777777777,37.37007525453741,28.52921646746348,64.11509517485612,51.0938468348827,325.16368177116027,-0.4601635867578477,-0.0703927171040178,0.6016561388652499,0.3863407549531644,0.6770649043422208,0.5613656915949233,-0.3612432116184818,-0.0838301497202194
42.7,2.5,2013.0,7.0,2.0,12.0,19.0,33.0,31.0,22.0,598.6411,-1.5076015767341704,0.9249702744478716,0.7684071182318086,0.7710102532391976,-0.0266971299567252,1.154099976295241,0.9472099143285928,0.8552519371294763
42.7,6.3,2013.0,7.0,2.0,5.777777777777777,37.37007525453741,28.52921646746348,64.11509517485612,51.0938468348827,325.16368177116027,-1.1658284499933702,-0.13780808878469744,1.0162869586045387,0.45217741459771277,0.4628248589610362,0.2981244960549694,0.21301057716166366,-0.14264536419551282
42.7,7.0,2013.0,7.0,2.0,5.777777777777777,37.37007525453741,28.52921646746348,64.11509517485612,51.0938468348827,325.16368177116027,-0.4601635867578477,-0.0703927171040178,0.6016561388652499,0.3863407549531644,0.6770649043422208,0.5613656915949233,-0.3612432116184818,-0.0838301497202194
42.7,9.5,2013.0,7.0,2.0,5.777777777777777,37.37007525453741,28.52921646746348,64.11509517485612,51.0938468348827,325.16368177116027,-0.4601635867578477,-0.0703927171040178,0.6016561388652499,0.3863407549531644,0.6770649043422208,0.5613656915949233,-0.3612432116184818,-0.0838301497202194
42.7,13.6,2013.0,7.0,2.0,5.777777777777777,37.37007525453741,28.52921646746348,64.11509517485612,51.0938468348827,325.16368177116027,-0.5050762221799546,-0.6295269188380245,1.1589944011217859,0.3459063300395911,1.0522988642326578,1.0038411559829978,-0.368079832569346,-0.07217681221895371
42.7,18.1,2013.0,7.0,2.0,0.0,55.0,1.0,19.0,35.0,403.18994,0.3604940340620815,-2.2940635553230333,-0.19296722823765589,-0.9355279183167772,1.1816112548564581,0.42593039743601135,-0.525769383998198,-0.15976275133780732
42.7,19.1,2013.0,7.0,2.0,5.777777777777777,37.37007525453741,28.52921646746348,64.11509517485612,51.0938468348827,325.16368177116027,-0.8731319712893897,0.20793012867746025,0.8470570845384305,1.024033248580969,0.8025923217677425,0.856541012661118,-0.1526811077270619,0.8786548576259099
42.7,19.5,2013.0,7.0,2.0,0.0,54.0,58.0,18.0,29.0,1168.6792,0.4216248159892409,-1.1093796543601804,-0.3317028741081385,-0.8378711870212077,-0.3244352796900392,-0.5410413184717972,-0.7758271106237343,-0.5313163907353988
42.7,21.2,2013.0,7.0,2.0,5.777777777777777,37.37007525453741,28.52921646746348,64.11509517485612,51.0938468348827,325.16368177116027,-0.4601635867578477,-0.0703927171040178,0.6016561388652499,0.3863407549531644,0.6770649043422208,0.5613656915949233,-0.3612432116184818,-0.0838301497202194
42.8,-0.7,2013.0,7.0,2.0,5.777777777777777,37.37007525453741,28.52921646746348,64.11509517485612,51.0938468348827,325.16368177116027,-0.4601635867578477,-0.0703927171040178,0.6016561388652499,0.3863407549531644,0.6770649043422208,0.5613656915949233,-0.3612432116184818,-0.0838301497202194
42.8,2.2,2013.0,7.0,2.0,5.777777777777777,37.37007525453741,28.52921646746348,64.11509517485612,51.0938468348827,325.16368177116027,-0.4601635867578477,-0.0703927171040178,0.6016561388652499,0.3863407549531644,0.6770649043422208,0.5613656915949233,-0.3612432116184818,-0.0838301497202194
42.8,2.9,2013.0,7.0,2.0,5.777777777777777,37.37007525453741,28.52921646746348,64.11509517485612,51.0938468348827,325.16368177116027,-0.4601635867578477,-0.0703927171040178,0.6016561388652499,0.3863407549531644,0.6770649043422208,0.5613656915949233,-0.3612432116184818,-0.0838301497202194
42.8,11.7,2013.0,7.0,2.0,12.0,19.0,9.0,22.0,64.0,543.28094,-1.4369815032346231,1.181892979176158,1.1922686849520017,1.2767792143652303,-0.1328883913111151,0.304498565853072,-0.7758271106237343,0.0844964417491778
42.8,13.3,2013.0,7.0,2.0,5.777777777777777,37.37007525453741,28.52921646746348,64.11509517485612,51.0938468348827,325.16368177116027,0.20697570980291552,0.27613507289804023,1.5313154429803122,0.41529958724283633,0.4455336490838321,0.5452774361596429,-0.8873169132520089,-0.32101253270370755
42.8,16.8,2013.0,7.0,2.0,12.0,19.0,2.0,19.0,82.0,17.53375,-1.3808035200133204,1.2955234492230876,0.828237015053102,0.6806809275027788,-0.1899236366304021,0.3517901601389569,0.8129460544986338,0.5336703066302413
42.8,18.1,2013.0,7.0,2.0,10.0,38.0,44.0,58.0,1.0,450.27966,-2.360283440746871,0.5258625058584377,0.4067430676244914,0.873836101690558,-0.12848387399234507,-0.0879035443235914,-1.238387070466867,-1.0833702032541908
42.8,20.8,2013.0,7.0,2.0,5.777777777777777,37.37007525453741,28.52921646746348,64.11509517485612,51.0938468348827,325.16368177116027,-0.26005572773128405,-0.08658291169467722,0.7263005789995279,0.05346690321014985,0.2977633888066796,0.5717930826695076,0.4369453025409092,0.18185973669243966
42.8,21.5,2013.0,7.0,2.0,10.0,38.0,28.0,52.0,6.0,729.5136,-1.8044916186396374,1.5672350430011153,-0.43147413922173705,1.1884801114210448,-0.535820665351968,-0.6206044745203444,-0.0868475054145054,0.23988883762753563
42.8,24.7,2013.0,7.0,2.0,5.777777777777777,37.37007525453741,28.52921646746348,64.11509517485612,51.0938468348827,325.16368177116027,-0.4601635867578477,-0.0703927171040178,0.6016561388652499,0.3863407549531644,0.6770649043422208,0.5613656915949233,-0.3612432116184818,-0.0838301497202194
42.8,25.6,2013.0,7.0,2.0,5.0,46.0,23.0,27.5,12.5,713.4390000000001,-0.5747188436678988,-0.0967085681143744,0.310265111235344,0.3331491893375423,0.324279596718439,0.3922049188915639,-0.3188180158262767,-0.5313163907353988
42.9,7.7,2013.0,7.0,2.0,0.0,55.0,20.0,26.0,80.0,0.0,0.4979730930078495,-1.2413545811954605,0.9288819949917374,0.5971939127255713,3.0101176302544546,1.2087206931797043,-0.3714135777777357,-0.5313163907353988
42.9,9.3,2013.0,7.0,2.0,12.0,19.0,17.0,25.0,53.0,68.49383,-1.4564848785867786,1.1187000814501218,0.8970415978043692,0.986448969707008,0.6731718548396031,0.7816953689686535,-0.7758271106237343,-0.5313163907353988
42.9,10.8,2013.0,7.0,2.0,5.777777777777777,37.37007525453741,28.52921646746348,64.11509517485612,51.0938468348827,325.16368177116027,-1.6164908208651065,-0.10484891595817405,1.2711089859905738,0.8974210890384566,0.6795290214779354,1.1108723633233835,-1.0917683009908028,-0.5483996530224087
42.9,13.7,2013.0,7.0,2.0,12.0,19.0,7.0,21.0,72.0,299.00204,-0.8267379194715199,0.9057298091679918,-0.5010432785164887,0.9946615803640937,-0.07597299827470519,0.10043658365638419,-0.07197153573895093,-0.36729522981415186
42.9,19.2,2013.0,7.0,2.0,5.777777777777777,37.37007525453741,28.52921646746348,64.11509517485612,51.0938468348827,325.16368177116027,-0.8796593684087776,-0.2832655593367913,0.35635302271079183,0.031220089982032406,0.10660403895658777,0.07373278233368352,-0.19469412212683268,0.34912018641442083
42.9,22.4,2013.0,7.0,2.0,5.777777777777777,37.37007525453741,28.52921646746348,64.11509517485612,51.0938468348827,325.16368177116027,-0.5987267075954287,-0.3766414460075648,0.1550849325981361,0.40744974398276795,0.022368396642145405,0.6071466495281369,-0.21328737834535103,-0.13898860673518634
42.9,24.0,2013.0,7.0,2.0,0.0,54.0,39.0,11.0,14.0,674.8193,0.378651333110606,-1.0626589007738343,-0.1326988811362898,-0.6249810759337024,-0.2659798743568491,-0.3473149285304291,-0.7758271106237343,-0.5313163907353988
43.0,7.3,2013.0,7.0,2.0,5.777777777777777,37.37007525453741,28.52921646746348,64.11509517485612,51.0938468348827,325.16368177116027,-0.4601635867578477,-0.0703927171040178,0.6016561388652499,0.3863407549531644,0.6770649043422208,0.5613656915949233,-0.3612432116184818,-0.0838301497202194
43.0,8.1,2013.0,7.0,2.0,5.777777777777777,37.37007525453741,28.52921646746348,64.11509517485612,51.0938468348827,325.16368177116027,0.19319618642672093,-0.0523589663488991,0.20214371491467797,0.33764539093539503,0.10032866624249936,0.19604297945134685,-0.7588613797703159,-0.14733648854402512
43.0,13.2,2013.0,7.0,2.0,0.0,55.0,9.0,22.0,59.0,1026.774,0.6724422770604424,-1.1110861755461658,-0.10205285637803507,0.14936003306564785,-0.07467252018024184,1.1184303381669265,-0.27830091539745294,-0.41817071312747056
43.0,18.0,2013.0,7.0,2.0,5.777777777777777,37.37007525453741,28.52921646746348,64.11509517485612,51.0938468348827,325.16368177116027,-0.33001256687558767,0.32963008334332383,-0.21089927207928472,1.1449839870716203,0.6573004317904878,-0.26833765341118443,-0.7468301265436768,-0.11446944653796703
43.0,20.8,2013.0,7.0,2.0,5.777777777777777,37.37007525453741,28.52921646746348,64.11509517485612,51.0938468348827,325.16368177116027,-0.4790863761457456,-0.06143658282457593,0.44930087426675713,-0.27365427946812854,1.0709718516430269,-0.02991254464381521,0.9910665515509325,-0.3742623191425626
43.0,21.6,2013.0,7.0,2.0,12.0,18.0,59.0,18.0,92.0,517.57837,-1.4837725298276137,0.8660523111705126,1.21878693492597,1.3778148135331283,0.661423019031812,-0.1950689441928948,-1.3964840506826524,-0.2916452799494532
43.0,22.4,2013.0,7.0,2.0,5.777777777777777,37.37007525453741,28.52921646746348,64.11509517485612,51.0938468348827,325.16368177116027,-0.9251590216356265,-0.23952946661598223,0.8843457613392394,1.0722533981888003,1.1642753855151646,0.5817457176937966,-0.07246201066279684,-0.17174837015326508
43.0,22.7,2013.0,7.0,2.0,0.0,54.0,42.0,12.0,18.0,700.00995,0.2140478402902462,-1.3648884557998702,-0.9573840626051731,-1.5268511126277176,-0.518847381397538,-0.6883699966388112,-1.2913326117732011,-0.24532646901449817
43.0,23.2,2013.0,7.0,2.0,5.777777777777777,37.37007525453741,28.52921646746348,64.11509517485612,51.0938468348827,325.16368177116027,-0.4601635867578477,-0.0703927171040178,0.6016561388652499,0.3863407549531644,0.6770649043422208,0.5613656915949233,-0.3612432116184818,-0.0838301497202194
43.1,-2.4,2013.0,7.0,2.0,5.777777777777777,37.37007525453741,28.52921646746348,64.11509517485612,51.0938468348827,325.16368177116027,-0.4601635867578477,-0.0703927171040178,0.6016561388652499,0.3863407549531644,0.6770649043422208,0.5613656915949233,-0.3612432116184818,-0.0838301497202194
43.1,-1.1,2013.0,7.0,2.0,5.777777777777777,37.37007525453741,28.52921646746348,64.11509517485612,51.0938468348827,325.16368177116027,-0.4601635867578477,-0.0703927171040178,0.6016561388652499,0.3863407549531644,0.6770649043422208,0.5613656915949233,-0.3612432116184818,-0.0838301497202194
43.1,1.2,2013.0,7.0,2.0,5.777777777777777,37.37007525453741,28.52921646746348,64.11509517485612,51.0938468348827,325.16368177116027,-0.4601635867578477,-0.0703927171040178,0.6016561388652499,0.3863407549531644,0.6770649043422208,0.5613656915949233,-0.3612432116184818,-0.0838301497202194
43.1,1.7,2013.0,7.0,2.0,5.777777777777777,37.37007525453741,28.52921646746348,64.11509517485612,51.0938468348827,325.16368177116027,-0.4601635867578477,-0.0703927171040178,0.6016561388652499,0.3863407549531644,0.6770649043422208,0.5613656915949233,-0.3612432116184818,-0.0838301497202194
43.1,8.0,2013.0,7.0,2.0,12.0,19.0,22.0,27.0,47.0,0.0,-1.812910225880839,0.5488105299281623,0.8785316703655723,-0.40407933513598926,1.6712872297848038,1.8241049783284424,-0.18446231935735932,-0.24342095428860183
43.1,8.7,2013.0,7.0,2.0,5.777777777777777,37.37007525453741,28.52921646746348,64.11509517485612,51.0938468348827,325.16368177116027,-0.4601635867578477,-0.0703927171040178,0.6016561388652499,0.3863407549531644,0.6770649043422208,0.5613656915949233,-0.3612432116184818,-0.0838301497202194
43.1,10.8,2013.0,7.0,2.0,5.777777777777777,37.37007525453741,28.52921646746348,64.11509517485612,51.0938468348827,325.16368177116027,-0.17449378627517115,0.19898775832232335,0.6308406858226838,0.6375346180318546,0.7764113540151932,1.4278583883578149,-0.3051653529197725,-0.3580701734056009
43.1,13.7,2013.0,7.0,2.0,0.0,55.0,7.0,21.0,57.0,157.86919,0.3448514810911807,-0.11600359341493593,0.6323872723360707,0.5607614929015173,-0.21840980954083242,-0.7565632834218728,0.7321998140326262,0.2930278616630393
43.1,23.6,2013.0,7.0,2.0,5.777777777777777,37.37007525453741,28.52921646746348,64.11509517485612,51.0938468348827,325.16368177116027,-0.4601635867578477,-0.0703927171040178,0.6016561388652499,0.3863407549531644,0.6770649043422208,0.5613656915949233,-0.3612432116184818,-0.0838301497202194
43.1,24.8,2013.0,7.0,2.0,5.777777777777777,37.37007525453741,28.52921646746348,64.11509517485612,51.0938468348827,325.16368177116027,-0.4601635867578477,-0.0703927171040178,0.6016561388652499,0.3863407549531644,0.6770649043422208,0.5613656915949233,-0.3612432116184818,-0.0838301497202194
43.2,-4.7,2013.0,7.0,2.0,5.777777777777777,37.37007525453741,28.52921646746348,64.11509517485612,51.0938468348827,325.16368177116027,-0.4601635867578477,-0.0703927171040178,0.6016561388652499,0.3863407549531644,0.6770649043422208,0.5613656915949233,-0.3612432116184818,-0.0838301497202194
43.2,0.1,2013.0,7.0,2.0,5.777777777777777,37.37007525453741,28.52921646746348,64.11509517485612,51.0938468348827,325.16368177116027,-0.4601635867578477,-0.0703927171040178,0.6016561388652499,0.3863407549531644,0.6770649043422208,0.5613656915949233,-0.3612432116184818,-0.0838301497202194
43.2,2.3,2013.0,7.0,2.0,5.777777777777777,37.37007525453741,28.52921646746348,64.11509517485612,51.0938468348827,325.16368177116027,-0.4601635867578477,-0.0703927171040178,0.6016561388652499,0.3863407549531644,0.6770649043422208,0.5613656915949233,-0.3612432116184818,-0.0838301497202194
43.2,6.2,2013.0,7.0,2.0,5.777777777777777,37.37007525453741,28.52921646746348,64.11509517485612,51.0938468348827,325.16368177116027,0.061466385436229454,0.12136556732089883,1.2868186752542576,0.3467479961209562,0.9189042046556175,0.18271369900072643,-0.36655506363840673,0.4721462261261623
43.2,16.5,2013.0,7.0,2.0,5.777777777777777,37.37007525453741,28.52921646746348,64.11509517485612,51.0938468348827,325.16368177116027,-0.4601635867578477,-0.0703927171040178,0.6016561388652499,0.3863407549531644,0.6770649043422208,0.5613656915949233,-0.3612432116184818,-0.0838301497202194
43.2,17.3,2013.0,7.0,2.0,0.0,54.0,56.0,17.0,40.0,560.247,0.6400347049841598,-1.671256103215863,0.9550712073365806,0.10296513348702868,0.20144072932417662,0.6488339415557691,-0.4606576414502358,0.29982668522106437
43.2,18.2,2013.0,7.0,2.0,5.777777777777777,37.37007525453741,28.52921646746348,64.11509517485612,51.0938468348827,325.16368177116027,-0.16710525656910818,-0.33571861048462637,0.41897439519507484,0.5211043656629882,1.1530636148980147,0.6440778323144496,-0.8001568398033372,0.09850314535213381
43.3,2.7,2013.0,7.0,2.0,5.777777777777777,37.37007525453741,28.52921646746348,64.11509517485612,51.0938468348827,325.16368177116027,-0.4601635867578477,-0.0703927171040178,0.6016561388652499,0.3863407549531644,0.6770649043422208,0.5613656915949233,-0.3612432116184818,-0.0838301497202194
43.3,6.0,2013.0,7.0,2.0,5.777777777777777,37.37007525453741,28.52921646746348,64.11509517485612,51.0938468348827,325.16368177116027,-1.1966232325912236,0.9413932025460859,0.6869753000987531,-0.23378274933462023,0.8885190924601244,0.6743896377959091,0.18121674163878626,0.029626618374409427
43.3,6.7,2013.0,7.0,2.0,6.0,37.0,22.5,27.0,62.0,56.7278785,-0.4869460068402897,-0.1055156866493577,0.7183519957573754,0.5438577232910597,0.7043510109844516,0.5918479873416886,-0.761058323740597,-0.5313163907353988
43.3,10.7,2013.0,7.0,2.0,12.0,19.0,20.0,26.0,60.0,147.16714,-1.4866588606969484,1.5698405719139434,1.385598575557591,0.22983451869676896,0.2879747557727008,1.5652385425231736,-1.1999248240048699,0.1496485377361932
43.3,12.2,2013.0,7.0,2.0,0.0,55.0,7.0,21.0,64.0,419.9665,0.9521625701980715,-0.6373567525727561,-0.013230927480951338,-0.5702874210810651,-0.08487849621099255,0.4509166153301408,-1.5864040457922846,-0.8065293614475681
43.3,12.3,2013.0,7.0,2.0,12.0,19.0,17.0,25.0,67.0,368.30548,-0.8947639430657977,1.248932236426055,0.741938807013921,1.113334093515864,0.651003679918873,0.5843700706119497,-0.6895837632066741,-0.6116544710968591
43.3,12.5,2013.0,7.0,2.0,5.777777777777777,37.37007525453741,28.52921646746348,64.11509517485612,51.0938468348827,325.16368177116027,-0.4044301726496183,0.5656187776107526,1.434556373371816,-0.3918966190620404,0.2749412494042261,0.09205967360973855,-0.42174601535311046,0.21138042934554313
43.3,13.3,2013.0,7.0,2.0,6.0,37.0,9.5,22.0,65.0,259.94417,-1.6695676209266277,0.19324247682421053,1.0958571679349767,0.42575306485052333,1.287250507298596,1.1913066486355426,-0.05480431321529816,-1.1958892116011541
43.3,17.0,2013.0,7.0,2.0,5.777777777777777,37.37007525453741,28.52921646746348,64.11509517485612,51.0938468348827,325.16368177116027,-0.5239528090948689,-0.4071552202105473,0.5956986235449123,-0.09202803625369066,1.0566804481802359,0.20554929258848936,-0.6914073620385393,-0.8239891838448422
43.3,17.2,2013.0,7.0,2.0,5.777777777777777,37.37007525453741,28.52921646746348,64.11509517485612,51.0938468348827,325.16368177116027,-0.4805080220321009,-0.6397887279011228,0.6147305884820135,-0.08227446706461577,0.782865671452999,0.35501863577180665,-0.5022904542527808,-0.42034627216513964
43.3,17.8,2013.0,7.0,2.0,5.777777777777777,37.37007525453741,28.52921646746348,64.11509517485612,51.0938468348827,325.16368177116027,-0.8096288989936009,0.7482512693638782,0.6014757234350621,0.1174126320714432,1.1475092595168142,-0.012543706662022314,-1.2004857296542544,-0.12057999378871453
43.3,18.1,2013.0,7.0,2.0,5.777777777777777,37.37007525453741,28.52921646746348,64.11509517485612,51.0938468348827,325.16368177116027,-1.592671608255546,-0.44201195138527644,0.6601431212200538,0.8762267749768486,0.3855286827625322,0.33431831541199886,-0.5744710140557219,-0.8938401196263075
43.3,20.7,2013.0,7.0,2.0,5.777777777777777,37.37007525453741,28.52921646746348,64.11509517485612,51.0938468348827,325.16368177116027,-0.6393876570089435,-0.06814425650130812,0.3541462889146504,-0.6583443642240712,1.3162822345349312,0.7490693572522298,-0.21653599744424631,-1.0068524049432144
43.3,21.0,2013.0,7.0,2.0,12.0,19.0,4.0,20.0,91.0,894.5281,-1.7406461174667591,0.8088837686526272,0.5209688469003377,0.053652780918777565,-0.41594503976544905,-0.6877960812269314,-0.4456763233321631,-0.8168940228387911
43.3,22.6,2013.0,7.0,2.0,5.777777777777777,37.37007525453741,28.52921646746348,64.11509517485612,51.0938468348827,325.16368177116027,-0.4601635867578477,-0.0703927171040178,0.6016561388652499,0.3863407549531644,0.6770649043422208,0.5613656915949233,-0.3612432116184818,-0.0838301497202194
43.3,23.1,2013.0,7.0,2.0,5.777777777777777,37.37007525453741,28.52921646746348,64.11509517485612,51.0938468348827,325.16368177116027,-0.4601635867578477,-0.0703927171040178,0.6016561388652499,0.3863407549531644,0.6770649043422208,0.5613656915949233,-0.3612432116184818,-0.0838301497202194
43.4,1.7,2013.0,7.0,2.0,5.777777777777777,37.37007525453741,28.52921646746348,64.11509517485612,51.0938468348827,325.16368177116027,-0.34023091171058784,0.320989756748488,1.3770237174738567,0.313414698999112,0.2689275650030163,-0.09909347792351197,-0.8109708009290371,-0.7634533008752536
43.4,8.8,2013.0,7.0,2.0,5.777777777777777,37.37007525453741,28.52921646746348,64.11509517485612,51.0938468348827,325.16368177116027,-0.4601635867578477,-0.0703927171040178,0.6016561388652499,0.3863407549531644,0.6770649043422208,0.5613656915949233,-0.3612432116184818,-0.0838301497202194
43.4,13.6,2013.0,7.0,2.0,0.0,55.0,1.0,19.0,58.0,45.212208,0.4515334414620371,-1.1757585316396002,0.8554933940230965,0.3264546587283257,1.5181372695454105,1.1333134075254894,-0.4337810279855066,-0.5313163907353988
43.4,19.9,2013.0,7.0,2.0,5.777777777777777,37.37007525453741,28.52921646746348,64.11509517485612,51.0938468348827,325.16368177116027,-0.4601635867578477,-0.0703927171040178,0.6016561388652499,0.3863407549531644,0.6770649043422208,0.5613656915949233,-0.3612432116184818,-0.0838301497202194
43.4,20.7,2013.0,7.0,2.0,5.777777777777777,37.37007525453741,28.52921646746348,64.11509517485612,51.0938468348827,325.16368177116027,-1.0159446947073971,0.16398407813139343,1.3768506050848301,0.15213965412695213,-0.0057145848269998245,0.015495791839163275,-0.2972580933850555,0.6902072955193083
43.4,24.7,2013.0,7.0,2.0,0.0,54.0,28.0,7.0,13.0,204.202,0.3636760827495254,-1.057268168664053,0.0991515358680857,-0.2197940051538095,0.3179903004939916,0.5176721918541808,-0.6451674876090715,-0.5313163907353988
43.4,25.5,2013.0,7.0,2.0,0.0,54.0,26.0,6.0,11.0,127.80501,0.3566705739268062,-1.048814127240983,0.2030965658283139,-0.1619820092173,0.6921866873954148,0.7861016002545805,-0.5090377435851465,-0.5313163907353988
43.5,13.3,2013.0,7.0,2.0,5.777777777777777,37.37007525453741,28.52921646746348,64.11509517485612,51.0938468348827,325.16368177116027,-0.34072155582333224,-0.19367633189129468,0.17964033708248206,-0.658793011331648,0.5809662989329021,1.2701164169246044,-0.5987843340593596,-0.2850268798957881
43.5,16.8,2013.0,7.0,2.0,5.777777777777777,37.37007525453741,28.52921646746348,64.11509517485612,51.0938468348827,325.16368177116027,-0.22367731337334873,-0.2677527684499505,1.3233988834951456,0.8960384208751668,1.476195745978304,0.16207563803408337,-0.31200472639088694,0.1283909039310489
43.6,-0.2,2013.0,7.0,2.0,7.0,27.0,55.0,84.5,13.5,172.8784,-0.5706672920740057,-0.108058760563361,0.6848706368641222,0.4503293163714756,1.2103564627365275,2.066337769444772,-0.6038380503060886,-0.0513113040027623
43.6,1.7,2013.0,7.0,2.0,2.0,35.0,46.0,126.0,8.0,197.50224,-0.3371020261432374,-0.6784030417696257,0.6403458207322643,-0.18242189109304935,0.47817458199063695,1.2240766306332578,-0.7037598777946589,1.7128961655585453
43.6,4.2,2013.0,7.0,2.0,5.777777777777777,37.37007525453741,28.52921646746348,64.11509517485612,51.0938468348827,325.16368177116027,-0.4601635867578477,-0.0703927171040178,0.6016561388652499,0.3863407549531644,0.6770649043422208,0.5613656915949233,-0.3612432116184818,-0.0838301497202194
43.6,6.5,2013.0,7.0,2.0,5.777777777777777,37.37007525453741,28.52921646746348,64.11509517485612,51.0938468348827,325.16368177116027,-0.4601635867578477,-0.0703927171040178,0.6016561388652499,0.3863407549531644,0.6770649043422208,0.5613656915949233,-0.3612432116184818,-0.0838301497202194
43.6,10.9,2013.0,7.0,2.0,5.777777777777777,37.37007525453741,28.52921646746348,64.11509517485612,51.0938468348827,325.16368177116027,-0.4601635867578477,-0.0703927171040178,0.6016561388652499,0.3863407549531644,0.6770649043422208,0.5613656915949233,-0.3612432116184818,-0.0838301497202194
43.6,11.6,2013.0,7.0,2.0,5.777777777777777,37.37007525453741,28.52921646746348,64.11509517485612,51.0938468348827,325.16368177116027,-0.4601635867578477,-0.0703927171040178,0.6016561388652499,0.3863407549531644,0.6770649043422208,0.5613656915949233,-0.3612432116184818,-0.0838301497202194
43.6,16.9,2013.0,7.0,2.0,5.777777777777777,37.37007525453741,28.52921646746348,64.11509517485612,51.0938468348827,325.16368177116027,-1.5055747969378421,-0.5347170954361111,0.32502530248398287,1.3230513256922882,0.8136904446317506,1.2673922081822504,-0.5510843602174295,-0.4888198806160089
43.6,17.2,2013.0,7.0,2.0,0.0,54.0,50.0,15.0,41.0,871.41943,-0.11820182877533619,-0.725269202988027,0.5831408822845532,-0.5476821306525189,-0.21193041398395907,-0.5223354614970919,-0.7291940900072366,0.06065321794664014
43.6,17.6,2013.0,7.0,2.0,5.777777777777777,37.37007525453741,28.52921646746348,64.11509517485612,51.0938468348827,325.16368177116027,-0.4601635867578477,-0.0703927171040178,0.6016561388652499,0.3863407549531644,0.6770649043422208,0.5613656915949233,-0.3612432116184818,-0.0838301497202194
43.6,21.1,2013.0,7.0,2.0,5.777777777777777,37.37007525453741,28.52921646746348,64.11509517485612,51.0938468348827,325.16368177116027,0.05105728590218367,-0.11746645555302203,0.5086147825696076,0.34900876084767773,0.7913670902221346,0.92740103344415,-0.6273888321552419,0.799673621106224
43.6,22.0,2013.0,7.0,2.0,5.777777777777777,37.37007525453741,28.52921646746348,64.11509517485612,51.0938468348827,325.16368177116027,-0.4601635867578477,-0.0703927171040178,0.6016561388652499,0.3863407549531644,0.6770649043422208,0.5613656915949233,-0.3612432116184818,-0.0838301497202194
43.6,22.7,2013.0,7.0,2.0,5.777777777777777,37.37007525453741,28.52921646746348,64.11509517485612,51.0938468348827,325.16368177116027,-0.4601635867578477,-0.0703927171040178,0.6016561388652499,0.3863407549531644,0.6770649043422208,0.5613656915949233,-0.3612432116184818,-0.0838301497202194
43.7,3.0,2013.0,7.0,2.0,5.777777777777777,37.37007525453741,28.52921646746348,64.11509517485612,51.0938468348827,325.16368177116027,-0.4601635867578477,-0.0703927171040178,0.6016561388652499,0.3863407549531644,0.6770649043422208,0.5613656915949233,-0.3612432116184818,-0.0838301497202194
43.7,3.9,2013.0,7.0,2.0,5.777777777777777,37.37007525453741,28.52921646746348,64.11509517485612,51.0938468348827,325.16368177116027,-0.7153747278045045,-0.23429704285154473,0.4857863257614592,0.21565358582606342,1.083793032569865,0.7773982614778155,-0.2822218224606101,-1.0232006926109694
43.7,11.3,2013.0,7.0,2.0,5.777777777777777,37.37007525453741,28.52921646746348,64.11509517485612,51.0938468348827,325.16368177116027,-0.4601635867578477,-0.0703927171040178,0.6016561388652499,0.3863407549531644,0.6770649043422208,0.5613656915949233,-0.3612432116184818,-0.0838301497202194
43.7,12.8,2013.0,7.0,2.0,0.0,54.0,59.0,18.0,62.0,274.35733,0.4518010904242946,-1.185365496692077,0.6854204773620759,0.0775085648699138,1.60054552083993,0.9387964763542952,0.3095231389311402,-0.1149741959047589
43.7,16.6,2013.0,7.0,2.0,0.0,54.0,50.0,15.0,44.0,483.78528,0.425882206473368,-1.143344003151209,0.1275327716809572,-0.3556832860061135,0.1217630816339099,0.2148754826567052,0.3061467215650646,0.3700718971193383
43.7,18.2,2013.0,7.0,2.0,12.0,19.0,15.0,24.0,86.0,1105.6611,-1.3498529501779024,1.3095300086240371,0.5968407703281756,0.6436486253704077,0.0001224605375824,-0.1942075791381982,-0.7758271106237343,-0.5313163907353988
43.7,19.2,2013.0,7.0,2.0,0.0,54.0,42.0,12.0,32.0,737.47906,0.4047072152457709,-1.1150525734056298,-0.2596848462488687,-0.9298059080352088,-0.2878161702526666,-0.623562171961298,-0.7758271106237343,-0.5313163907353988
43.7,19.8,2013.0,7.0,2.0,11.0,28.5,31.0,41.5,46.5,901.853375,-0.9637447013728793,1.2386135613787814,0.5149631235908968,1.2137959575466115,-0.3911662043379899,-0.6530647552028856,0.10649653371749968,-0.34532141373956776
43.7,20.8,2013.0,7.0,2.0,5.777777777777777,37.37007525453741,28.52921646746348,64.11509517485612,51.0938468348827,325.16368177116027,-0.4601635867578477,-0.0703927171040178,0.6016561388652499,0.3863407549531644,0.6770649043422208,0.5613656915949233,-0.3612432116184818,-0.0838301497202194
43.7,21.3,2013.0,7.0,2.0,5.777777777777777,37.37007525453741,28.52921646746348,64.11509517485612,51.0938468348827,325.16368177116027,0.5716768437787552,-0.041925700609397314,1.0095822516134594,0.7634224845798745,1.3641781564937272,0.06073213286606438,-0.4872835763341883,0.04024690432546936
43.7,22.3,2013.0,7.0,2.0,5.777777777777777,37.37007525453741,28.52921646746348,64.11509517485612,51.0938468348827,325.16368177116027,-0.4601635867578477,-0.0703927171040178,0.6016561388652499,0.3863407549531644,0.6770649043422208,0.5613656915949233,-0.3612432116184818,-0.0838301497202194
43.8,4.5,2013.0,7.0,2.0,12.0,19.0,43.0,35.0,32.0,29.874346,-0.24171744321946442,1.0330202756481326,1.231426381244244,0.8599020070286434,0.6082658095445663,1.2294963124167053,-0.7779280228500209,0.3799317184840245
43.8,4.7,2013.0,7.0,2.0,12.0,19.0,43.0,35.0,33.0,47.075066,-2.180007670611493,0.5222365340153594,0.9847252922763237,0.35314893761973454,0.3496310671052133,1.1243788586310177,-0.6065620275680099,-1.2046040425057698
43.8,5.5,2013.0,7.0,2.0,5.777777777777777,37.37007525453741,28.52921646746348,64.11509517485612,51.0938468348827,325.16368177116027,0.1048249475137985,0.021910989438081133,0.07969910468070507,-0.465544679410771,1.4042983853182158,-0.12714590975498674,-0.16085957932902104,-0.06324185981775944
43.8,10.3,2013.0,7.0,2.0,5.777777777777777,37.37007525453741,28.52921646746348,64.11509517485612,51.0938468348827,325.16368177116027,-0.48779512203716396,-0.9761378446115341,-0.01729228701410268,-0.0664209054346403,0.38366052678964097,0.2606287206167228,-1.1850923523106702,-0.9644873492631019
43.8,12.4,2013.0,7.0,2.0,6.0,36.5,42.0,23.0,66.0,645.185375,-0.20424073940334997,0.017723953712697874,0.08369360928314828,1.552480023989161,0.6059541988233392,0.12895787681324214,-1.769030766901787,-0.7191706839250662
43.8,14.5,2013.0,7.0,2.0,5.777777777777777,37.37007525453741,28.52921646746348,64.11509517485612,51.0938468348827,325.16368177116027,-0.4601635867578477,-0.0703927171040178,0.6016561388652499,0.3863407549531644,0.6770649043422208,0.5613656915949233,-0.3612432116184818,-0.0838301497202194
43.8,19.9,2013.0,7.0,2.0,5.777777777777777,37.37007525453741,28.52921646746348,64.11509517485612,51.0938468348827,325.16368177116027,-0.7325779033288187,0.2137089825251831,0.43296108666797056,0.3546094713173735,0.764123163080699,-0.3335263700886758,-1.1867175715801752,0.13088272267207468
43.8,21.4,2013.0,7.0,2.0,5.777777777777777,37.37007525453741,28.52921646746348,64.11509517485612,51.0938468348827,325.16368177116027,-0.32761131423414147,-0.18917836532937038,1.2996022854220182,0.3232595299267262,0.5442077126311817,0.12207566574640966,-0.29398760057168405,0.2748623882155803
43.9,0.6,2013.0,7.0,2.0,12.0,19.0,59.0,41.0,18.0,138.82382,-2.2546611098177354,1.0031570092304143,0.9673374476807495,1.1143026151091389,1.3115172473694021,2.504017194420037,0.21165384911032792,0.36791844733219714
43.9,3.9,2013.0,7.0,2.0,5.777777777777777,37.37007525453741,28.52921646746348,64.11509517485612,51.0938468348827,325.16368177116027,-0.12936958921020203,-0.4263302458157259,0.2934427514733211,0.5310281085149167,0.9843340811317487,0.48943390557678745,-0.1191108284271549,0.4282087915118976
43.9,7.2,2013.0,7.0,2.0,0.0,55.0,4.0,20.0,82.0,890.57886,0.4804410280789602,-1.2493903343945818,0.2059364013671986,-0.3600424025596186,0.5061828103934087,0.2413633054952358,-0.7470864833851804,-0.5313163907353988
43.9,7.9,2013.0,7.0,2.0,6.0,37.0,20.0,26.0,64.0,226.21865,-0.4857825030366824,-0.0852414826158826,0.4993523380833835,0.3309760914039611,0.8371302524224549,1.0008529203091472,-0.4596294413656406,-0.2093036023371313
43.9,12.6,2013.0,7.0,2.0,6.0,36.5,40.5,22.5,66.0,205.67154,-0.1814384219174836,0.16814919466064962,1.0788575670619387,0.7780303582078925,0.08609363402402231,1.00170847295923,0.7270615346014565,-0.64301767582673
43.9,15.8,2013.0,7.0,2.0,12.0,19.0,20.0,26.0,80.0,124.81363,-1.3749427262310063,1.2586455933027791,1.0255391207693831,0.9585887397892848,0.1538647069459729,0.3146796838808496,-0.690222429721779,-0.5313163907353988
43.9,17.5,2013.0,7.0,2.0,5.777777777777777,37.37007525453741,28.52921646746348,64.11509517485612,51.0938468348827,325.16368177116027,-0.3620138820192691,0.6713855027560892,0.4815658047200552,-0.03591676723533016,0.27708805798141267,-0.4702232194904502,-0.8392597950917877,-0.0589298642398941
43.9,17.7,2013.0,7.0,2.0,5.777777777777777,37.37007525453741,28.52921646746348,64.11509517485612,51.0938468348827,325.16368177116027,-0.8419568177423822,-0.10240739078499525,0.40666704630664224,0.9671284728588896,-0.6015699688179166,0.1657396531402039,-0.8691388834064928,0.25333412874479794
44.0,0.8,2013.0,7.0,2.0,5.777777777777777,37.37007525453741,28.52921646746348,64.11509517485612,51.0938468348827,325.16368177116027,-0.436170820020396,-0.9333468745232979,1.1499399818436182,0.760862526918548,0.6272592996784738,0.6798446606368772,-1.2848774999195378,-0.24384131098314574
44.0,2.3,2013.0,7.0,2.0,5.777777777777777,37.37007525453741,28.52921646746348,64.11509517485612,51.0938468348827,325.16368177116027,0.38076829495782444,-0.2884653395379046,0.7665740906726475,-0.16938627323909233,-0.03370834974864889,0.19319809496885804,-0.2306013684112641,-0.23445142541920497
44.0,2.8,2013.0,7.0,2.0,5.777777777777777,37.37007525453741,28.52921646746348,64.11509517485612,51.0938468348827,325.16368177116027,-0.3848115731472356,0.9006494543909181,0.5913793437532778,1.0864913966883334,-0.19968448629266822,1.0117930981920522,-0.044054290131430085,-0.36390367470568613
44.0,3.1,2013.0,7.0,2.0,5.777777777777777,37.37007525453741,28.52921646746348,64.11509517485612,51.0938468348827,325.16368177116027,-0.7730214931530464,-0.09633902168016788,0.6800111282412654,0.018549160317439417,0.2768601825912758,0.3680100323736457,-0.22511780663911238,0.2864473668119261
44.0,4.4,2013.0,7.0,2.0,5.777777777777777,37.37007525453741,28.52921646746348,64.11509517485612,51.0938468348827,325.16368177116027,-0.4372509560061551,-1.2074966221948877,0.4120735925214991,0.6674587801792982,0.6718015139879601,0.09246249091286318,-0.5914365339239163,-0.6569037538554231
44.0,5.0,2013.0,7.0,2.0,2.0,35.0,24.0,118.0,3.0,129.06651,0.5455162356112351,-1.1631266923180295,0.599669310154357,0.21587989970961333,0.5921613725889587,0.0549464328467249,-0.26693451139170754,0.18126503314098602
44.0,5.5,2013.0,7.0,2.0,5.777777777777777,37.37007525453741,28.52921646746348,64.11509517485612,51.0938468348827,325.16368177116027,-0.09416494934722847,0.5239162622871547,1.114008833027654,0.3794252205203201,1.2342883057875627,0.14257606133344075,-0.4740916730873417,-0.3640655120671526
44.0,7.6,2013.0,7.0,2.0,5.777777777777777,37.37007525453741,28.52921646746348,64.11509517485612,51.0938468348827,325.16368177116027,-0.4834343431048064,-0.40561352397298656,1.3357451720553355,0.4930781610142434,0.9643893721061179,0.8040052391339553,-0.9370636798619658,0.08371658451477221
44.0,8.2,2013.0,7.0,2.0,5.777777777777777,37.37007525453741,28.52921646746348,64.11509517485612,51.0938468348827,325.16368177116027,-0.4601635867578477,-0.0703927171040178,0.6016561388652499,0.3863407549531644,0.6770649043422208,0.5613656915949233,-0.3612432116184818,-0.0838301497202194
44.0,10.3,2013.0,7.0,2.0,5.777777777777777,37.37007525453741,28.52921646746348,64.11509517485612,51.0938468348827,325.16368177116027,0.141624129110211,-0.19147023037720523,-0.17593473493177503,-0.24281708156702303,0.01263982753746662,1.238979797404822,-0.7766556115666139,-0.6750911202801289
44.0,11.9,2013.0,7.0,2.0,0.0,54.0,56.0,17.0,66.0,509.1512,0.4521873565402793,-1.195552315052247,0.380574202601888,-0.2361410960008937,0.1620228643561062,0.0659803131341115,-0.7758271106237343,-0.5313163907353988
44.0,16.6,2013.0,7.0,2.0,5.777777777777777,37.37007525453741,28.52921646746348,64.11509517485612,51.0938468348827,325.16368177116027,-0.4601635867578477,-0.0703927171040178,0.6016561388652499,0.3863407549531644,0.6770649043422208,0.5613656915949233,-0.3612432116184818,-0.0838301497202194
44.0,18.2,2013.0,7.0,2.0,0.0,54.0,40.0,11.0,37.0,664.9198,-0.5946863923660448,-1.4283786772591518,-0.8246933161903954,-1.2984275908368033,-0.36486652616291515,0.22499483516636476,-1.1130132493917155,-1.0401430569943453
44.0,20.3,2013.0,7.0,2.0,0.0,54.0,34.0,9.0,28.0,421.19717,0.3905152524438655,-1.1041002343620738,0.0540303758839921,-0.6078748947642201,-0.2397472045559035,-0.3168324354352813,-0.7758271106237343,-0.5313163907353988
44.0,20.9,2013.0,7.0,2.0,12.0,19.0,18.0,25.0,91.0,332.44418,-1.0203625259483313,1.1138129356774045,1.4160149638956723,1.2614058104043546,0.06891561477735339,-0.33386163641621797,-0.2767378553350791,-0.597109587695325
44.0,21.4,2013.0,7.0,2.0,0.0,54.0,31.0,8.0,24.0,164.75262,-0.0407703694987856,-0.7225036106133829,0.6819507854596703,-0.525891593863575,-0.9765566321535141,-2.477668119569487,-1.2485322177713671,-0.6380164716187386
44.0,22.5,2013.0,7.0,2.0,5.777777777777777,37.37007525453741,28.52921646746348,64.11509517485612,51.0938468348827,325.16368177116027,-0.41236876955391283,0.14516854517124939,1.5520579016389298,0.05994494820206003,0.9827815273787075,0.31128421536851647,0.033392608374130106,-0.4267197439762466
44.0,23.0,2013.0,7.0,2.0,12.0,19.0,15.0,24.0,94.0,76.31169,-1.2877977977478232,1.3932053161620197,1.172880261678921,1.3556309329184482,-0.1281365562698173,-0.0589616917067092,0.3354956464198304,0.0925579654060272
44.0,25.0,2013.0,7.0,2.0,0.0,54.0,18.0,3.0,13.0,91.6358,0.019595879360302826,-1.0793432609060594,1.0060563496371118,-0.05481942222480147,1.628382073198889,0.508807840470409,-0.5581034643389673,0.054114458934713894
44.1,-2.9,2013.0,7.0,2.0,5.777777777777777,37.37007525453741,28.52921646746348,64.11509517485612,51.0938468348827,325.16368177116027,-0.4601635867578477,-0.0703927171040178,0.6016561388652499,0.3863407549531644,0.6770649043422208,0.5613656915949233,-0.3612432116184818,-0.0838301497202194
44.1,-0.1,2013.0,7.0,2.0,12.0,20.0,4.0,43.0,16.0,135.86716,-1.4860274923405197,0.8375461712414429,1.0218332360945273,0.9655368388678977,1.1542587593635705,2.1719563453752646,-0.610492901310932,0.2794395044827152
44.1,0.3,2013.0,7.0,2.0,5.777777777777777,37.37007525453741,28.52921646746348,64.11509517485612,51.0938468348827,325.16368177116027,-0.4601635867578477,-0.0703927171040178,0.6016561388652499,0.3863407549531644,0.6770649043422208,0.5613656915949233,-0.3612432116184818,-0.0838301497202194
44.1,1.9,2013.0,7.0,2.0,5.777777777777777,37.37007525453741,28.52921646746348,64.11509517485612,51.0938468348827,325.16368177116027,-0.4601635867578477,-0.0703927171040178,0.6016561388652499,0.3863407549531644,0.6770649043422208,0.5613656915949233,-0.3612432116184818,-0.0838301497202194
44.1,2.4,2013.0,7.0,2.0,5.777777777777777,37.37007525453741,28.52921646746348,64.11509517485612,51.0938468348827,325.16368177116027,-0.9774640130148324,0.5689989546395627,0.44715337141519573,0.6741123609106128,1.3733826347834222,0.2972027475402818,-0.6582916346534347,-0.3308741627087802
44.1,2.8,2013.0,7.0,2.0,5.777777777777777,37.37007525453741,28.52921646746348,64.11509517485612,51.0938468348827,325.16368177116027,-0.35139703873943395,0.11993042613694137,1.154926257674044,0.41470516124451634,0.23925367102074724,0.3381571499800486,-0.7843992826180624,-0.781329044052478
44.1,4.5,2013.0,7.0,2.0,5.777777777777777,37.37007525453741,28.52921646746348,64.11509517485612,51.0938468348827,325.16368177116027,-0.25825862855336706,0.20200364486578948,1.3483681486566392,0.6277411409680917,0.4669766733968014,0.6846147050506801,-0.738854912163228,-0.788891656111675
44.1,4.7,2013.0,7.0,2.0,5.777777777777777,37.37007525453741,28.52921646746348,64.11509517485612,51.0938468348827,325.16368177116027,-0.5073231548754231,-0.23057626304257306,0.5010226006945729,-0.29833156739671113,0.2142772769401446,0.6054629635957778,0.25094167155411656,-0.22368401787335787
44.1,5.1,2013.0,7.0,2.0,0.0,55.0,4.0,20.0,87.0,306.3039,1.461231527080335,-1.718996152799756,-0.2984700751494187,-0.32828174169286717,1.3478723409149995,-0.22790181050977765,-0.5412047634415249,0.40478829508655034
44.1,6.0,2013.0,7.0,2.0,5.777777777777777,37.37007525453741,28.52921646746348,64.11509517485612,51.0938468348827,325.16368177116027,-0.4601635867578477,-0.0703927171040178,0.6016561388652499,0.3863407549531644,0.6770649043422208,0.5613656915949233,-0.3612432116184818,-0.0838301497202194
44.1,6.6,2013.0,7.0,2.0,7.0,27.0,30.0,75.0,21.5,1504.47275,-0.5856647803964596,0.0224083624583763,0.2545741236568864,0.1444239918749006,0.2044153887530726,-0.079757317946865,-0.7083909623789034,-0.4293034663539812
44.1,7.6,2013.0,7.0,2.0,6.0,37.0,21.5,26.5,64.0,1578.9351,-0.7778208439668439,0.41917077295385435,-0.6438286988158086,1.5216383431235359,0.7628349964022687,0.43422015752223675,-0.7305107718501587,-0.6279127920968177
44.1,11.4,2013.0,7.0,2.0,5.777777777777777,37.37007525453741,28.52921646746348,64.11509517485612,51.0938468348827,325.16368177116027,-0.283920942325945,-0.04172612996000275,0.7224960074848857,-0.5984107865463377,0.7884586486552352,0.16531760140224655,-0.1046744274147523,-0.118340227159398
44.1,12.3,2013.0,7.0,2.0,12.0,19.0,31.0,30.0,68.0,57.004566,-1.4069107764675743,1.174873876596999,1.1949494091379995,1.2916598073128802,0.2863394757316193,0.6060755791438639,-0.7191046120621901,-0.5313163907353988
44.1,15.5,2013.0,7.0,2.0,5.777777777777777,37.37007525453741,28.52921646746348,64.11509517485612,51.0938468348827,325.16368177116027,0.3899046276576244,0.933405804801089,0.702249193239853,0.6642428213127501,0.5806150028982344,0.7665582782115491,-0.3906346849697547,-1.1806807441348437
44.1,17.1,2013.0,7.0,2.0,5.777777777777777,37.37007525453741,28.52921646746348,64.11509517485612,51.0938468348827,325.16368177116027,-0.48196042981708753,-0.1491811510925584,0.8411872263179305,0.8091361148894626,-0.17012936429725223,-0.7289448211273967,-0.6385184157515618,0.11623201338339861
44.1,17.7,2013.0,7.0,2.0,5.777777777777777,37.37007525453741,28.52921646746348,64.11509517485612,51.0938468348827,325.16368177116027,0.007722154008842741,-0.6825848120428234,0.468100687172434,0.6390956969786252,0.7963072802932992,0.9150640021174223,-0.10844828369744214,-0.19041086719790676
44.1,19.8,2013.0,7.0,2.0,5.777777777777777,37.37007525453741,28.52921646746348,64.11509517485612,51.0938468348827,325.16368177116027,-0.14116668989574327,-0.8888120257123818,-0.20300883138184633,1.0274522751483386,1.2909845769160353,0.13013751187082484,-1.406868817462983,0.9134368482180282
44.1,20.9,2013.0,7.0,2.0,0.0,54.0,31.0,8.0,26.0,263.2301,0.23325984784872458,-0.6848292972659669,0.3732017083785377,-0.49904010746015254,0.2048222263487233,0.7462991822749723,-1.59274810001466,-1.1788995586713074
44.1,21.9,2013.0,7.0,2.0,10.0,38.0,47.0,59.0,8.0,740.7483,-1.492147604114428,0.7348522541567777,0.5908328062058451,0.9294873164401578,-0.0640673138403288,-0.3729076908403667,-0.7758271106237343,-0.5313163907353988
44.1,22.5,2013.0,7.0,2.0,5.777777777777777,37.37007525453741,28.52921646746348,64.11509517485612,51.0938468348827,325.16368177116027,-0.1245823647945073,0.13090317099963739,-0.3441008014960011,0.01902443122427916,0.7221035262337587,0.3253933530657394,-1.1512696415924857,0.44586588066365374
44.2,2.3,2013.0,7.0,2.0,0.0,55.0,5.0,20.0,92.0,514.74176,0.6878842722118952,-1.6072762134058052,-0.13924881661713112,0.025842099080389938,0.4156840816339645,1.8142024235480696,-1.0499747025285304,-0.26734180783494255
44.2,4.0,2013.0,7.0,2.0,5.777777777777777,37.37007525453741,28.52921646746348,64.11509517485612,51.0938468348827,325.16368177116027,0.051686497497912265,0.5188600007758625,0.9355996472803201,1.0534809454707275,1.3173840817161293,0.6109442439860828,-0.7395651297149598,-0.9309022431171458
44.2,4.4,2013.0,7.0,2.0,2.0,35.0,24.0,118.0,4.0,213.07857,-0.10361530005291819,-1.7455299243522218,0.2631744329678094,-0.6171881719463266,0.8512226993451403,-0.01595817001262223,0.2319537801405105,1.0444487502715023
44.2,5.5,2013.0,7.0,2.0,5.777777777777777,37.37007525453741,28.52921646746348,64.11509517485612,51.0938468348827,325.16368177116027,-0.5655987414465032,-0.5799750350019969,1.3029784687836812,0.7626988822487556,0.1852742114293679,-0.7230428518127704,-0.3938452854955824,0.47253986117888713
44.2,8.0,2013.0,7.0,2.0,6.0,36.5,50.0,26.0,64.5,1011.68983,-0.4854921973605583,-0.0861138199961857,0.5499905331737776,0.3360797625077287,0.8272668847344962,1.04362750849121,-0.5103410401587621,-0.1936243955465741
44.2,10.8,2013.0,7.0,2.0,5.777777777777777,37.37007525453741,28.52921646746348,64.11509517485612,51.0938468348827,325.16368177116027,-0.5484733880487503,-0.9029356719709667,0.7521370388880493,-0.423456902857896,0.3606307943489378,0.5902154011735223,-0.07583159905218118,-0.12202132076539007
44.2,11.4,2013.0,7.0,2.0,5.777777777777777,37.37007525453741,28.52921646746348,64.11509517485612,51.0938468348827,325.16368177116027,0.13264285227875844,0.009874035735506687,0.17072479837357685,0.7732759356988399,0.8284295633751114,0.9250812268711766,-0.218589322409019,-0.4955889556009792
44.2,15.5,2013.0,7.0,2.0,0.0,54.0,45.0,13.0,50.0,117.55488,0.5011910478922441,0.16910299906290738,0.46233628106422126,-0.5722126199386421,0.7753721967748262,0.47897323163170136,-0.2297372001139697,0.15046238162964765
44.2,18.2,2013.0,7.0,2.0,12.0,19.0,23.0,27.0,86.0,834.2252,-2.0605069325051284,1.472857270597505,0.6730402057967807,0.16110042751133757,-0.24026098571196164,0.5095407830247574,-0.8231025648023034,-0.9670209392498162
44.2,19.3,2013.0,7.0,2.0,5.777777777777777,37.37007525453741,28.52921646746348,64.11509517485612,51.0938468348827,325.16368177116027,-0.4601635867578477,-0.0703927171040178,0.6016561388652499,0.3863407549531644,0.6770649043422208,0.5613656915949233,-0.3612432116184818,-0.0838301497202194
44.2,20.9,2013.0,7.0,2.0,0.0,54.0,29.0,7.0,26.0,207.13466,0.5804748592761193,-1.4148972555384574,0.5591020487749987,-0.7152100702591556,0.3625077546146488,0.7922038089964125,-0.9333572761106885,-0.15754746693529215
44.2,22.5,2013.0,7.0,2.0,5.777777777777777,37.37007525453741,28.52921646746348,64.11509517485612,51.0938468348827,325.16368177116027,-0.4839193392829467,0.7666736940872881,0.8282767841279259,-0.30460764020863135,1.371749149869323,0.506028584348303,-0.3605625812777378,0.25950298224694185
44.2,25.0,2013.0,7.0,2.0,5.777777777777777,37.37007525453741,28.52921646746348,64.11509517485612,51.0938468348827,325.16368177116027,0.08728871989561798,0.8382370211385302,0.10050311788822208,0.20587469862226782,0.22747089200490217,0.3354661962734736,0.13668846244448501,-0.5958881282015973
44.3,3.8,2013.0,7.0,2.0,12.0,19.0,54.0,39.0,30.0,824.42645,-1.3118898733729862,1.838892219276891,-0.16201374586783546,0.6817800320942533,0.8541606086925005,0.8493708832136048,0.5081190605484699,-0.5059746436497546
44.3,4.9,2013.0,7.0,2.0,5.777777777777777,37.37007525453741,28.52921646746348,64.11509517485612,51.0938468348827,325.16368177116027,-0.4601635867578477,-0.0703927171040178,0.6016561388652499,0.3863407549531644,0.6770649043422208,0.5613656915949233,-0.3612432116184818,-0.0838301497202194
44.3,7.2,2013.0,7.0,2.0,5.777777777777777,37.37007525453741,28.52921646746348,64.11509517485612,51.0938468348827,325.16368177116027,-0.4601635867578477,-0.0703927171040178,0.6016561388652499,0.3863407549531644,0.6770649043422208,0.5613656915949233,-0.3612432116184818,-0.0838301497202194
44.3,10.7,2013.0,7.0,2.0,5.777777777777777,37.37007525453741,28.52921646746348,64.11509517485612,51.0938468348827,325.16368177116027,-0.021763717892826495,-0.6054174412261594,0.5807728662983935,0.5466455085537293,-0.5512422985032057,0.37363370417767106,-0.7028058113976672,0.4517938501804175
44.3,12.0,2013.0,7.0,2.0,6.0,36.5,42.0,23.0,66.5,25.5980865,-0.4809113866939009,-0.0144922710477587,0.922759732524133,0.7082274270053371,0.342248335661814,0.6069561737844732,-0.7055504031773394,-0.465407452292259
44.3,16.2,2013.0,7.0,2.0,5.777777777777777,37.37007525453741,28.52921646746348,64.11509517485612,51.0938468348827,325.16368177116027,-0.4601635867578477,-0.0703927171040178,0.6016561388652499,0.3863407549531644,0.6770649043422208,0.5613656915949233,-0.3612432116184818,-0.0838301497202194
44.3,17.1,2013.0,7.0,2.0,5.777777777777777,37.37007525453741,28.52921646746348,64.11509517485612,51.0938468348827,325.16368177116027,-0.8967893157338078,-0.01961320074593765,1.420180285091763,-0.6564299038918693,0.23744872389693744,0.08500089531941574,-0.13968420980652493,0.14123420426653374
44.3,18.1,2013.0,7.0,2.0,5.777777777777777,37.37007525453741,28.52921646746348,64.11509517485612,51.0938468348827,325.16368177116027,-1.549900429952842,0.12443359225880411,0.46142721581084245,0.6607444237162774,0.7693543293752259,0.45467962523539557,-0.20772348086231704,-0.03178007264828801
44.3,19.7,2013.0,7.0,2.0,0.0,54.0,31.0,8.0,31.0,442.35355,0.9243142549359118,-0.9443021144536139,0.09573336885839091,-1.1940878104013266,-1.0013507902881016,-0.2861894232466396,-1.4568428591103812,-0.6680142725156825
44.3,21.3,2013.0,7.0,2.0,5.777777777777777,37.37007525453741,28.52921646746348,64.11509517485612,51.0938468348827,325.16368177116027,-0.4601635867578477,-0.0703927171040178,0.6016561388652499,0.3863407549531644,0.6770649043422208,0.5613656915949233,-0.3612432116184818,-0.0838301497202194
44.4,-0.7,2013.0,7.0,2.0,5.777777777777777,37.37007525453741,28.52921646746348,64.11509517485612,51.0938468348827,325.16368177116027,-0.4601635867578477,-0.0703927171040178,0.6016561388652499,0.3863407549531644,0.6770649043422208,0.5613656915949233,-0.3612432116184818,-0.0838301497202194
44.4,0.4,2013.0,7.0,2.0,12.0,20.0,7.0,44.0,18.0,68.542206,-1.2961544336512814,1.4485248154267083,0.6266355940102513,0.8729921889822514,2.0153717186587223,2.350219610160103,0.07427367629935666,0.2514721767160042
44.4,0.9,2013.0,7.0,2.0,5.777777777777777,37.37007525453741,28.52921646746348,64.11509517485612,51.0938468348827,325.16368177116027,-0.4601635867578477,-0.0703927171040178,0.6016561388652499,0.3863407549531644,0.6770649043422208,0.5613656915949233,-0.3612432116184818,-0.0838301497202194
44.4,4.6,2013.0,7.0,2.0,5.777777777777777,37.37007525453741,28.52921646746348,64.11509517485612,51.0938468348827,325.16368177116027,-0.7317775096676313,-0.5097876145100138,1.2532315720289655,0.551305110991063,0.4016892876501998,1.210161458723642,0.4303267881365121,-0.23149918129193853
44.4,9.3,2013.0,7.0,2.0,5.777777777777777,37.37007525453741,28.52921646746348,64.11509517485612,51.0938468348827,325.16368177116027,-0.4601635867578477,-0.0703927171040178,0.6016561388652499,0.3863407549531644,0.6770649043422208,0.5613656915949233,-0.3612432116184818,-0.0838301497202194
44.4,10.4,2013.0,7.0,2.0,5.777777777777777,37.37007525453741,28.52921646746348,64.11509517485612,51.0938468348827,325.16368177116027,-0.4601635867578477,-0.0703927171040178,0.6016561388652499,0.3863407549531644,0.6770649043422208,0.5613656915949233,-0.3612432116184818,-0.0838301497202194
44.4,15.4,2013.0,7.0,2.0,5.777777777777777,37.37007525453741,28.52921646746348,64.11509517485612,51.0938468348827,325.16368177116027,-1.3339528795531512,0.13100312838418887,-0.2850392060587045,0.24843834815917357,0.26652693441321895,0.5380510295500025,-0.10385015377641249,-0.7315159071844403
44.4,16.5,2013.0,7.0,2.0,5.777777777777777,37.37007525453741,28.52921646746348,64.11509517485612,51.0938468348827,325.16368177116027,-0.46794786076265005,-0.3158047546552407,0.8470497030225115,0.136522525070865,0.7751288881681819,0.053539198783809194,-0.8943991963036204,0.2292183061612864
44.4,17.0,2013.0,7.0,2.0,10.0,39.0,14.0,69.0,1.0,815.2233,-0.589109462005533,0.859140654655185,-0.016712234577262508,0.5228241772466211,0.48742209198973097,-0.027202931302068217,-0.38704600077845397,-0.586579864474855
44.4,18.4,2013.0,7.0,2.0,0.0,54.0,34.0,9.0,37.0,609.4574,0.3994842696697058,-1.1259547453376986,-0.0028035951471765,-0.7082072543554458,-0.2667362286756637,-0.4311936206406953,-0.7758271106237343,-0.5313163907353988
44.5,-5.4,2013.0,7.0,2.0,5.777777777777777,37.37007525453741,28.52921646746348,64.11509517485612,51.0938468348827,325.16368177116027,-0.4601635867578477,-0.0703927171040178,0.6016561388652499,0.3863407549531644,0.6770649043422208,0.5613656915949233,-0.3612432116184818,-0.0838301497202194
44.5,3.5,2013.0,7.0,2.0,12.0,19.0,59.0,41.0,29.0,989.4248,-1.463069717470219,0.9407562330819508,0.5311630277713206,0.5202786820373587,0.7526256402894952,0.9671840221580718,0.3883208508351682,1.3689391418023549
44.5,4.1,2013.0,7.0,2.0,5.777777777777777,37.37007525453741,28.52921646746348,64.11509517485612,51.0938468348827,325.16368177116027,-0.4601635867578477,-0.0703927171040178,0.6016561388652499,0.3863407549531644,0.6770649043422208,0.5613656915949233,-0.3612432116184818,-0.0838301497202194
44.5,5.4,2013.0,7.0,2.0,5.777777777777777,37.37007525453741,28.52921646746348,64.11509517485612,51.0938468348827,325.16368177116027,-0.6587719559777898,0.18385336208032171,0.7359472286416964,1.2065091564752501,1.1545387989399352,1.0307316771548178,-0.5868850375378531,-0.26225813825812216
44.5,5.9,2013.0,7.0,2.0,5.777777777777777,37.37007525453741,28.52921646746348,64.11509517485612,51.0938468348827,325.16368177116027,-0.4601635867578477,-0.0703927171040178,0.6016561388652499,0.3863407549531644,0.6770649043422208,0.5613656915949233,-0.3612432116184818,-0.0838301497202194
44.5,7.0,2013.0,7.0,2.0,5.777777777777777,37.37007525453741,28.52921646746348,64.11509517485612,51.0938468348827,325.16368177116027,-0.9556204675600459,-0.6144220571872617,0.7894529412300932,-0.42322714586293114,0.6192728027310554,0.3387132447242286,-0.25307061105473716,-1.5126012487739195
44.5,16.5,2013.0,7.0,2.0,0.0,54.0,37.0,10.0,46.0,1017.08813,0.6269069500586324,-0.7673018730486934,0.5381181736400306,-0.8934002903729,0.28353152153566885,0.07045093710832998,-0.8595041973635589,-0.670339524552797
44.5,20.4,2013.0,7.0,2.0,5.777777777777777,37.37007525453741,28.52921646746348,64.11509517485612,51.0938468348827,325.16368177116027,-0.4601635867578477,-0.0703927171040178,0.6016561388652499,0.3863407549531644,0.6770649043422208,0.5613656915949233,-0.3612432116184818,-0.0838301497202194
44.5,21.5,2013.0,7.0,2.0,5.777777777777777,37.37007525453741,28.52921646746348,64.11509517485612,51.0938468348827,325.16368177116027,-1.2025665590485743,-0.13707886860577606,0.6920577302502463,0.5249978958188934,0.6174196925233592,0.5908539470580486,-0.838443156792597,-0.4418712982211192
44.6,0.3,2013.0,7.0,2.0,5.777777777777777,37.37007525453741,28.52921646746348,64.11509517485612,51.0938468348827,325.16368177116027,-1.7900842978224867,-0.9747812251177816,0.7932669053063972,-0.17678815587775093,0.8372504691540628,0.6712077212156025,-0.8604032149771244,-0.15900470547357443
44.6,4.6,2013.0,7.0,2.0,7.0,27.0,36.5,77.5,19.0,372.25795,-0.4452858732839008,-0.7118877667057857,-0.12034725852004896,1.128410154629012,-0.0016640585809694075,1.3059494233751456,-1.0139953775495598,0.5507385190900739
44.6,7.8,2013.0,7.0,2.0,5.777777777777777,37.37007525453741,28.52921646746348,64.11509517485612,51.0938468348827,325.16368177116027,-0.4601635867578477,-0.0703927171040178,0.6016561388652499,0.3863407549531644,0.6770649043422208,0.5613656915949233,-0.3612432116184818,-0.0838301497202194
44.6,9.6,2013.0,7.0,2.0,12.0,19.0,44.0,35.0,57.0,1001.2983,-1.4162683443102002,0.3533348883502555,1.157577560718389,0.5301557619262209,0.7753110053691769,1.9220849209664443,-0.0718594026818436,1.5195897578582924
44.6,16.1,2013.0,7.0,2.0,0.0,54.0,37.0,10.0,48.0,643.0677,0.4125903411367614,-1.1510636790163642,0.0449700920742987,-0.6098985972620113,0.0203949336007049,0.0211841496871182,-0.7758271106237343,-0.5313163907353988
44.7,-4.0,2013.0,7.0,2.0,5.777777777777777,37.37007525453741,28.52921646746348,64.11509517485612,51.0938468348827,325.16368177116027,-0.4601635867578477,-0.0703927171040178,0.6016561388652499,0.3863407549531644,0.6770649043422208,0.5613656915949233,-0.3612432116184818,-0.0838301497202194
44.7,-2.4,2013.0,7.0,2.0,12.0,20.0,23.0,50.0,11.0,0.0,-1.4767033068812492,0.7667136442442778,0.4322551812740216,0.3052760387334832,2.0092071560136198,2.044455572564379,-0.0503556686774598,-0.3004864734638
44.7,-0.8,2013.0,7.0,2.0,2.0,35.0,38.0,123.0,15.0,58.399727,0.3416796754462258,-1.0612620472309426,0.2142001213785705,-0.0853970635736207,-0.5942153726886359,1.0941891754013622,-0.7332147499291065,-0.3559579618871378
44.7,0.8,2013.0,7.0,2.0,2.0,35.0,32.0,121.0,11.0,162.61647,1.1071525338100412,-1.2226366106537185,0.17936303988167712,-0.850589254300299,-0.25914556806673683,1.3718273418834148,-0.9636839897549332,0.41088626060731825
44.7,1.0,2013.0,7.0,2.0,5.777777777777777,37.37007525453741,28.52921646746348,64.11509517485612,51.0938468348827,325.16368177116027,-1.0664011848790984,0.4850818118121,0.7186315815293369,-0.005154833193973918,0.6107152363134445,0.9586947083196841,-0.7644955033519782,-0.10782614174101668
44.7,3.1,2013.0,7.0,2.0,5.777777777777777,37.37007525453741,28.52921646746348,64.11509517485612,51.0938468348827,325.16368177116027,0.06751230584474072,0.5027626067933479,0.20762349325757617,0.8570069617677256,0.8845566412443462,0.7784774690900229,0.02564074594221799,-0.28621704851200225
44.7,5.3,2013.0,7.0,2.0,12.0,19.0,57.0,40.0,37.0,612.73816,-1.9756175559858282,0.6522350607431169,1.1739031005972618,1.4080158319590024,0.6482502243102273,1.2495805565340787,-0.8045920327124234,-0.2746259774983325
44.7,5.5,2013.0,7.0,2.0,5.777777777777777,37.37007525453741,28.52921646746348,64.11509517485612,51.0938468348827,325.16368177116027,-0.2279511345218638,0.1288140025464275,0.30686810382821716,0.8204707113306047,-0.03543894606570752,1.0223024489637593,-0.48945496877815353,0.21392601187441057
44.7,5.7,2013.0,7.0,2.0,0.0,54.0,54.0,16.0,86.0,1343.5054,0.5174010351675534,-1.2042367320477507,-0.0757644482343627,0.15962756676717704,0.38116481639276345,-0.4803388612966967,-0.6967011913801688,1.1956108082730252
44.7,7.1,2013.0,7.0,2.0,5.777777777777777,37.37007525453741,28.52921646746348,64.11509517485612,51.0938468348827,325.16368177116027,-0.8803436776232584,-0.12290205705622398,0.379064573455478,-0.2869658099178078,1.4472845903168299,0.09691557613461,-0.39329129168593846,0.10198243403571294
44.7,8.7,2013.0,7.0,2.0,5.777777777777777,37.37007525453741,28.52921646746348,64.11509517485612,51.0938468348827,325.16368177116027,-0.15492127580825565,-0.6007486091862394,1.2503163538220994,0.6461693662151262,-0.1129739776513371,0.6373229574602404,-0.8662309315907375,-0.28889010134770393
44.7,8.9,2013.0,7.0,2.0,12.0,19.0,46.0,36.0,54.0,423.98224,-1.6788469324643263,-0.056324194784504567,1.1839477393048168,0.9598973494314209,1.3341408216956772,0.40027749765650045,0.3898339777743121,0.7697467024107955
44.7,9.5,2013.0,7.0,2.0,5.777777777777777,37.37007525453741,28.52921646746348,64.11509517485612,51.0938468348827,325.16368177116027,-0.7768261354252723,-0.5153970688057082,0.7168857473385841,0.4545513921356742,0.21757292035538056,0.6611552780860688,-0.7772574946374368,-0.18786161872002632
44.7,10.3,2013.0,7.0,2.0,5.777777777777777,37.37007525453741,28.52921646746348,64.11509517485612,51.0938468348827,325.16368177116027,-0.4601635867578477,-0.0703927171040178,0.6016561388652499,0.3863407549531644,0.6770649043422208,0.5613656915949233,-0.3612432116184818,-0.0838301497202194
44.7,16.6,2013.0,7.0,2.0,5.777777777777777,37.37007525453741,28.52921646746348,64.11509517485612,51.0938468348827,325.16368177116027,-0.4113327183790501,0.05654037523033263,0.5664407701357291,0.41369846254263987,0.5199726600828616,1.524233091809435,-0.7630657003392699,-0.5089198001052643
44.7,17.4,2013.0,7.0,2.0,0.0,54.0,32.0,8.0,42.0,399.4201,-0.37739618942873976,-1.3206076858632476,0.3768868634518815,-0.7161500942242128,-0.8013393775883778,-0.813199888131095,-0.9643266488210278,-1.0690135746749865
44.7,18.7,2013.0,7.0,2.0,5.777777777777777,37.37007525453741,28.52921646746348,64.11509517485612,51.0938468348827,325.16368177116027,-0.4601635867578477,-0.0703927171040178,0.6016561388652499,0.3863407549531644,0.6770649043422208,0.5613656915949233,-0.3612432116184818,-0.0838301497202194
44.7,20.0,2013.0,7.0,2.0,5.777777777777777,37.37007525453741,28.52921646746348,64.11509517485612,51.0938468348827,325.16368177116027,-0.10566197736457011,0.42516583995635443,0.38880773025594945,-0.12922689067442722,0.8652619731520369,-0.9853793327320391,-0.3672121494539897,0.48407294193043116
44.7,21.4,2013.0,7.0,2.0,12.0,19.0,29.0,29.0,92.0,135.54002,-0.5449443524912683,1.5393070133065097,1.069428455387178,0.9165496670377622,0.46514699400405185,-0.41293358778666023,-0.1418939413037419,-0.04892731807846212
44.8,1.4,2013.0,7.0,2.0,12.0,20.0,10.0,45.0,22.0,214.17838,-1.4661227096637932,0.8814772286577651,0.7811642234114351,0.761438447290947,1.091815969112526,1.9794325789862928,-0.3716738760207905,1.1869987838710654
44.8,2.9,2013.0,7.0,2.0,2.0,35.0,22.0,117.0,7.0,958.2875,0.49824869440429487,-0.6218511775790874,0.4436747437257089,-0.6965520818172748,0.18801714776864825,0.9491961335251371,-0.6093131919855024,0.2887553048037907
44.8,3.4,2013.0,7.0,2.0,5.777777777777777,37.37007525453741,28.52921646746348,64.11509517485612,51.0938468348827,325.16368177116027,-1.3239418607281372,-0.18402531725717106,-0.10975176200348202,0.31525905490850226,0.4885650486442574,0.2919833326143107,0.028611509232758625,-0.029659517745675025
44.8,4.9,2013.0,7.0,2.0,5.777777777777777,37.37007525453741,28.52921646746348,64.11509517485612,51.0938468348827,325.16368177116027,-0.7838500959934734,-0.014111069221613141,0.7714537442645532,0.45615962806304367,0.055990105436234505,1.372280398534669,0.6646501951738091,0.28288002725677186
44.8,7.1,2013.0,7.0,2.0,2.0,35.0,3.0,110.0,1.0,1785.0868,0.29660531995992256,-0.3433462504749888,0.9605408495933305,-0.11369568663893537,0.48199443696427413,-0.644270048571883,0.007790441493806477,-0.38681225836715394
44.8,8.7,2013.0,7.0,2.0,5.777777777777777,37.37007525453741,28.52921646746348,64.11509517485612,51.0938468348827,325.16368177116027,-0.8326210067517423,-0.6810921845143555,0.10797712541971638,0.8291534905385649,0.47462290324960077,1.1411680260111967,-0.6738922832672598,-0.3208526410720952
44.8,9.5,2013.0,7.0,2.0,12.0,19.0,47.0,36.0,57.0,759.9302,-1.7490907746675486,1.0874376234809875,0.25315554294861453,0.3300121828906016,0.7070736391355905,1.415081374816039,0.022608827395043496,0.9312703487868677
44.8,15.0,2013.0,7.0,2.0,5.777777777777777,37.37007525453741,28.52921646746348,64.11509517485612,51.0938468348827,325.16368177116027,-0.4601635867578477,-0.0703927171040178,0.6016561388652499,0.3863407549531644,0.6770649043422208,0.5613656915949233,-0.3612432116184818,-0.0838301497202194
44.8,15.9,2013.0,7.0,2.0,5.777777777777777,37.37007525453741,28.52921646746348,64.11509517485612,51.0938468348827,325.16368177116027,-0.4601635867578477,-0.0703927171040178,0.6016561388652499,0.3863407549531644,0.6770649043422208,0.5613656915949233,-0.3612432116184818,-0.0838301497202194
44.8,16.6,2013.0,7.0,2.0,0.0,54.0,32.0,8.0,46.0,312.65256,0.6272265363065835,-1.8998397094597252,-0.28962083470932487,-0.7353744744508688,0.3502250396249535,-0.35110846553030195,-1.2648215524606654,-0.10272218471998351
44.8,17.2,2013.0,7.0,2.0,12.0,19.0,34.0,31.0,84.0,321.5368,-0.5791052072040951,1.804657805476492,1.6494884141746975,0.7614442087126186,0.10071603700994439,-0.11111787219824124,-0.7093995911156549,0.056956987342266396
44.8,18.2,2013.0,7.0,2.0,5.777777777777777,37.37007525453741,28.52921646746348,64.11509517485612,51.0938468348827,325.16368177116027,-0.7823412763095381,0.03479030681433566,0.7002634024817983,0.4048492391008962,1.366018051121197,0.35941803963345775,0.11602920559584856,0.5825396805629663
44.8,19.8,2013.0,7.0,2.0,5.777777777777777,37.37007525453741,28.52921646746348,64.11509517485612,51.0938468348827,325.16368177116027,-0.3673793408393244,0.7067248818622435,0.12117444377984504,0.5795249670193718,0.8767422049221634,1.0805082551979224,-0.24785575877340274,-0.6992749075286935
44.8,26.1,2013.0,7.0,2.0,5.777777777777777,37.37007525453741,28.52921646746348,64.11509517485612,51.0938468348827,325.16368177116027,-0.4601635867578477,-0.0703927171040178,0.6016561388652499,0.3863407549531644,0.6770649043422208,0.5613656915949233,-0.3612432116184818,-0.0838301497202194
44.9,3.4,2013.0,7.0,2.0,5.777777777777777,37.37007525453741,28.52921646746348,64.11509517485612,51.0938468348827,325.16368177116027,0.181010431698104,0.5838932594995155,1.383819525921668,0.489685688503901,0.716446389199989,0.9683216423725196,-0.2539008841953133,-0.06548111796955439
44.9,4.0,2013.0,7.0,2.0,5.777777777777777,37.37007525453741,28.52921646746348,64.11509517485612,51.0938468348827,325.16368177116027,-0.4601635867578477,-0.0703927171040178,0.6016561388652499,0.3863407549531644,0.6770649043422208,0.5613656915949233,-0.3612432116184818,-0.0838301497202194
44.9,4.5,2013.0,7.0,2.0,12.0,20.0,2.0,42.0,34.0,708.1512,-1.344446125791002,0.6390434431397521,0.477203988047769,0.9260377272447045,1.5258535574294956,1.2603602829760445,-0.15418475900184636,-0.02112900813109822
44.9,8.1,2013.0,7.0,2.0,5.777777777777777,37.37007525453741,28.52921646746348,64.11509517485612,51.0938468348827,325.16368177116027,-0.2154399652711551,0.3290122247908549,1.0255625101173107,0.42172021888497463,0.2711351895353956,0.17598643357311078,-0.23482333082212192,-0.2518241160311673
44.9,13.8,2013.0,7.0,2.0,0.0,54.0,37.0,10.0,59.0,27.316668,0.4053137412021431,-1.2214319882740556,0.8602422858549662,0.3352965790254693,1.5145703902994498,0.03679769194553609,-0.41026488606783496,-0.9674430518662562
44.9,14.0,2013.0,7.0,2.0,5.777777777777777,37.37007525453741,28.52921646746348,64.11509517485612,51.0938468348827,325.16368177116027,-1.3080553864660416,-0.10602759579744139,0.8962317536731504,-0.011509866297416849,1.0022642641141557,0.906797351871822,-0.3844110159663593,-0.3132865570411241
44.9,17.4,2013.0,7.0,2.0,5.777777777777777,37.37007525453741,28.52921646746348,64.11509517485612,51.0938468348827,325.16368177116027,-0.9732659131394847,0.9336267985952477,0.9480063408739992,0.39620925314165695,0.5547164477219215,-0.142136309905172,0.41422001130526004,-0.49137513317332365
44.9,18.3,2013.0,7.0,2.0,0.0,54.0,26.0,6.0,38.0,291.45325,0.2744906197129881,-0.8661231811443706,0.6551027767070261,-0.9340365205532317,-0.33139924969441875,0.2665508537936111,-0.8891084787784397,-0.05696426783806163
44.9,19.2,2013.0,7.0,2.0,5.777777777777777,37.37007525453741,28.52921646746348,64.11509517485612,51.0938468348827,325.16368177116027,-0.7897591714829677,0.04681977657120748,0.542203985825406,0.7782753041756141,0.7251474334044379,0.8140383124226338,-1.252875966172484,-0.650347564210296
44.9,19.8,2013.0,7.0,2.0,0.0,54.0,21.0,4.0,32.0,80.91071,0.9803743749752126,-1.6410042435309722,1.268098456397904,0.08451040085487688,-0.9936540471891275,-0.37132031138994825,-1.5326032690202234,0.4430790348372352
44.9,22.4,2013.0,7.0,2.0,5.0,46.0,35.5,32.0,16.0,600.9608000000001,-0.5585416634520175,-0.1669610026207969,0.1555187466963147,0.0446306671668656,-0.7569836115642528,-0.6483037926998546,-0.7055201943236696,-0.3412355458593684
44.9,24.6,2013.0,7.0,2.0,5.777777777777777,37.37007525453741,28.52921646746348,64.11509517485612,51.0938468348827,325.16368177116027,-0.4601635867578477,-0.0703927171040178,0.6016561388652499,0.3863407549531644,0.6770649043422208,0.5613656915949233,-0.3612432116184818,-0.0838301497202194
45.0,2.4,2013.0,7.0,2.0,0.0,54.0,51.0,15.0,92.0,731.975,0.4811509237537218,-1.307998142117616,0.3164130530668563,-0.2862507477937753,0.6256172995860456,0.6423635849599278,-0.7030700593127727,0.058646399101335
45.0,4.9,2013.0,7.0,2.0,12.0,20.0,2.0,42.0,36.0,159.4762,-1.4280719230492824,1.1540273207381566,0.7001077259522359,0.8630472530764789,0.03711296263716313,1.220054697295707,0.3329421248029667,-0.48472400403311744
45.0,6.1,2013.0,7.0,2.0,5.777777777777777,37.37007525453741,28.52921646746348,64.11509517485612,51.0938468348827,325.16368177116027,-0.4601635867578477,-0.0703927171040178,0.6016561388652499,0.3863407549531644,0.6770649043422208,0.5613656915949233,-0.3612432116184818,-0.0838301497202194
45.0,6.5,2013.0,7.0,2.0,5.777777777777777,37.37007525453741,28.52921646746348,64.11509517485612,51.0938468348827,325.16368177116027,-0.4601635867578477,-0.0703927171040178,0.6016561388652499,0.3863407549531644,0.6770649043422208,0.5613656915949233,-0.3612432116184818,-0.0838301497202194
45.0,7.2,2013.0,7.0,2.0,5.777777777777777,37.37007525453741,28.52921646746348,64.11509517485612,51.0938468348827,325.16368177116027,-0.3026978449421339,0.0007448427057438339,0.17933334680015767,0.8397966870011389,0.5863451877876732,1.0989664549523293,-0.5198306144594448,0.06064200254543389
45.0,7.7,2013.0,7.0,2.0,12.0,19.0,54.0,39.0,49.0,268.2229,-1.0352994677060519,0.902624327479295,0.24089522103985805,1.1289280536560202,0.8357581781762237,1.384356755328724,0.24700485176696846,1.029908206527563
45.0,7.9,2013.0,7.0,2.0,12.0,19.0,54.0,39.0,50.0,266.21988,-0.4010730642216387,1.5961577979403718,0.7963787694647632,1.0773559614593624,0.6147370129158464,1.220028240885475,0.049884554814920726,1.5964701738014575
45.0,9.3,2013.0,7.0,2.0,5.777777777777777,37.37007525453741,28.52921646746348,64.11509517485612,51.0938468348827,325.16368177116027,-0.9554130909629922,-0.20707653635703704,0.3234241160802045,0.08862563267403462,0.052430590047336856,1.223547784024067,0.3399165509880326,0.05982251524664667
45.0,10.2,2013.0,7.0,2.0,5.777777777777777,37.37007525453741,28.52921646746348,64.11509517485612,51.0938468348827,325.16368177116027,-0.4601635867578477,-0.0703927171040178,0.6016561388652499,0.3863407549531644,0.6770649043422208,0.5613656915949233,-0.3612432116184818,-0.0838301497202194
45.0,10.9,2013.0,7.0,2.0,5.777777777777777,37.37007525453741,28.52921646746348,64.11509517485612,51.0938468348827,325.16368177116027,-0.4601635867578477,-0.0703927171040178,0.6016561388652499,0.3863407549531644,0.6770649043422208,0.5613656915949233,-0.3612432116184818,-0.0838301497202194
45.0,16.5,2013.0,7.0,2.0,0.0,54.0,29.0,7.0,47.0,211.11516,0.8661450781516038,-1.9543674526855412,0.3297886680514619,-0.024606941472306965,0.3667000121837454,0.08073336475155286,0.6795428839231396,0.2556407049310401
45.0,17.4,2013.0,7.0,2.0,10.0,39.0,22.0,72.0,2.0,166.18323,-1.4633420873810183,-0.06274486023849635,1.0344731908206273,0.3741856754616903,0.14946357860669762,0.1556050796059757,-0.5666268091005882,-0.6415080347585492
45.0,17.6,2013.0,7.0,2.0,12.0,19.0,36.0,32.0,85.0,175.47025,-1.9691015036892487,1.405863476354662,0.5020102070831729,0.6908411004700964,0.2688792364988138,-0.5556853185338524,-0.1603201182890569,-0.11734826723554798
45.0,18.8,2013.0,7.0,2.0,5.777777777777777,37.37007525453741,28.52921646746348,64.11509517485612,51.0938468348827,325.16368177116027,-0.4601635867578477,-0.0703927171040178,0.6016561388652499,0.3863407549531644,0.6770649043422208,0.5613656915949233,-0.3612432116184818,-0.0838301497202194
45.0,19.2,2013.0,7.0,2.0,5.777777777777777,37.37007525453741,28.52921646746348,64.11509517485612,51.0938468348827,325.16368177116027,-0.1606094121830851,0.5167470170414303,0.9809102282511943,0.3308995839893373,0.01284148802286511,0.40308039968907494,0.9479635244843423,0.038807088620804536
45.0,20.4,2013.0,7.0,2.0,5.777777777777777,37.37007525453741,28.52921646746348,64.11509517485612,51.0938468348827,325.16368177116027,-0.4601635867578477,-0.0703927171040178,0.6016561388652499,0.3863407549531644,0.6770649043422208,0.5613656915949233,-0.3612432116184818,-0.0838301497202194
45.0,20.8,2013.0,7.0,2.0,10.0,39.0,6.0,66.0,7.0,106.38952,-1.4724065095835086,0.703516944121038,0.81218187391963,1.235802065185088,-0.125028144425984,-0.1540381540264007,-0.7758271106237343,-0.5313163907353988
45.0,21.5,2013.0,7.0,2.0,5.777777777777777,37.37007525453741,28.52921646746348,64.11509517485612,51.0938468348827,325.16368177116027,-0.4601635867578477,-0.0703927171040178,0.6016561388652499,0.3863407549531644,0.6770649043422208,0.5613656915949233,-0.3612432116184818,-0.0838301497202194
45.1,3.7,2013.0,7.0,2.0,4.666666666666667,36.333333333333336,23.0,57.333333333333336,42.333333333333336,865.44035,0.23531514762662364,-0.2919805212237676,-0.41746270030827043,-0.2366222828777163,0.6534459687204016,0.4999646361514844,-0.8314172336279665,0.4160204090000437
45.1,4.6,2013.0,7.0,2.0,12.0,20.0,5.0,43.0,35.0,578.3297,-1.5259333735665006,0.737556551653185,0.5630506475683119,0.7429162457804347,0.13370143432657522,1.2994872475041364,-0.12164358451713686,-0.39548111311792955
45.1,7.3,2013.0,7.0,2.0,7.0,26.5,57.5,74.0,24.0,1042.11385,-0.38960837242136803,-0.06996379330159307,1.1758187756925986,0.30113592536988776,0.0989177138801341,0.37432256271529385,-0.07400235942606498,-0.6075819232017045
45.1,8.5,2013.0,7.0,2.0,12.0,19.0,54.0,39.0,53.0,107.09118,-1.3395695998209887,1.733936359565256,1.9093071239528165,1.3821319833504377,0.6812493218932971,0.48738689270197777,-0.7733644325480491,0.9413707711816608
45.1,9.4,2013.0,7.0,2.0,12.0,19.0,52.0,38.0,57.0,91.30173,-0.9154531866671785,0.8543223542307203,0.8848534184216514,1.0934423063290786,0.5567042278757421,1.2802280977739937,0.09350498546571145,0.5475132798724696
45.1,15.6,2013.0,7.0,2.0,11.0,29.0,37.0,55.0,40.0,368.87983,-1.2463359298470489,0.6431597384293046,1.3213320971071947,0.6058087369679586,-0.1449024336081695,1.2053647737951225,-0.5474014143232434,-0.9700047998519247
45.1,15.8,2013.0,7.0,2.0,5.777777777777777,37.37007525453741,28.52921646746348,64.11509517485612,51.0938468348827,325.16368177116027,0.37019184482399553,0.40010887963360864,0.33045292694562406,0.3942144332866162,-0.3972137715483204,0.5385670428816512,0.10737255348348812,-0.7750112284351953
45.1,16.0,2013.0,7.0,2.0,5.777777777777777,37.37007525453741,28.52921646746348,64.11509517485612,51.0938468348827,325.16368177116027,0.42367086714520424,0.1630238933999792,-0.3807047124858983,0.10108552969507528,1.805691649737326,0.6389882146270515,-0.2041847134832469,-0.1904421119024827
45.1,19.7,2013.0,7.0,2.0,5.777777777777777,37.37007525453741,28.52921646746348,64.11509517485612,51.0938468348827,325.16368177116027,-0.3838331536938626,-1.163564031295349,0.7215634301998809,1.0599271266610673,0.9410206855432853,-0.4482643748509415,-0.17960677700639854,0.32887445213140537
45.2,1.5,2013.0,7.0,2.0,5.777777777777777,37.37007525453741,28.52921646746348,64.11509517485612,51.0938468348827,325.16368177116027,0.0831347403797868,0.20878580911864225,0.4763382419533452,0.8790293096792545,0.5339343571507611,-0.04130673887644731,0.4379867294427899,-0.3695559078647559
45.2,2.1,2013.0,7.0,2.0,2.0,35.0,19.0,116.0,9.0,518.4043,1.0385090002592658,-1.2800545188168464,0.5108087179925502,0.4472888157506193,0.19261506688266222,-0.22522364890952662,-0.6415118229414036,-0.8344574010559414
45.2,2.2,2013.0,7.0,2.0,5.777777777777777,37.37007525453741,28.52921646746348,64.11509517485612,51.0938468348827,325.16368177116027,-0.17356155759958392,-0.6375683322776653,0.4454592553498591,0.39310418242964923,-0.020386877770295908,0.6744123394138147,-0.3010603497924098,0.7280885412342912
45.2,7.9,2013.0,7.0,2.0,6.0,36.5,50.0,26.0,65.5,251.741165,-0.9008242481899402,-0.7752264228917092,-0.549970720067314,1.0925049652895629,1.3406040324561643,1.6308902020528135,0.49580493821185534,0.3330181519049109
45.2,8.8,2013.0,7.0,2.0,5.777777777777777,37.37007525453741,28.52921646746348,64.11509517485612,51.0938468348827,325.16368177116027,-0.4601635867578477,-0.0703927171040178,0.6016561388652499,0.3863407549531644,0.6770649043422208,0.5613656915949233,-0.3612432116184818,-0.0838301497202194
45.2,10.4,2013.0,7.0,2.0,5.777777777777777,37.37007525453741,28.52921646746348,64.11509517485612,51.0938468348827,325.16368177116027,-0.12395323970136923,0.257272165527046,0.5989723651992793,-0.5458634857823543,-0.16161157257419057,0.5314525779333542,-0.4928468730709773,-0.5542649272410064
45.2,12.0,2013.0,7.0,2.0,5.777777777777777,37.37007525453741,28.52921646746348,64.11509517485612,51.0938468348827,325.16368177116027,-0.4601635867578477,-0.0703927171040178,0.6016561388652499,0.3863407549531644,0.6770649043422208,0.5613656915949233,-0.3612432116184818,-0.0838301497202194
45.2,17.4,2013.0,7.0,2.0,0.0,54.0,24.0,5.0,43.0,92.80895,0.5255656203978194,-1.445831554737957,0.11976839986112425,-1.0979405288142436,0.037065440617232215,-0.4759548666881372,-0.40940495968740237,-0.29616202046774437
45.2,17.5,2013.0,7.0,2.0,5.777777777777777,37.37007525453741,28.52921646746348,64.11509517485612,51.0938468348827,325.16368177116027,-0.41207881726081236,-1.1571381575410558,0.04366945097169084,0.7153958118689969,0.7186626567829318,0.9007803145287006,-0.6576569677766135,-0.5005511744156601
45.2,23.8,2013.0,7.0,2.0,5.777777777777777,37.37007525453741,28.52921646746348,64.11509517485612,51.0938468348827,325.16368177116027,-0.4601635867578477,-0.0703927171040178,0.6016561388652499,0.3863407549531644,0.6770649043422208,0.5613656915949233,-0.3612432116184818,-0.0838301497202194
45.3,1.6,2013.0,7.0,2.0,5.777777777777777,37.37007525453741,28.52921646746348,64.11509517485612,51.0938468348827,325.16368177116027,-0.32192395500520354,-0.13308045303326319,0.4765764800858421,-0.12783483305663262,0.9647411586136672,0.6699009530100529,-0.048349846439474375,-0.9931387700741746
45.3,3.7,2013.0,7.0,2.0,0.0,54.0,46.0,13.0,90.0,854.034,0.7838335870177519,-1.6127972166273339,1.156561192000307,-0.8166542896283682,1.311917952350457,0.22852081638385835,-0.2431340409887799,0.169438241200259
45.3,5.8,2013.0,7.0,2.0,1.0,44.5,21.5,60.5,44.5,861.2993,0.3645414017182463,-1.132621163310462,0.1084535078087415,-0.4707056584214931,0.5780494189397756,0.2761811339928578,-0.5749662973310121,-0.1631222355076906
45.3,8.4,2013.0,7.0,2.0,5.777777777777777,37.37007525453741,28.52921646746348,64.11509517485612,51.0938468348827,325.16368177116027,-0.5571550992829694,-0.28005687709210897,0.32085270589970427,-0.19024240958767497,0.6484278083352071,1.1074477848970654,-0.20797892964086082,0.1065796908418799
45.3,9.4,2013.0,7.0,2.0,5.777777777777777,37.37007525453741,28.52921646746348,64.11509517485612,51.0938468348827,325.16368177116027,-0.921171133058813,-0.6386979874499821,0.6958800853217091,0.9155221574756642,1.3531517952531884,1.1564372571460289,-0.7893949982085524,-0.030537706619337766
45.3,11.4,2013.0,7.0,2.0,12.0,19.0,52.0,38.0,66.0,29.750593,-1.392730604854306,1.1386721114310172,1.1406128821268433,1.164764131695172,0.6801483264808872,1.5243502088987393,0.1525095569563599,1.075864611815005
45.3,16.4,2013.0,7.0,2.0,0.0,54.0,24.0,5.0,48.0,231.00598,0.3958241524791532,-1.149813426284353,0.1886154186477742,-0.4105655163153353,0.0931879083630983,0.2243189707206155,-0.7758271106237343,-0.5313163907353988
45.3,16.8,2013.0,7.0,2.0,0.0,54.0,24.0,5.0,46.0,102.5,0.7073992786268725,-0.6717260871887203,-0.12977153720845244,-1.0425607281303626,-0.7065512273171575,0.23392362241538017,-0.9137827939674745,-0.472976310070339
45.3,17.4,2013.0,7.0,2.0,5.777777777777777,37.37007525453741,28.52921646746348,64.11509517485612,51.0938468348827,325.16368177116027,-1.6801022179428382,-0.4861310734622142,0.14349704433199545,0.8441828761858775,0.21519971307158436,-0.7035521929301433,0.475348390553707,-0.16143737806163316
45.3,20.5,2013.0,7.0,2.0,5.777777777777777,37.37007525453741,28.52921646746348,64.11509517485612,51.0938468348827,325.16368177116027,-0.4601635867578477,-0.0703927171040178,0.6016561388652499,0.3863407549531644,0.6770649043422208,0.5613656915949233,-0.3612432116184818,-0.0838301497202194
45.3,20.9,2013.0,7.0,2.0,5.777777777777777,37.37007525453741,28.52921646746348,64.11509517485612,51.0938468348827,325.16368177116027,-0.4601635867578477,-0.0703927171040178,0.6016561388652499,0.3863407549531644,0.6770649043422208,0.5613656915949233,-0.3612432116184818,-0.0838301497202194
45.4,-0.1,2013.0,7.0,2.0,12.0,20.0,26.0,51.0,18.0,87.61208,-1.4567207905179382,0.8330276967842816,0.8843690834705801,0.8417760447731042,1.0721652890440718,2.30356073873425,-0.2168479999171789,-0.3400125482919957
45.4,1.9,2013.0,7.0,2.0,5.777777777777777,37.37007525453741,28.52921646746348,64.11509517485612,51.0938468348827,325.16368177116027,-0.8297585520911313,-0.5821076489963797,1.2481739027691638,0.8033827304848886,0.8908136626914671,0.8255068431424235,0.03420408985624529,0.4001035451341356
45.4,2.7,2013.0,7.0,2.0,2.0,35.0,14.0,114.0,8.0,873.35956,0.2989287925773736,-1.0276233308300782,0.138921317818977,-0.3891720899101089,0.1231261938816532,0.1503116181179658,-0.5318501015120425,0.4852111353786996
45.4,4.7,2013.0,7.0,2.0,12.0,20.0,10.0,45.0,36.0,402.7486,-1.437607053341322,0.9686316069787142,0.717845961233158,0.5629977012445305,0.8256499237555784,1.855225727966352,1.1394832923771223,0.0902269414343001
45.4,9.5,2013.0,7.0,2.0,12.0,19.0,57.0,40.0,58.0,83.983475,-1.1829230657120817,1.123240122797504,1.1486534125208578,-0.8724444039238364,0.46633198186172964,1.3357347654233758,-0.7768520804560028,1.4091220088671221
45.4,10.5,2013.0,7.0,2.0,0.0,54.0,35.0,9.0,73.0,104.76449,0.28278220286046973,-1.6252172921093277,0.41185322408774605,-0.29598476292474296,-0.3615951705873486,0.7613993003228623,-0.63365930216708,0.5443211978366764
45.4,11.0,2013.0,7.0,2.0,5.777777777777777,37.37007525453741,28.52921646746348,64.11509517485612,51.0938468348827,325.16368177116027,-0.4601635867578477,-0.0703927171040178,0.6016561388652499,0.3863407549531644,0.6770649043422208,0.5613656915949233,-0.3612432116184818,-0.0838301497202194
45.4,14.3,2013.0,7.0,2.0,5.777777777777777,37.37007525453741,28.52921646746348,64.11509517485612,51.0938468348827,325.16368177116027,-0.4601635867578477,-0.0703927171040178,0.6016561388652499,0.3863407549531644,0.6770649043422208,0.5613656915949233,-0.3612432116184818,-0.0838301497202194
45.4,14.7,2013.0,7.0,2.0,0.0,54.0,27.0,6.0,56.0,890.45087,0.8745230055164016,-0.7937888215370552,-0.9600225574688116,-0.7794945343666646,-0.15733557031376005,0.9935610693338537,-1.3456023908706767,-0.16239551924418305
45.4,15.3,2013.0,7.0,2.0,10.0,39.0,38.0,78.0,0.0,317.7146,-1.3980024824042756,1.0318261998336105,0.8851537194070989,1.618794842944283,1.2571634316065312,-1.0248644671988054,-0.7810300628455744,-0.03830208667874918
45.4,17.0,2013.0,7.0,2.0,6.0,36.5,32.5,19.5,64.5,181.2404,0.4347513339944825,-0.15209046825745887,0.9228791144465822,1.2318008206029072,0.3863662306713216,0.23848292828725187,-0.48984043368850194,0.09301037540295432
45.4,19.0,2013.0,7.0,2.0,0.0,54.0,15.0,2.0,36.0,81.560974,0.3751331509757962,-1.121429132186433,0.3533309150723221,-0.3911465322912344,-0.1291046586215096,-0.2225996862580058,-0.7758271106237343,-0.5313163907353988
45.4,24.8,2013.0,7.0,2.0,5.777777777777777,37.37007525453741,28.52921646746348,64.11509517485612,51.0938468348827,325.16368177116027,-0.4601635867578477,-0.0703927171040178,0.6016561388652499,0.3863407549531644,0.6770649043422208,0.5613656915949233,-0.3612432116184818,-0.0838301497202194
45.5,4.3,2013.0,7.0,2.0,0.0,54.0,40.0,11.0,89.0,503.04428,0.9681425160439407,-1.8707067834267401,-0.12342251025427897,-0.39510114654194783,0.7542350475144654,0.653560029558016,-1.542788185350123,-0.16446198259462805
45.5,7.8,2013.0,7.0,2.0,12.0,20.0,2.0,42.0,50.0,762.1561,-0.4717588886716432,1.2832627172566151,-0.1859949656528498,1.1366327035816801,0.43646282049704255,0.26065855862374476,0.22285360082223193,0.07052950064565933
45.5,8.0,2013.0,7.0,2.0,12.0,20.0,2.0,42.0,51.0,437.50742,-1.3279930570783034,2.0004229051247675,0.6693449621727495,1.0366689937866413,0.7849364914377541,1.5155592599030105,0.8355389304136874,-0.08122168682975128
45.5,8.8,2013.0,7.0,2.0,12.0,20.0,0.0,41.0,55.0,133.8237,-1.8214486312124758,0.848537931758367,2.6258695410015283,0.7281307236259311,0.26569439754060853,2.118989917176903,0.11429151961812342,0.8452483778880078
45.5,9.0,2013.0,7.0,2.0,6.0,37.0,17.5,25.0,67.0,155.739015,-1.0429308889679616,-0.8346174226492921,0.8119514404759007,0.3640847515658094,0.8944809177944822,1.8932337225432185,-0.09598307027135808,0.9540054216911935
45.5,12.7,2013.0,7.0,2.0,6.0,36.5,40.5,22.5,68.0,0.04584854,-0.4806166951363958,-0.0128713336516234,0.8844733114770604,0.5632278509699398,0.6246463058755571,1.0746520814158114,-0.5933901314936784,-0.1575799544322634
45.5,13.9,2013.0,7.0,2.0,5.777777777777777,37.37007525453741,28.52921646746348,64.11509517485612,51.0938468348827,325.16368177116027,-0.4601635867578477,-0.0703927171040178,0.6016561388652499,0.3863407549531644,0.6770649043422208,0.5613656915949233,-0.3612432116184818,-0.0838301497202194
45.5,15.4,2013.0,7.0,2.0,0.0,54.0,24.0,5.0,53.0,222.60869,0.18317737336757936,-1.195698582454241,0.24502228547656185,0.2758889629596422,-0.8852729193222287,0.3263091194338379,-0.7682701411307099,-1.8163969439047962
45.5,17.4,2013.0,7.0,2.0,5.777777777777777,37.37007525453741,28.52921646746348,64.11509517485612,51.0938468348827,325.16368177116027,-0.766435341217079,-0.3671847263558726,0.7907572427260646,0.40835555815658137,1.020928977026365,0.1406613845220478,0.3618061733799957,-1.294156402603661
45.5,20.1,2013.0,7.0,2.0,5.777777777777777,37.37007525453741,28.52921646746348,64.11509517485612,51.0938468348827,325.16368177116027,-0.312761693104464,0.05212173343954389,0.42663739401103845,0.2509439385533287,1.0286168063483627,0.40545496384450297,-1.872609437150819,-1.1354692723439246
45.5,20.2,2013.0,7.0,2.0,5.777777777777777,37.37007525453741,28.52921646746348,64.11509517485612,51.0938468348827,325.16368177116027,-0.3116248481861819,-0.1534469144642547,1.2171497951179784,0.16009423492069658,0.05576493027513896,0.11823537705845827,-0.5035086038330543,0.40730733370453587
45.5,22.1,2013.0,7.0,2.0,0.0,54.0,5.0,133.0,24.0,237.87576,0.349332707861758,-1.0892057661509842,0.0368664904496957,-0.6144773654832698,-0.2293188527880576,-0.4021351704104192,-0.7758271106237343,-0.5313163907353988
45.5,23.3,2013.0,7.0,2.0,0.0,53.0,59.0,131.0,20.0,1125.9479,0.3377544218083779,-1.0765767048645822,-0.4455530893025734,-0.9165517064804392,-0.2362170566038431,-0.7467221357904724,-0.7758271106237343,-0.5313163907353988
45.6,2.0,2013.0,7.0,2.0,5.777777777777777,37.37007525453741,28.52921646746348,64.11509517485612,51.0938468348827,325.16368177116027,-0.5619811617645047,-0.24886614877381757,-0.09460151047264775,0.23481549188516185,-0.17728363873785424,0.5439369728398613,-0.9366046448332974,-1.5828286168039043
45.6,3.9,2013.0,7.0,2.0,12.0,20.0,15.0,47.0,33.0,948.4053,-1.4376277044511403,0.9462611229684108,0.634875432905495,0.551839073505313,0.8358869681401226,1.6904820704091454,1.0427650815403149,1.327150119890165
45.6,5.8,2013.0,7.0,2.0,12.0,20.0,10.0,45.0,41.0,562.193,-1.58391597958207,0.8625194674994893,1.1082356705330645,1.3717998670809703,0.3551465340743063,1.5105231031014987,0.39939453762624894,0.05910480575009816
45.6,8.3,2013.0,7.0,2.0,0.0,54.0,35.0,9.0,80.0,310.1382,0.4407789958409016,-1.240526983311282,0.331901234126437,-0.2847349897776753,0.7748996627647952,1.001807668916089,-0.1310502648527979,-0.1036950000586708
45.6,9.1,2013.0,7.0,2.0,5.777777777777777,37.37007525453741,28.52921646746348,64.11509517485612,51.0938468348827,325.16368177116027,-1.207836991246816,0.06412902479608444,0.44548321494727233,0.4171279167419385,1.0335492088746203,0.7661896145787545,0.04208914497127919,-0.34798125514878764
45.6,9.4,2013.0,7.0,2.0,5.777777777777777,37.37007525453741,28.52921646746348,64.11509517485612,51.0938468348827,325.16368177116027,-1.6535094791639389,0.08241152696357891,-0.06887328286658834,-0.19255053483203083,0.7108715109776308,1.8104863762632535,-0.2628449753705932,-0.2774831713877868
45.6,10.0,2013.0,7.0,2.0,0.0,54.0,32.0,8.0,75.0,251.43718,0.4312951334439206,-1.2216635851652748,0.2872926543867724,-0.161134089176323,0.2280612478370051,0.9551562227543232,0.2242745373740889,0.09363963863899
45.6,11.5,2013.0,7.0,2.0,5.777777777777777,37.37007525453741,28.52921646746348,64.11509517485612,51.0938468348827,325.16368177116027,0.016814403725760152,-0.1142892665135126,0.162958557186681,1.3269220518746527,1.0164561121162314,0.8403508477504724,-0.3069716178446735,-0.22395682671718595
45.6,12.3,2013.0,7.0,2.0,5.777777777777777,37.37007525453741,28.52921646746348,64.11509517485612,51.0938468348827,325.16368177116027,-0.8564561223230429,-0.021057150295913395,0.1907115887387561,0.6700346024315758,0.3365738411323114,1.0996595989759383,-0.4683457577878464,0.2564560832601189
45.6,14.7,2013.0,7.0,2.0,0.0,54.0,24.0,5.0,56.0,671.96014,-0.18202993001313306,-0.9039527545599672,1.2300278420382444,0.03109425029120616,-0.8190721125252745,0.4267528507219208,-1.8351084574987828,-0.6210607971632759
45.6,15.8,2013.0,7.0,2.0,6.0,36.5,35.5,20.5,66.0,129.56877,-0.4754259053439222,0.0376327622216294,0.5349605525291606,0.3156190481475761,0.3444447877991002,0.5663994929416454,-0.609905177717289,-0.5313163907353988
45.6,16.3,2013.0,7.0,2.0,5.777777777777777,37.37007525453741,28.52921646746348,64.11509517485612,51.0938468348827,325.16368177116027,-1.0630017642211085,-0.006642712568239256,1.202589059242936,0.6463287809895635,-0.24127251049406018,0.8960750572603626,-0.4047824201012776,-0.862198513486373
45.6,17.8,2013.0,7.0,2.0,5.0,46.5,23.0,38.5,22.5,190.58309,-0.536665261797556,-0.2585086829361371,0.5089211740019856,0.307379284206548,-0.1538266060226071,-0.1949141269913971,-0.7758271106237343,-0.5313163907353988
45.7,0.0,2013.0,7.0,2.0,5.777777777777777,37.37007525453741,28.52921646746348,64.11509517485612,51.0938468348827,325.16368177116027,-0.4601635867578477,-0.0703927171040178,0.6016561388652499,0.3863407549531644,0.6770649043422208,0.5613656915949233,-0.3612432116184818,-0.0838301497202194
45.7,4.2,2013.0,7.0,2.0,12.0,20.0,15.0,47.0,34.0,356.23734,-1.929903648760249,1.624940416449654,0.18359930741634845,0.5935210842855114,0.9437798039841692,1.817552486931782,1.3656569305167017,0.49182513348723944
45.7,5.6,2013.0,7.0,2.0,5.777777777777777,37.37007525453741,28.52921646746348,64.11509517485612,51.0938468348827,325.16368177116027,-0.09022950414321229,-1.606344186795993,1.282222146320336,-0.020337314550938623,0.49196160504799746,0.5588781830910228,-1.0443889078815194,0.0667107135107568
45.7,7.0,2013.0,7.0,2.0,12.0,20.0,8.0,44.0,47.0,2211.5557,-1.8612502386751806,0.717533478324945,-0.5600216135129141,0.872446198780459,0.34911144708332886,-0.024870203199204466,0.09059172595656376,0.3098375618431884
45.7,7.1,2013.0,7.0,2.0,5.777777777777777,37.37007525453741,28.52921646746348,64.11509517485612,51.0938468348827,325.16368177116027,-0.5322699883396662,-0.6009336259058601,0.2403538606795229,0.3536158843109989,0.5488098430756289,0.18421812626195327,0.16369984216716754,0.08372730560191313
45.7,7.7,2013.0,7.0,2.0,5.777777777777777,37.37007525453741,28.52921646746348,64.11509517485612,51.0938468348827,325.16368177116027,0.14541300914690242,-0.5436122833647761,0.29994071180067927,0.7381077912983575,0.525937130235633,1.3320563379954167,0.2046309268050403,-0.07988772101874667
45.7,12.1,2013.0,7.0,2.0,5.777777777777777,37.37007525453741,28.52921646746348,64.11509517485612,51.0938468348827,325.16368177116027,-0.4473933755465975,0.4192846995438778,-0.23497927425097875,0.7423486403991748,1.2847809506631735,-0.5787422000831531,0.21613463665550975,0.4577351934853304
45.7,13.4,2013.0,7.0,2.0,6.0,36.5,39.5,22.0,68.0,-0.010051628,-0.4795080258698517,-0.0015685301110066,0.7161959362223587,0.3572248694723823,0.439884456043363,0.7148948305332947,-0.5904482548315853,-0.253360119628962
45.7,19.0,2013.0,7.0,2.0,5.777777777777777,37.37007525453741,28.52921646746348,64.11509517485612,51.0938468348827,325.16368177116027,-0.6071502470866155,0.43193218399600647,1.1384247389646744,-0.22259560735386447,0.9969460321770321,0.3764087312623529,-0.9020393108522979,0.9451011039637536
45.8,1.8,2013.0,7.0,2.0,0.0,54.0,38.0,10.0,93.0,570.29474,0.4667815421321384,-1.3169490709945642,0.3239788986000551,-0.2700126752376737,0.7519357369384906,0.2388029736453895,-0.6850994760317681,-0.270930756654731
45.8,2.4,2013.0,7.0,2.0,2.0,35.0,8.0,112.0,9.0,755.7407,0.2944666541634563,-1.0312261389775157,0.154779080312164,-0.447677765194427,0.1870807122225617,0.0956761746988881,-0.5445616781507459,0.2245817986135155
45.8,7.6,2013.0,7.0,2.0,6.0,37.0,20.0,26.0,66.0,1704.977,-0.2724592861429793,-0.2617921616974222,0.09969275906380393,-0.004293366941565013,0.05217202321011624,-0.04121411265759192,0.07742014247030587,-0.3330636579440615
45.8,9.2,2013.0,7.0,2.0,5.777777777777777,37.37007525453741,28.52921646746348,64.11509517485612,51.0938468348827,325.16368177116027,-0.07380782175600498,0.06912996102409084,0.5968373541149438,1.2278240290216256,1.4819204954281489,1.6597488574069112,0.0859489634993798,-0.6152676334838751
45.8,10.8,2013.0,7.0,2.0,5.777777777777777,37.37007525453741,28.52921646746348,64.11509517485612,51.0938468348827,325.16368177116027,-0.4601635867578477,-0.0703927171040178,0.6016561388652499,0.3863407549531644,0.6770649043422208,0.5613656915949233,-0.3612432116184818,-0.0838301497202194
45.8,11.6,2013.0,7.0,2.0,5.777777777777777,37.37007525453741,28.52921646746348,64.11509517485612,51.0938468348827,325.16368177116027,-0.561693634713782,1.5322685571895194,0.6195276266526618,-0.11387819321417353,0.5913783528880474,-0.053630537282454704,-0.2188014299264328,-0.17739843390973586
45.8,12.4,2013.0,7.0,2.0,5.777777777777777,37.37007525453741,28.52921646746348,64.11509517485612,51.0938468348827,325.16368177116027,0.23034289307512562,-0.3119038269363836,0.9958997670249108,0.049327012717938934,-0.4925811738847876,-0.44450661026450333,0.25454653716390957,0.7170510966782809
45.8,12.7,2013.0,7.0,2.0,5.777777777777777,37.37007525453741,28.52921646746348,64.11509517485612,51.0938468348827,325.16368177116027,0.09866162075081414,0.4846269429591971,0.2756799162108661,-0.4841038060433836,-0.467909137847641,0.2490773707075007,-0.043987002140047415,0.17012675510615194
45.8,14.0,2013.0,7.0,2.0,12.0,19.0,55.0,39.0,76.0,591.7186,-2.239583949933383,1.3411481208837284,0.7011429543652825,1.1800214455353077,0.564488918252883,0.8089125617057709,-0.6494430200269806,0.23594646161747052
45.8,14.2,2013.0,7.0,2.0,0.0,54.0,21.0,4.0,59.0,670.78705,1.5954039210676623,-1.2477245930608383,0.3747843397259069,-1.0622567213769096,0.50801096659402,0.26843860852032886,-0.42455410522696874,-0.30822516081180595
45.8,15.0,2013.0,7.0,2.0,10.0,39.0,46.0,81.0,0.0,409.79852,-1.6906415639673678,0.21937002932618266,1.634659328722806,0.4634752054018713,1.116130802457486,0.13047863012224037,-0.6178985334379647,-0.18010966491712949
45.8,16.4,2013.0,7.0,2.0,0.0,54.0,16.0,2.0,49.0,108.39763,0.8670661369023176,-1.9245529719829202,0.8783667759232973,-0.5706481968225181,0.014655199066197111,-0.42124549713423753,-1.621250649334557,-0.3485534101772608
45.8,17.3,2013.0,7.0,2.0,5.777777777777777,37.37007525453741,28.52921646746348,64.11509517485612,51.0938468348827,325.16368177116027,-0.9310412637250098,0.1801889669916148,0.19310874752616536,0.08971699187675519,0.29540339678856703,1.1411444007962512,-0.4089469846734247,-0.28285185240367183
45.8,17.5,2013.0,7.0,2.0,5.777777777777777,37.37007525453741,28.52921646746348,64.11509517485612,51.0938468348827,325.16368177116027,-0.2550122407372575,-0.13851209369971565,0.17427590226303047,0.08421793186813292,1.0649506789234406,0.39622675921861794,0.25518344484541705,0.04566518459866015
45.8,20.6,2013.0,7.0,2.0,0.0,54.0,5.0,133.0,30.0,74.04589,0.355899628546391,-1.1052961618772692,0.2966379287842232,-0.3503656160348606,-0.0230492408460366,-0.077250483817896,-0.7758271106237343,-0.5313163907353988
45.9,0.8,2013.0,7.0,2.0,5.777777777777777,37.37007525453741,28.52921646746348,64.11509517485612,51.0938468348827,325.16368177116027,-0.4601635867578477,-0.0703927171040178,0.6016561388652499,0.3863407549531644,0.6770649043422208,0.5613656915949233,-0.3612432116184818,-0.0838301497202194
45.9,3.1,2013.0,7.0,2.0,2.0,35.0,3.0,110.0,8.0,523.18976,0.2857396317997357,-1.0253020654638954,0.2143572186636985,-0.4108546166721626,0.2468788645806707,0.3111081734285926,-0.4406394695595279,0.6056534682491909
45.9,4.0,2013.0,7.0,2.0,5.777777777777777,37.37007525453741,28.52921646746348,64.11509517485612,51.0938468348827,325.16368177116027,-0.5964994259394517,0.19863312589258902,1.0141247680275713,0.7579135759351936,0.28674014651406066,-0.07024222794850565,-1.086938597568104,-0.3721587153212968
45.9,4.7,2013.0,7.0,2.0,12.0,20.0,18.0,48.0,37.0,230.01363,-1.703471248469025,0.5164699284097369,0.8270531200031043,1.1278017623415058,1.357072596481325,2.239208934312215,1.8004401943873254,1.2707960414262593
45.9,7.9,2013.0,7.0,2.0,2.0,34.0,42.0,102.0,1.0,2324.384,0.2401436563306043,-0.9782977389067716,-0.3910554368707717,-0.9258917476174924,0.3027928158165717,-0.432869187503847,-0.0073025511519923,-0.0020798526786868
45.9,8.4,2013.0,7.0,2.0,0.0,54.0,30.0,7.0,80.0,774.01685,0.434017465444746,-1.2402801096064138,-0.0442057790159855,-0.5043349747894246,0.1877550776628189,0.3693065259611265,0.6557861678729114,0.4992742858958641
45.9,9.7,2013.0,7.0,2.0,5.777777777777777,37.37007525453741,28.52921646746348,64.11509517485612,51.0938468348827,325.16368177116027,-0.4601635867578477,-0.0703927171040178,0.6016561388652499,0.3863407549531644,0.6770649043422208,0.5613656915949233,-0.3612432116184818,-0.0838301497202194
45.9,13.2,2013.0,7.0,2.0,5.777777777777777,37.37007525453741,28.52921646746348,64.11509517485612,51.0938468348827,325.16368177116027,-0.4601635867578477,-0.0703927171040178,0.6016561388652499,0.3863407549531644,0.6770649043422208,0.5613656915949233,-0.3612432116184818,-0.0838301497202194
45.9,18.0,2013.0,7.0,2.0,5.777777777777777,37.37007525453741,28.52921646746348,64.11509517485612,51.0938468348827,325.16368177116027,-0.7529124146235743,-0.049092862954082356,0.7557424169114815,0.7948600478870347,0.2168608232732369,0.9006908682171981,0.006090338697958775,-0.30236739741230656
45.9,19.0,2013.0,7.0,2.0,0.0,54.0,8.0,134.0,37.0,84.08287,0.7218717773649816,-0.39077858094353723,0.3173841935445279,-0.29964387395005965,-0.698388832559877,-0.7441244255731327,-0.45240910930600114,-1.0332245699014937
45.9,22.7,2013.0,7.0,2.0,5.777777777777777,37.37007525453741,28.52921646746348,64.11509517485612,51.0938468348827,325.16368177116027,-0.8470166564642183,-0.35047901115480223,0.639537754612935,0.5554271469516296,1.0243550782003623,0.060380042628675024,-0.6578581875733875,-0.8583227821668389
46.0,4.1,2013.0,7.0,2.0,5.777777777777777,37.37007525453741,28.52921646746348,64.11509517485612,51.0938468348827,325.16368177116027,0.10497947834090765,-0.08781825954059039,-0.013275631196464022,0.7056428884283679,1.1200141760169684,0.4851694997468653,-0.6076590999184611,0.5068506266877353
46.0,4.8,2013.0,7.0,2.0,2.0,34.0,55.0,107.0,5.0,271.84766,0.3486852436474563,-0.0845563881914787,0.5910485403164649,-0.35606807878640817,-0.09674451426970163,0.2972304839363328,-0.4870103799007658,1.6022280325731373
46.0,8.8,2013.0,7.0,2.0,0.0,54.0,27.0,6.0,79.0,635.3521,0.951941007143314,-1.130252276610621,0.37814314154979745,0.17718130733874082,-0.2470773054407726,0.5389351774225043,1.528376854405466,1.1493710618638078
46.0,9.0,2013.0,7.0,2.0,5.777777777777777,37.37007525453741,28.52921646746348,64.11509517485612,51.0938468348827,325.16368177116027,-0.5581940671881269,-0.28102335154699426,0.8001420963794679,0.8382950718870044,1.3139734911368741,1.088123002489511,-0.1372548537150988,0.1306839377214589
46.0,9.4,2013.0,7.0,2.0,0.0,54.0,27.0,6.0,77.0,1290.2463,0.293822649037043,-1.5901002557564976,-0.22537979667926628,-0.21578337802747538,-0.7279462139457004,0.057506334339255116,0.5577598008168038,0.7163259288647932
46.0,12.6,2013.0,7.0,2.0,0.0,54.0,21.0,4.0,66.0,84.645935,0.6266679586542627,-1.5098285490047911,0.5658206905783715,-0.5667725392094417,0.1487889526799528,0.03801842606257044,-0.4276282012294357,0.09616589098750306
46.0,14.2,2013.0,7.0,2.0,0.0,54.0,19.0,3.0,59.0,551.0192,1.713011926369232,-2.5099160511451037,0.3669771196558659,-0.42251009882827784,0.7917805641997299,-0.1853623493686225,-0.21791166382820004,-0.5353810582941544
46.0,14.3,2013.0,7.0,2.0,12.0,19.0,58.0,40.0,77.0,475.7637,-2.165474659685101,1.266135433788572,1.7538233938676226,0.25561384415583105,1.4282193069500897,1.020272171733993,-0.017154549290306353,0.549734278289818
46.0,14.9,2013.0,7.0,2.0,5.0,46.5,32.0,42.0,28.0,459.26115,-0.26903627179443873,0.09703314663940749,0.7502753906426727,0.4586653872086457,0.5090508765912465,0.7436474791465701,-0.8407357132241252,-0.5660747348640185
46.0,16.5,2013.0,7.0,2.0,12.0,19.0,55.0,39.0,83.0,151.76778,-1.2260575094915156,1.119880814517385,0.978615157000435,1.1289976209990997,0.25672660635233446,0.23513523424181543,-1.2702850679624123,-0.39693923091625916
46.0,17.5,2013.0,7.0,2.0,0.0,54.0,10.0,0.0,44.0,118.24779,0.2332045374862761,-0.6328302148181392,0.49252163350442846,-0.6158377704885939,0.1862072822139533,-0.03977238589049198,-0.6799793529896901,-0.7147491170620929
46.0,18.1,2013.0,7.0,2.0,5.777777777777777,37.37007525453741,28.52921646746348,64.11509517485612,51.0938468348827,325.16368177116027,-1.497277958950442,-0.5668290243408175,1.406838528620637,-0.12812594428982899,0.2881292758870986,0.6735516164341973,-0.25422636637326934,0.46744061634989675
46.0,18.9,2013.0,7.0,2.0,10.0,39.0,30.0,75.0,5.0,87.96453,-1.6438490695137224,-0.2993222126247881,2.1581481304067482,1.836913848662955,-0.38325193516490713,-0.25927423195005,-0.06032269649043631,-0.9204840268665352
46.0,19.6,2013.0,7.0,2.0,10.0,39.0,27.0,74.0,6.0,109.4255,-1.3335876851212989,0.7012700441348384,0.28698060234017764,1.3494605637749282,0.06513217550790312,-0.5344188049893569,-0.8656775276622148,0.03715000184906292
46.0,20.4,2013.0,7.0,2.0,5.777777777777777,37.37007525453741,28.52921646746348,64.11509517485612,51.0938468348827,325.16368177116027,-0.1913792310616247,-0.9253603234947007,-0.5565537991830432,-0.09067457778964749,0.3577448435734719,0.463003409145819,0.055640591468425205,0.21893021733955875
46.0,23.7,2013.0,7.0,2.0,5.777777777777777,37.37007525453741,28.52921646746348,64.11509517485612,51.0938468348827,325.16368177116027,-0.4601635867578477,-0.0703927171040178,0.6016561388652499,0.3863407549531644,0.6770649043422208,0.5613656915949233,-0.3612432116184818,-0.0838301497202194
46.0,24.2,2013.0,7.0,2.0,5.0,46.0,28.5,97.0,17.0,442.453355,-0.5625236800923596,-0.1324066935049933,0.0565983122755308,0.0460147956908925,-0.0375913550533774,-0.3066646755473086,-0.7758271106237343,-0.5313163907353988
46.0,26.8,2013.0,7.0,2.0,5.777777777777777,37.37007525453741,28.52921646746348,64.11509517485612,51.0938468348827,325.16368177116027,-0.4601635867578477,-0.0703927171040178,0.6016561388652499,0.3863407549531644,0.6770649043422208,0.5613656915949233,-0.3612432116184818,-0.0838301497202194
46.1,0.1,2013.0,7.0,2.0,0.0,54.0,33.0,8.0,95.0,133.04054,0.7541967357851371,-0.9736413871109098,0.0028460108815506757,0.16455591589440471,1.6529907659233207,-0.1803855068043242,-1.6784067996579024,-2.33663240858231
46.1,1.1,2013.0,7.0,2.0,12.0,20.0,31.0,53.0,23.0,302.25146,-1.4397676398917176,0.8663395174178463,0.6358129814468747,0.5509620819200786,1.134019499213228,1.7091034476206484,0.606407829525687,0.6690943019652774
46.1,2.7,2013.0,7.0,2.0,5.777777777777777,37.37007525453741,28.52921646746348,64.11509517485612,51.0938468348827,325.16368177116027,-0.4601635867578477,-0.0703927171040178,0.6016561388652499,0.3863407549531644,0.6770649043422208,0.5613656915949233,-0.3612432116184818,-0.0838301497202194
46.1,3.6,2013.0,7.0,2.0,5.777777777777777,37.37007525453741,28.52921646746348,64.11509517485612,51.0938468348827,325.16368177116027,-0.4601635867578477,-0.0703927171040178,0.6016561388652499,0.3863407549531644,0.6770649043422208,0.5613656915949233,-0.3612432116184818,-0.0838301497202194
46.1,4.6,2013.0,7.0,2.0,5.777777777777777,37.37007525453741,28.52921646746348,64.11509517485612,51.0938468348827,325.16368177116027,-1.1392819605637425,0.3310030035202254,1.0986141585095959,0.5960838173485534,1.0059084965219418,0.9751359263476413,-0.0471831687164847,-0.3406313147669654
46.1,5.9,2013.0,7.0,2.0,5.777777777777777,37.37007525453741,28.52921646746348,64.11509517485612,51.0938468348827,325.16368177116027,-0.35188998784889236,-0.020315805224045642,1.058549173321981,0.3517211525489831,-0.1599368925660416,1.471166011817157,-0.7110285307238524,-0.9881477816503524
46.1,6.2,2013.0,7.0,2.0,5.777777777777777,37.37007525453741,28.52921646746348,64.11509517485612,51.0938468348827,325.16368177116027,-0.8010677612375171,0.26986533772267024,1.2418976217243975,1.1244581571087446,0.751197053868232,-0.27056424672703183,-0.3682358695355284,0.5817577265203453
46.1,6.4,2013.0,7.0,2.0,6.0,37.0,23.0,27.0,65.0,937.22894,-1.2934179907468122,0.11311251153784499,0.003594980013588711,-0.3074167887840023,0.4452098826207781,1.0411849233165582,-0.08985112588627717,1.0564228402671172
46.1,7.5,2013.0,7.0,2.0,12.0,20.0,13.0,46.0,50.0,2511.6401,-1.4076645089165398,1.0356698321989686,-0.0731308131235431,0.0904986998976338,-0.3234545056441448,-0.4454835721491796,0.0460211572836844,0.2839019662849003
46.1,9.4,2013.0,7.0,2.0,5.777777777777777,37.37007525453741,28.52921646746348,64.11509517485612,51.0938468348827,325.16368177116027,-0.7523078191017963,0.31027404250748547,0.5635212301407281,0.3698292163463747,0.669088464754533,0.45007853759684296,-0.6674062730044635,0.04754515004310997
46.1,11.2,2013.0,7.0,2.0,12.0,20.0,5.0,43.0,66.0,631.8876,-1.0527120107473544,1.5981612229233007,-0.36005788774241515,-0.7762232409888097,0.7127266904527717,0.5643438981461995,2.1790946583847073,1.8646485887904818
46.1,11.5,2013.0,7.0,2.0,5.777777777777777,37.37007525453741,28.52921646746348,64.11509517485612,51.0938468348827,325.16368177116027,-0.1345602863773367,-0.15905160890405398,0.24160638393459394,0.7525081995571907,0.4832530099598301,1.022152038959958,0.005171078991850209,-0.616697148196588
46.1,12.8,2013.0,7.0,2.0,12.0,20.0,3.0,42.0,72.0,232.00961,-1.7739871954924515,1.1083549152215315,0.7025386038956798,0.5807006556886398,0.4785641962959737,0.34256852202845606,0.48827020758423845,2.270740305055737
46.1,16.3,2013.0,7.0,2.0,5.777777777777777,37.37007525453741,28.52921646746348,64.11509517485612,51.0938468348827,325.16368177116027,-0.4275210547665767,0.34685235970232264,0.7000354331093089,0.630667757805934,0.07808164539158613,0.10869672621166648,-0.9472186492147892,-0.4201979477978974
46.1,17.3,2013.0,7.0,2.0,5.777777777777777,37.37007525453741,28.52921646746348,64.11509517485612,51.0938468348827,325.16368177116027,0.19747576486652024,0.21095695833964423,0.14959207238518907,0.9111647408071171,0.7060927711678824,0.9596617579862874,-0.7309506406350543,0.5201777445787763
46.1,18.9,2013.0,7.0,2.0,0.0,54.0,5.0,133.0,38.0,86.42897,-0.10839097374091983,-0.2703841694366067,0.20535778695466245,-0.2863920505525837,0.10145472840026072,-0.968568277841159,-1.1092302227402449,-0.8919448213299256
46.1,19.1,2013.0,7.0,2.0,5.777777777777777,37.37007525453741,28.52921646746348,64.11509517485612,51.0938468348827,325.16368177116027,-0.5460686301614759,-0.33877028918833346,0.5870566211311742,1.4856892467326515,0.38726891668165625,0.38297411525853364,-0.18278181757151674,0.562596179717469
46.1,20.5,2013.0,7.0,2.0,0.0,53.0,59.0,131.0,31.0,79.52463,-0.826830489807713,-0.9152643565906159,-0.029313515810669433,-0.4543189180540186,0.5962714746257021,0.13132068256807133,-1.2115306827411236,-0.06461207611498782
46.1,22.6,2013.0,7.0,2.0,10.0,39.0,16.0,70.0,12.0,440.06674,-1.3173172646272617,1.3747693753558763,0.8095405142807719,0.5189079014125437,-0.13205401467719954,-0.7146535550670718,-0.876315644419039,-0.48587366566912743
46.2,0.1,2013.0,7.0,2.0,12.0,20.0,37.0,55.0,20.0,138.38422,-2.0582461222646624,1.013492434983312,0.07971523294596816,0.3965017947511147,1.0520860196569706,2.394747720124012,1.36999878933644,-0.007915280615807152
46.2,3.0,2013.0,7.0,2.0,5.777777777777777,37.37007525453741,28.52921646746348,64.11509517485612,51.0938468348827,325.16368177116027,-1.317930856517207,-0.18736965082645662,0.39371112273065934,0.5174662628949633,0.5529576332509847,0.6204605553422449,-0.2556218252343745,0.08955651764921113
46.2,3.3,2013.0,7.0,2.0,5.777777777777777,37.37007525453741,28.52921646746348,64.11509517485612,51.0938468348827,325.16368177116027,-0.4931834640299387,0.5098529781652064,0.7682426008493292,0.2936974075107173,0.15157455359351002,0.9304506275678701,0.2237310280736105,0.5812528929875497
46.2,4.8,2013.0,7.0,2.0,5.777777777777777,37.37007525453741,28.52921646746348,64.11509517485612,51.0938468348827,325.16368177116027,-0.006484019220627191,0.5691401658130668,-0.2259872827944528,0.2507194098269371,0.4288765882712072,0.6056340573323391,-0.11374129154873766,-0.22157198953921706
46.2,5.1,2013.0,7.0,2.0,12.0,20.0,21.0,49.0,39.0,239.79262,-0.5587887659914766,1.6412635325513634,1.257620334290259,1.0673676267374839,1.1780744343993985,1.2803756139162243,0.5881654369174881,1.5193592975844943
46.2,8.0,2013.0,7.0,2.0,5.777777777777777,37.37007525453741,28.52921646746348,64.11509517485612,51.0938468348827,325.16368177116027,-0.4601635867578477,-0.0703927171040178,0.6016561388652499,0.3863407549531644,0.6770649043422208,0.5613656915949233,-0.3612432116184818,-0.0838301497202194
46.2,9.1,2013.0,7.0,2.0,2.0,34.0,31.0,98.0,0.0,1241.0537,0.9313615782717992,-1.819434428565279,0.2856464125453523,-0.6241732899506116,1.1428850238242205,1.3290193729601967,1.917147097222018,1.883252444231679
46.2,9.9,2013.0,7.0,2.0,5.777777777777777,37.37007525453741,28.52921646746348,64.11509517485612,51.0938468348827,325.16368177116027,-0.4601635867578477,-0.0703927171040178,0.6016561388652499,0.3863407549531644,0.6770649043422208,0.5613656915949233,-0.3612432116184818,-0.0838301497202194
46.2,10.3,2013.0,7.0,2.0,5.777777777777777,37.37007525453741,28.52921646746348,64.11509517485612,51.0938468348827,325.16368177116027,-0.3057944886047232,-0.8103352786537844,0.3394738568747651,0.6575940056145166,-0.0007840023745603331,0.9542651264519392,-0.06996172301825643,-0.09173086495361907
46.2,12.8,2013.0,7.0,2.0,5.777777777777777,37.37007525453741,28.52921646746348,64.11509517485612,51.0938468348827,325.16368177116027,-0.8722439235031708,0.13835194319730426,0.09688224080936592,0.543974571934672,1.3790229101552725,1.097506229193355,-0.6299940040192111,0.16914553686315736
46.2,14.4,2013.0,7.0,2.0,5.777777777777777,37.37007525453741,28.52921646746348,64.11509517485612,51.0938468348827,325.16368177116027,-0.6181549774437256,-0.11792738811206593,0.2576704715642233,-0.17927028185535915,0.37085037675283844,0.2597735162567749,-0.27994117272732777,0.6980295741364254
46.2,14.6,2013.0,7.0,2.0,12.0,20.0,0.0,41.0,78.0,373.42154,-1.3767053445684174,1.5317225495034024,0.5363393121200914,0.505160719094803,0.23336066234757757,0.5034920356950066,-0.7252854662842367,-0.37065118098671956
46.2,15.9,2013.0,7.0,2.0,0.0,54.0,10.0,0.0,52.0,338.86258,0.3824867753583683,-1.1576461928018098,0.154591772010661,-0.3813332710170293,0.1887694417552492,0.3847510117187093,-0.7758271106237343,-0.5313163907353988
46.2,19.6,2013.0,7.0,2.0,5.777777777777777,37.37007525453741,28.52921646746348,64.11509517485612,51.0938468348827,325.16368177116027,-0.6226384334961569,-0.46641480088402476,1.5424272882548415,0.7087952182352975,-0.17385795839028917,0.29302959403907225,-0.43501808856307916,0.186898917308771
46.2,21.0,2013.0,7.0,2.0,5.777777777777777,37.37007525453741,28.52921646746348,64.11509517485612,51.0938468348827,325.16368177116027,-0.4601635867578477,-0.0703927171040178,0.6016561388652499,0.3863407549531644,0.6770649043422208,0.5613656915949233,-0.3612432116184818,-0.0838301497202194
46.3,2.5,2013.0,7.0,2.0,5.777777777777777,37.37007525453741,28.52921646746348,64.11509517485612,51.0938468348827,325.16368177116027,-1.0541996492713923,0.4126428062637795,0.06157660593816294,0.10082743497938873,1.1328175454572629,0.5982450446339997,-0.005280631867652152,0.2873031890177065
46.3,6.7,2013.0,7.0,2.0,5.777777777777777,37.37007525453741,28.52921646746348,64.11509517485612,51.0938468348827,325.16368177116027,-0.4601635867578477,-0.0703927171040178,0.6016561388652499,0.3863407549531644,0.6770649043422208,0.5613656915949233,-0.3612432116184818,-0.0838301497202194
46.3,9.4,2013.0,7.0,2.0,5.777777777777777,37.37007525453741,28.52921646746348,64.11509517485612,51.0938468348827,325.16368177116027,-0.47401431179182685,-0.5938959021910282,1.0347518060153293,0.3359509775418776,0.5613597862299724,0.14670896473199313,-0.42776708120920937,-1.1455087042063967
46.3,10.2,2013.0,7.0,2.0,5.777777777777777,37.37007525453741,28.52921646746348,64.11509517485612,51.0938468348827,325.16368177116027,-0.5494571077674303,0.38936502163965253,1.0052656281281473,0.19838004382867128,0.47628007333562383,0.22091918509472414,0.36656238080231146,0.3817216363474473
46.3,12.8,2013.0,7.0,2.0,5.777777777777777,37.37007525453741,28.52921646746348,64.11509517485612,51.0938468348827,325.16368177116027,0.18919954523909682,-0.6557354794343302,1.045402477363852,0.562307906879935,0.02969041024193675,0.5910058203375615,-1.1622497837675683,0.12168214819774736
46.3,13.6,2013.0,7.0,2.0,5.777777777777777,37.37007525453741,28.52921646746348,64.11509517485612,51.0938468348827,325.16368177116027,-0.6730989810843657,1.2602018451429822,0.43046377901061106,-0.025255103981946636,1.0283225239571365,0.7871220479875902,-0.6994894229158282,-0.06640084463798884
46.3,14.2,2013.0,7.0,2.0,12.0,20.0,3.0,42.0,77.0,680.33685,-2.236076689600611,1.97183629110138,1.2079579783829075,1.0705149233549514,1.2659832160965425,0.10648823081813111,-0.019623489998754767,0.47258545373697697
46.3,16.5,2013.0,7.0,2.0,5.0,46.5,27.0,107.5,25.5,175.682185,-0.7651149649506868,-1.0668573728413395,0.23272003191945134,1.000841652527389,0.5142604619866457,0.17083824627695765,-0.4276952453667616,0.1130740512022459
46.3,17.3,2013.0,7.0,2.0,10.0,39.0,43.0,80.0,3.0,157.69618,-1.358333642706764,0.8152544014014236,1.5216723480673258,2.0684719909138636,0.8649571126560992,1.4872546454096862,-0.9649438043619748,-0.49156794094948403
46.4,0.9,2013.0,7.0,2.0,5.777777777777777,37.37007525453741,28.52921646746348,64.11509517485612,51.0938468348827,325.16368177116027,-0.4601635867578477,-0.0703927171040178,0.6016561388652499,0.3863407549531644,0.6770649043422208,0.5613656915949233,-0.3612432116184818,-0.0838301497202194
46.4,3.8,2013.0,7.0,2.0,12.0,20.0,29.0,52.0,34.0,271.8987,-1.4211620698859486,0.9373236496712428,1.0266901604931231,0.8193360427744497,0.8008791501042022,1.2934492236282,-0.3451957137036597,1.808450572770132
46.4,4.5,2013.0,7.0,2.0,2.0,34.0,50.0,105.0,6.0,375.25275,0.2646033421183938,-1.0118203227375715,0.3768683179270378,-0.3047410574872846,0.1695921148350956,0.772907667826683,-0.4615271345169413,0.9875134877466736
46.4,4.9,2013.0,7.0,2.0,5.777777777777777,37.37007525453741,28.52921646746348,64.11509517485612,51.0938468348827,325.16368177116027,-0.27599354041672197,-0.5605153273171828,0.34522882154015033,0.33499063618720204,0.19130352481220547,0.08913004462569324,-0.7596477342966225,0.39005923607014664
46.4,8.6,2013.0,7.0,2.0,5.777777777777777,37.37007525453741,28.52921646746348,64.11509517485612,51.0938468348827,325.16368177116027,-0.744149342844469,0.6092978472637619,0.5783419801877254,0.08459056949485011,0.7270291192934878,0.8067025496564642,0.2335301014994164,-0.13450075225259098
46.4,9.7,2013.0,7.0,2.0,5.777777777777777,37.37007525453741,28.52921646746348,64.11509517485612,51.0938468348827,325.16368177116027,-0.4601635867578477,-0.0703927171040178,0.6016561388652499,0.3863407549531644,0.6770649043422208,0.5613656915949233,-0.3612432116184818,-0.0838301497202194
46.4,11.4,2013.0,7.0,2.0,0.0,54.0,16.0,2.0,71.0,904.4323,0.4067225167204751,-1.207710480109524,-0.3976474806429397,-0.7581239033961445,0.4394019762581672,0.0094110020412133,0.1244596955733768,0.0004201318159491
46.4,12.0,2013.0,7.0,2.0,5.777777777777777,37.37007525453741,28.52921646746348,64.11509517485612,51.0938468348827,325.16368177116027,-0.4601635867578477,-0.0703927171040178,0.6016561388652499,0.3863407549531644,0.6770649043422208,0.5613656915949233,-0.3612432116184818,-0.0838301497202194
46.4,13.3,2013.0,7.0,2.0,5.777777777777777,37.37007525453741,28.52921646746348,64.11509517485612,51.0938468348827,325.16368177116027,-0.5034376211013118,-0.47447171585841735,0.6666609268549265,0.6461765932224518,0.4217528804430969,1.021575043032469,-0.7013104591935837,-1.1814796704747117
46.4,13.6,2013.0,7.0,2.0,12.0,20.0,6.0,43.0,75.0,1295.8606,-0.3570966247037304,0.7433658068735302,-0.37253636332582263,0.6540961900242601,0.6685861192031453,0.576406860566376,0.6621660849955902,0.8566583077072236
46.4,14.9,2013.0,7.0,2.0,5.777777777777777,37.37007525453741,28.52921646746348,64.11509517485612,51.0938468348827,325.16368177116027,-0.4601635867578477,-0.0703927171040178,0.6016561388652499,0.3863407549531644,0.6770649043422208,0.5613656915949233,-0.3612432116184818,-0.0838301497202194
46.4,15.6,2013.0,7.0,2.0,12.0,20.0,3.0,42.0,81.0,359.3454,-2.086268815775986,1.1045806701268686,0.8399691580871315,1.1672501188999544,0.06479034041098447,0.9339692749277462,-0.2977371326719718,0.8535812556952922
46.4,16.8,2013.0,7.0,2.0,0.0,54.0,5.0,133.0,48.0,154.24332,0.3723331073279914,-1.14781323043169,0.2464111070334214,-0.3282688197670777,-0.0300860538882831,0.1941306173478081,-0.7758271106237343,-0.5313163907353988
46.4,17.7,2013.0,7.0,2.0,6.0,37.0,1.0,86.5,65.0,160.7064,-0.6569273070850283,-0.042083135754820845,0.6373868029512441,0.17684635400598994,0.07975817059921284,0.685658410654646,-0.9832862815392049,-0.10932669844310655
46.4,18.1,2013.0,7.0,2.0,0.0,54.0,2.0,132.0,42.0,137.46706,0.968300917567408,-0.5276261726704106,0.19442992288208563,-0.23764233695222547,-0.8709829581390597,-0.25022727108551746,-0.7037892437050022,-1.0803619297039888
46.4,19.2,2013.0,7.0,2.0,5.777777777777777,37.37007525453741,28.52921646746348,64.11509517485612,51.0938468348827,325.16368177116027,-0.7851280046424611,0.34468901055766843,0.6867696265674239,0.6247008238335916,0.24513426572495223,0.4092277602131359,-0.22579088019560112,-0.4078381246640336
46.4,19.9,2013.0,7.0,2.0,5.0,46.0,44.5,103.0,20.5,92.426657,-0.54502742952148,-0.2164393037221036,0.5861752745153043,0.5531327572249705,-0.1298869597427384,-0.1203433215356063,-0.7758271106237343,-0.5313163907353988
46.4,21.5,2013.0,7.0,2.0,0.0,53.0,51.0,128.0,28.0,97.82727,0.3371082205918609,-1.0980547662512912,0.2406639646857611,-0.4032467550473864,-0.1249656156492365,-0.0927734242112118,-0.7275729962831697,-0.5313163907353988
46.4,22.8,2013.0,7.0,2.0,5.777777777777777,37.37007525453741,28.52921646746348,64.11509517485612,51.0938468348827,325.16368177116027,-0.4601635867578477,-0.0703927171040178,0.6016561388652499,0.3863407549531644,0.6770649043422208,0.5613656915949233,-0.3612432116184818,-0.0838301497202194
46.5,-1.6,2013.0,7.0,2.0,5.777777777777777,37.37007525453741,28.52921646746348,64.11509517485612,51.0938468348827,325.16368177116027,-0.5804225382446208,0.007435716893581051,0.6459017699309997,0.3132195349922045,1.2382589837697022,-0.4784010405846021,-0.42664180646388267,1.1123248631146876
46.5,0.2,2013.0,7.0,2.0,2.0,35.0,6.0,111.0,15.0,132.636,0.25280779537760445,-1.4187397267974386,0.8260257043958699,-0.6443253001740864,0.7286688923913915,0.9414830721364387,-0.8071665237199651,-0.5366525930223689
46.5,0.6,2013.0,7.0,2.0,12.0,20.0,39.0,56.0,22.0,120.53604,-1.4327286308695064,0.8509043605902571,0.7700969210808296,0.582745355227372,0.999313607126992,1.932147500866167,1.4957440559310795,0.107986271786094
46.5,2.5,2013.0,7.0,2.0,12.0,20.0,34.0,54.0,29.0,244.65105,-1.6954907070738026,1.6918152956621582,1.024749574173915,0.6862136062746163,0.7526446477694013,1.2753064307500843,-0.391234819346753,5.054366651351566
46.5,3.4,2013.0,7.0,2.0,2.0,34.0,52.0,106.0,8.0,251.47568,0.2724931680492828,-1.0227445976366083,0.3895267337865217,-0.3952545030040326,0.0326252555970446,0.4984759584994589,-0.6297759271373957,0.1023660794968036
46.5,4.1,2013.0,7.0,2.0,5.777777777777777,37.37007525453741,28.52921646746348,64.11509517485612,51.0938468348827,325.16368177116027,0.044213808728436665,0.001029130896591901,0.2220269494076318,1.5216630146830756,0.1698845786224379,0.894668336998613,-0.26334111331820587,-0.04221538349758474
46.5,5.7,2013.0,7.0,2.0,5.777777777777777,37.37007525453741,28.52921646746348,64.11509517485612,51.0938468348827,325.16368177116027,-0.4601635867578477,-0.0703927171040178,0.6016561388652499,0.3863407549531644,0.6770649043422208,0.5613656915949233,-0.3612432116184818,-0.0838301497202194
46.5,6.9,2013.0,7.0,2.0,6.0,37.0,21.5,26.5,66.0,1030.1749,-0.4868798770057003,-0.1204470319804199,0.2487202357180487,-0.0159148614731675,0.2574317961992538,0.2434173964273013,-0.070371795791903,0.956028761131309
46.5,7.9,2013.0,7.0,2.0,5.777777777777777,37.37007525453741,28.52921646746348,64.11509517485612,51.0938468348827,325.16368177116027,0.024883208458654882,0.3130522002543236,0.0072019149284819894,0.38525854632871775,0.2544411643507214,0.7318133301663495,-0.2485725980240991,0.15941327136945957
46.5,8.1,2013.0,7.0,2.0,5.777777777777777,37.37007525453741,28.52921646746348,64.11509517485612,51.0938468348827,325.16368177116027,-0.007207010145923176,-0.10992171011346143,0.5337500958660303,-0.1441664136937732,1.102196079018467,1.0126662750926871,-0.5884409925800531,-0.3036014618441512
46.5,8.2,2013.0,7.0,2.0,12.0,20.0,18.0,48.0,54.0,2398.8677,-1.0429929710600203,1.0051759211772602,-0.43545414603539756,0.22537060345836132,0.09734764465531018,-0.17578610521651777,0.4364704165073885,0.35890885206844425
46.5,8.8,2013.0,7.0,2.0,5.777777777777777,37.37007525453741,28.52921646746348,64.11509517485612,51.0938468348827,325.16368177116027,-0.46120056143734267,0.3683293088185471,0.6829785745566683,-0.109953873136307,0.23987166369325147,0.6892416837362971,-0.49431952425271647,0.24186645619729152
46.5,9.2,2013.0,7.0,2.0,0.0,54.0,19.0,3.0,78.0,2165.2444,0.4179404552332666,-1.231697829271216,-0.5067938405883949,-0.7423364397761042,0.3916367289462485,-0.1234650862272091,2.479745571206668,1.5860951117964006
46.5,10.8,2013.0,7.0,2.0,6.0,37.0,14.5,24.0,69.0,2257.34635,-0.4830588706991664,-0.0525014750597951,-0.2989370127859372,-0.4316698423637344,0.1296373830370153,-0.1936591786279594,1.0516553016421792,0.7588349014857872
46.5,11.7,2013.0,7.0,2.0,5.777777777777777,37.37007525453741,28.52921646746348,64.11509517485612,51.0938468348827,325.16368177116027,-0.4601635867578477,-0.0703927171040178,0.6016561388652499,0.3863407549531644,0.6770649043422208,0.5613656915949233,-0.3612432116184818,-0.0838301497202194
46.5,12.9,2013.0,7.0,2.0,12.0,20.0,8.0,44.0,73.0,895.48376,-1.802740390113971,1.0101444610186805,1.074098433516454,0.15462284730127537,0.7039117313903263,-0.11447246687115648,1.8464828103536546,1.4777738508770546
46.5,13.6,2013.0,7.0,2.0,5.777777777777777,37.37007525453741,28.52921646746348,64.11509517485612,51.0938468348827,325.16368177116027,-0.9086700747790706,0.5609065008077121,0.40530074140449857,0.4932834264784901,0.08102781906339163,0.2609902406278959,-0.9080866142326565,-0.09145781309374774
46.5,14.0,2013.0,7.0,2.0,5.777777777777777,37.37007525453741,28.52921646746348,64.11509517485612,51.0938468348827,325.16368177116027,-0.4601635867578477,-0.0703927171040178,0.6016561388652499,0.3863407549531644,0.6770649043422208,0.5613656915949233,-0.3612432116184818,-0.0838301497202194
46.5,14.5,2013.0,7.0,2.0,11.0,29.5,32.5,64.5,39.0,994.1579,-1.3845260313254268,0.8643187886202868,0.6044312881914113,0.5827388948842029,0.4071750168278548,0.1742701260556609,-0.2667907709698074,-0.0394682991188801
46.5,15.2,2013.0,7.0,2.0,12.0,20.0,6.0,43.0,80.0,743.2975,-1.3360617996312352,1.2069935843783692,0.8084175812797945,0.748600937870598,0.4369863088396338,0.3297085685863528,-0.2890923051816659,-0.0847524264245854
46.5,16.4,2013.0,7.0,2.0,6.0,37.0,4.0,87.5,66.5,200.632745,-0.09784682659355737,-0.7761190881916183,0.9474817044662251,0.5590564136395556,0.11749143157533581,0.5960280825181643,-0.9175617856870847,-0.858782613551184
46.5,17.7,2013.0,7.0,2.0,12.0,20.0,3.0,42.0,86.0,171.54375,-1.1892601291703868,0.90017852588359,0.790108961054862,1.6198053176611018,0.11213112575980257,0.16043819778034218,-0.4639735750007185,-0.31518114288518806
46.5,18.7,2013.0,7.0,2.0,5.777777777777777,37.37007525453741,28.52921646746348,64.11509517485612,51.0938468348827,325.16368177116027,0.5295697394785812,-0.2346776216859946,0.42561631950178824,0.5073204147795044,-0.053220629143789444,0.7185875135835215,-0.30360211770622403,-0.8285517661011546
46.5,18.8,2013.0,7.0,2.0,5.777777777777777,37.37007525453741,28.52921646746348,64.11509517485612,51.0938468348827,325.16368177116027,-0.17530378766978955,0.1702487723074248,0.6914329678242265,0.6235309837319097,0.6705236246665175,0.07985933569575182,-0.28426816043821546,0.3899114219138862
46.5,19.3,2013.0,7.0,2.0,6.0,36.5,28.5,85.5,63.0,110.55994,-0.8700030923294544,-0.7840613656888257,1.1593083660728911,1.5588500656706377,0.26351653499396005,0.4096530159880293,-0.670737217443384,-0.9278663869217056
46.5,20.3,2013.0,7.0,2.0,10.0,39.0,32.0,76.0,8.0,78.1209,-1.4373549202609346,0.6946834847860744,0.8627057706647531,1.4452350851341094,-0.2200850344790159,-0.0476523647394976,-0.7758271106237343,-0.5313163907353988
46.5,20.9,2013.0,7.0,2.0,10.0,39.0,30.0,75.0,9.0,89.48816,-1.438075152510408,0.7097543474300009,0.837570205044012,1.347129928850509,-0.218620070974898,-0.0810649169296317,-0.7758271106237343,-0.5313163907353988
46.5,22.4,2013.0,7.0,2.0,5.777777777777777,37.37007525453741,28.52921646746348,64.11509517485612,51.0938468348827,325.16368177116027,-0.4601635867578477,-0.0703927171040178,0.6016561388652499,0.3863407549531644,0.6770649043422208,0.5613656915949233,-0.3612432116184818,-0.0838301497202194
46.5,24.0,2013.0,7.0,2.0,5.777777777777777,37.37007525453741,28.52921646746348,64.11509517485612,51.0938468348827,325.16368177116027,-0.4601635867578477,-0.0703927171040178,0.6016561388652499,0.3863407549531644,0.6770649043422208,0.5613656915949233,-0.3612432116184818,-0.0838301497202194
46.5,25.1,2013.0,7.0,2.0,5.777777777777777,37.37007525453741,28.52921646746348,64.11509517485612,51.0938468348827,325.16368177116027,-0.4601635867578477,-0.0703927171040178,0.6016561388652499,0.3863407549531644,0.6770649043422208,0.5613656915949233,-0.3612432116184818,-0.0838301497202194
46.5,27.2,2013.0,7.0,2.0,5.777777777777777,37.37007525453741,28.52921646746348,64.11509517485612,51.0938468348827,325.16368177116027,-0.4601635867578477,-0.0703927171040178,0.6016561388652499,0.3863407549531644,0.6770649043422208,0.5613656915949233,-0.3612432116184818,-0.0838301497202194
46.6,1.8,2013.0,7.0,2.0,5.777777777777777,37.37007525453741,28.52921646746348,64.11509517485612,51.0938468348827,325.16368177116027,-0.4601635867578477,-0.0703927171040178,0.6016561388652499,0.3863407549531644,0.6770649043422208,0.5613656915949233,-0.3612432116184818,-0.0838301497202194
46.6,6.0,2013.0,7.0,2.0,5.777777777777777,37.37007525453741,28.52921646746348,64.11509517485612,51.0938468348827,325.16368177116027,-0.4601635867578477,-0.0703927171040178,0.6016561388652499,0.3863407549531644,0.6770649043422208,0.5613656915949233,-0.3612432116184818,-0.0838301497202194
46.6,6.6,2013.0,7.0,2.0,5.777777777777777,37.37007525453741,28.52921646746348,64.11509517485612,51.0938468348827,325.16368177116027,-0.4601635867578477,-0.0703927171040178,0.6016561388652499,0.3863407549531644,0.6770649043422208,0.5613656915949233,-0.3612432116184818,-0.0838301497202194
46.6,7.7,2013.0,7.0,2.0,5.777777777777777,37.37007525453741,28.52921646746348,64.11509517485612,51.0938468348827,325.16368177116027,-1.2324959156856345,-0.24825933609524564,0.1912599530482495,0.3132854869488133,0.24392149630547844,0.22523715789011572,-0.23773173925267171,-0.03357588624887239
46.6,12.4,2013.0,7.0,2.0,5.777777777777777,37.37007525453741,28.52921646746348,64.11509517485612,51.0938468348827,325.16368177116027,-0.4601635867578477,-0.0703927171040178,0.6016561388652499,0.3863407549531644,0.6770649043422208,0.5613656915949233,-0.3612432116184818,-0.0838301497202194
46.6,15.6,2013.0,7.0,2.0,6.0,37.0,5.5,88.0,67.5,482.183965,-1.3467540588043476,0.23384323177925118,0.5983315430112127,0.5140794799210763,0.25347434988319506,0.5436646084478699,0.33299958000909335,-0.5636377969287565
46.6,17.2,2013.0,7.0,2.0,5.777777777777777,37.37007525453741,28.52921646746348,64.11509517485612,51.0938468348827,325.16368177116027,-0.8811704904195738,-0.004166730571145277,0.5066794981043282,0.4396093914019411,0.35117950414168564,0.9417215668614376,-0.7935638915351002,0.13267027293657804
46.6,18.0,2013.0,7.0,2.0,0.0,54.0,0.0,131.0,43.0,192.76521,0.14799700653788692,-1.5346440208167016,0.02787544737767972,0.2989410647865514,-0.9792646497779782,-0.6195983496843616,-0.012329939359176256,-0.04778517704192675
46.6,18.8,2013.0,7.0,2.0,5.777777777777777,37.37007525453741,28.52921646746348,64.11509517485612,51.0938468348827,325.16368177116027,-0.805298476512726,-0.015925270653222176,0.8278050949296667,0.27386471387959743,0.29166912051865285,0.45115376607188024,-0.6344966649742427,-0.33656047924110044
46.6,21.8,2013.0,7.0,2.0,10.0,39.0,27.0,74.0,11.0,111.61555,-1.4363399744143512,0.7358764482421595,0.7146224457863676,1.06804956427877,-0.2626922234099065,-0.2758896717712597,-0.7758271106237343,-0.5313163907353988
46.7,-1.5,2013.0,7.0,2.0,5.777777777777777,37.37007525453741,28.52921646746348,64.11509517485612,51.0938468348827,325.16368177116027,0.05262547977429349,-0.05182548542634796,0.13207455826058467,1.1193673224414173,0.46431803558859874,0.3376456407406219,-0.29846240708479727,-0.9381421497698009
46.7,0.1,2013.0,7.0,2.0,5.777777777777777,37.37007525453741,28.52921646746348,64.11509517485612,51.0938468348827,325.16368177116027,-0.5120274650382584,-0.6756859697705665,1.1260488689324921,0.78109328043125,0.6185378625350896,0.4807469399185652,-0.7971214231065878,-0.25042923031200515
46.7,3.0,2013.0,7.0,2.0,5.777777777777777,37.37007525453741,28.52921646746348,64.11509517485612,51.0938468348827,325.16368177116027,-0.4601635867578477,-0.0703927171040178,0.6016561388652499,0.3863407549531644,0.6770649043422208,0.5613656915949233,-0.3612432116184818,-0.0838301497202194
46.7,3.7,2013.0,7.0,2.0,12.0,20.0,34.0,54.0,34.0,221.23393,-1.415333145372362,0.9315893893728472,0.9984700501008916,0.7931013967067124,0.8033642101338421,1.0004395347534252,-0.5825904701690552,2.1556511681210333
46.7,4.1,2013.0,7.0,2.0,2.0,34.0,47.0,104.0,7.0,316.6155,0.6279734096838903,-1.6896188087804078,0.6979952546376125,-0.3207453641791603,0.6675737290974386,1.2208514529683088,-0.5826902741545025,0.2782895295302075
46.7,5.0,2013.0,7.0,2.0,5.777777777777777,37.37007525453741,28.52921646746348,64.11509517485612,51.0938468348827,325.16368177116027,-0.4601635867578477,-0.0703927171040178,0.6016561388652499,0.3863407549531644,0.6770649043422208,0.5613656915949233,-0.3612432116184818,-0.0838301497202194
46.7,9.6,2013.0,7.0,2.0,5.777777777777777,37.37007525453741,28.52921646746348,64.11509517485612,51.0938468348827,325.16368177116027,-0.4601635867578477,-0.0703927171040178,0.6016561388652499,0.3863407549531644,0.6770649043422208,0.5613656915949233,-0.3612432116184818,-0.0838301497202194
46.7,12.1,2013.0,7.0,2.0,5.777777777777777,37.37007525453741,28.52921646746348,64.11509517485612,51.0938468348827,325.16368177116027,-0.4601635867578477,-0.0703927171040178,0.6016561388652499,0.3863407549531644,0.6770649043422208,0.5613656915949233,-0.3612432116184818,-0.0838301497202194
46.7,12.8,2013.0,7.0,2.0,5.777777777777777,37.37007525453741,28.52921646746348,64.11509517485612,51.0938468348827,325.16368177116027,-0.20784404739483214,0.015977795447842336,-0.11887277465804891,1.2795117705620531,1.1767464037590123,-0.27851151713739253,-0.0651143111311609,0.14788348791277336
46.7,14.8,2013.0,7.0,2.0,5.777777777777777,37.37007525453741,28.52921646746348,64.11509517485612,51.0938468348827,325.16368177116027,-0.4601635867578477,-0.0703927171040178,0.6016561388652499,0.3863407549531644,0.6770649043422208,0.5613656915949233,-0.3612432116184818,-0.0838301497202194
46.7,16.1,2013.0,7.0,2.0,5.777777777777777,37.37007525453741,28.52921646746348,64.11509517485612,51.0938468348827,325.16368177116027,-0.4328860563561336,-0.1863992031942706,0.004469385115905555,0.7979879306669666,1.6214619613082684,1.5418232324777246,-0.6434991883782639,-0.29977271998765187
46.7,17.3,2013.0,7.0,2.0,0.0,54.0,0.0,131.0,46.0,137.0088,-0.33590535506201014,-0.48005728193672126,-0.35980209692264253,-0.2256353292231619,0.18770941062418584,0.1914619575975609,-0.7734291075230847,-0.14123304898482902
46.7,18.7,2013.0,7.0,2.0,5.777777777777777,37.37007525453741,28.52921646746348,64.11509517485612,51.0938468348827,325.16368177116027,-0.11183729445828045,0.20508135974371722,0.5440142201034239,-0.6465710937822129,1.371536237003399,0.03420131222746625,-0.561984514239001,0.47739952398620533
46.7,25.7,2013.0,7.0,2.0,0.0,53.0,32.0,121.0,15.0,1030.1288,0.2974011173617227,-1.0546999437324205,-0.5602471988876337,-0.8474292647402261,-0.0940340352440873,-0.6611468947633122,-0.7329418980451624,-0.5313163907353988
46.8,-1.5,2013.0,7.0,2.0,5.777777777777777,37.37007525453741,28.52921646746348,64.11509517485612,51.0938468348827,325.16368177116027,-0.5714401513003073,-0.017283775480268215,-0.3435836602280836,0.21248098975686552,0.1853689476190516,0.12733137252730703,-0.8966402569057512,0.5468201971756839
46.8,4.4,2013.0,7.0,2.0,5.777777777777777,37.37007525453741,28.52921646746348,64.11509517485612,51.0938468348827,325.16368177116027,-0.4601635867578477,-0.0703927171040178,0.6016561388652499,0.3863407549531644,0.6770649043422208,0.5613656915949233,-0.3612432116184818,-0.0838301497202194
46.8,7.6,2013.0,7.0,2.0,5.777777777777777,37.37007525453741,28.52921646746348,64.11509517485612,51.0938468348827,325.16368177116027,0.41014920957341144,-0.09822651250899402,0.013145124302429534,0.027604357239606303,0.44552411041670625,-0.1571018541601109,-1.1780450379613072,0.31184145021200094
46.8,7.8,2013.0,7.0,2.0,0.0,54.0,16.0,2.0,82.0,1155.5756,-0.8627350587931331,-1.466962557705426,0.09147335054896262,-0.7491029217343304,-0.06534790084908693,-0.3407194326288113,-0.2008282502226118,0.5969744216414402
46.8,8.0,2013.0,7.0,2.0,5.777777777777777,37.37007525453741,28.52921646746348,64.11509517485612,51.0938468348827,325.16368177116027,-0.7083663583734361,-0.5791234299125938,0.1828163015644202,0.6376509225144238,2.185145106056789,0.020518771006680203,-1.811778598674334,-0.3408667658731482
46.8,13.0,2013.0,7.0,2.0,5.777777777777777,37.37007525453741,28.52921646746348,64.11509517485612,51.0938468348827,325.16368177116027,-0.18549847942501768,0.8179053133718762,-0.16249295561166355,0.3321040346105647,0.6831841333708056,0.39231817154322396,-0.35834214511540496,0.23605412836245565
46.8,13.9,2013.0,7.0,2.0,5.777777777777777,37.37007525453741,28.52921646746348,64.11509517485612,51.0938468348827,325.16368177116027,-1.1437962234880272,0.10453233389428528,-0.1824553211522515,0.35539258479679536,0.7127789126897605,0.8851808848012352,-0.03577234387963546,-1.0248683670162109
46.8,18.7,2013.0,7.0,2.0,6.0,36.5,30.0,86.0,64.0,132.137545,-1.0386723022010274,-0.46491260770959186,0.309719311121551,1.1473497096156866,1.0283707958434063,0.035897526191878824,-0.4520973116484765,-0.6685124662085234
46.8,19.1,2013.0,7.0,2.0,5.777777777777777,37.37007525453741,28.52921646746348,64.11509517485612,51.0938468348827,325.16368177116027,-0.4601635867578477,-0.0703927171040178,0.6016561388652499,0.3863407549531644,0.6770649043422208,0.5613656915949233,-0.3612432116184818,-0.0838301497202194
46.9,1.8,2013.0,7.0,2.0,12.0,20.0,42.0,57.0,27.0,157.78432,-1.4197087122181182,0.882052985189116,0.8399880933875754,0.6048639551533515,0.8606857754006962,1.3065576639613452,-0.0378943041111249,4.139668857438117
46.9,6.6,2013.0,7.0,2.0,5.777777777777777,37.37007525453741,28.52921646746348,64.11509517485612,51.0938468348827,325.16368177116027,-0.4601635867578477,-0.0703927171040178,0.6016561388652499,0.3863407549531644,0.6770649043422208,0.5613656915949233,-0.3612432116184818,-0.0838301497202194
46.9,16.1,2013.0,7.0,2.0,10.0,39.0,56.0,85.0,2.0,294.48376,-0.39716656439203013,0.37560274478508937,0.9712282446008331,1.1033009623338237,0.29048811049380946,0.652818200956532,-1.6550122428148706,-0.7104199881009818
46.9,21.9,2013.0,7.0,2.0,12.0,20.0,6.0,43.0,93.0,151.07648,-1.2594969614545943,1.3299520707126289,0.8989579832761736,1.1620677459648747,-0.112634749793543,-0.0194384095915286,-0.7758271106237343,-0.5313163907353988
47.0,3.4,2013.0,7.0,2.0,5.777777777777777,37.37007525453741,28.52921646746348,64.11509517485612,51.0938468348827,325.16368177116027,-0.4601635867578477,-0.0703927171040178,0.6016561388652499,0.3863407549531644,0.6770649043422208,0.5613656915949233,-0.3612432116184818,-0.0838301497202194
47.0,5.4,2013.0,7.0,2.0,12.0,20.0,34.0,54.0,42.0,193.85591,-1.400487311571424,0.9734992886886998,0.8163741559580573,0.7875689203250802,0.943717554505162,1.3071351265708673,0.3592575168965572,0.9413300039390052
47.0,6.1,2013.0,7.0,2.0,6.0,37.0,23.0,27.0,65.5,643.4624799999999,-0.7909873741563676,-0.32962487912442606,0.5432908134497556,-0.236560579157,0.6016619913801405,0.8818113956901649,-0.5929237344050927,0.7488735675199136
47.0,8.8,2013.0,7.0,2.0,5.777777777777777,37.37007525453741,28.52921646746348,64.11509517485612,51.0938468348827,325.16368177116027,-0.4601635867578477,-0.0703927171040178,0.6016561388652499,0.3863407549531644,0.6770649043422208,0.5613656915949233,-0.3612432116184818,-0.0838301497202194
47.0,10.9,2013.0,7.0,2.0,12.0,20.0,21.0,49.0,66.0,2267.404,-1.3646509359965395,1.1055623084811197,-0.0232000593331746,-0.0024228385354783,-0.1169860687859523,-0.1673821537517173,1.014797476520895,0.6783250326972605
47.0,11.3,2013.0,7.0,2.0,5.777777777777777,37.37007525453741,28.52921646746348,64.11509517485612,51.0938468348827,325.16368177116027,-0.5548869442143312,0.03674687947548819,0.0924104665142288,-0.01973840323843512,0.6887814766521279,-0.2022750923065847,0.2678651968914724,0.29697789120832824
47.0,13.8,2013.0,7.0,2.0,5.777777777777777,37.37007525453741,28.52921646746348,64.11509517485612,51.0938468348827,325.16368177116027,-0.336622202296189,-0.5484837340522843,0.2925697655526775,0.7839780800736826,1.3159862731988332,1.362349787685564,-0.29669627847155633,0.13622056418515127
47.0,15.6,2013.0,7.0,2.0,5.777777777777777,37.37007525453741,28.52921646746348,64.11509517485612,51.0938468348827,325.16368177116027,-0.5819974533373152,-1.3355461058737483,0.27322167593627056,0.4158074897156015,1.0062932095932329,0.8034920875516176,0.05184758557126562,-0.12577039514990626
47.0,16.3,2013.0,7.0,2.0,5.777777777777777,37.37007525453741,28.52921646746348,64.11509517485612,51.0938468348827,325.16368177116027,-0.2632628117402918,-0.08387907288578844,0.8975258829697657,0.6619316937281703,0.27191644131504217,1.262671287981639,-0.05944843949752582,0.22448277711931802
47.0,16.5,2013.0,7.0,2.0,5.777777777777777,37.37007525453741,28.52921646746348,64.11509517485612,51.0938468348827,325.16368177116027,-0.8407768779731273,-0.2084137162040156,0.4016903764312444,0.3767001534051171,-0.014093710072154875,1.1155705711092372,-1.1166476346598402,0.05099485655778463
47.0,16.7,2013.0,7.0,2.0,12.0,20.0,11.0,45.0,84.0,210.24693,-1.6592692462016163,2.078147143057117,0.6260496561570119,1.9611943575591542,0.7818649977945559,-0.029946613726680393,-1.1331703048432273,0.4105839400872826
47.0,18.3,2013.0,7.0,2.0,5.777777777777777,37.37007525453741,28.52921646746348,64.11509517485612,51.0938468348827,325.16368177116027,-0.175267967949211,0.06978798745401897,0.6234997631619146,-0.054272776016320246,0.996770049047156,0.46477644046891614,-0.6883841833906633,0.11899296130523523
47.0,18.5,2013.0,7.0,2.0,5.777777777777777,37.37007525453741,28.52921646746348,64.11509517485612,51.0938468348827,325.16368177116027,-1.5099986933915646,-1.003548471638841,0.37871156461299904,0.12028177732244022,1.266975008001693,0.5491115749268393,-1.0405769599703758,-0.09778955609413766
47.0,18.8,2013.0,7.0,2.0,5.777777777777777,37.37007525453741,28.52921646746348,64.11509517485612,51.0938468348827,325.16368177116027,-0.08974796497395954,0.1859408590954349,0.8828716772604845,0.4834677840475999,1.489087961447464,0.5390531341954236,0.4217060744378543,0.3118094857404653
47.0,19.7,2013.0,7.0,2.0,5.777777777777777,37.37007525453741,28.52921646746348,64.11509517485612,51.0938468348827,325.16368177116027,-0.4601635867578477,-0.0703927171040178,0.6016561388652499,0.3863407549531644,0.6770649043422208,0.5613656915949233,-0.3612432116184818,-0.0838301497202194
47.0,21.1,2013.0,7.0,2.0,12.0,20.0,9.0,44.0,92.0,82.647026,-1.2659921211855787,1.314643864888437,1.0179742822700608,1.3590864089711392,-0.1507240020386165,0.0740810800818167,-0.7758271106237343,-0.5313163907353988
47.0,23.5,2013.0,7.0,2.0,0.0,53.0,35.0,122.0,22.0,422.4514,0.3103080609982452,-1.078413213650545,-0.1629461507270209,-0.6717410397932854,0.0884987026675493,-0.2591207101615954,-0.7476222753385058,-0.5313163907353988
47.1,2.5,2013.0,7.0,2.0,5.777777777777777,37.37007525453741,28.52921646746348,64.11509517485612,51.0938468348827,325.16368177116027,-0.4601635867578477,-0.0703927171040178,0.6016561388652499,0.3863407549531644,0.6770649043422208,0.5613656915949233,-0.3612432116184818,-0.0838301497202194
47.1,4.5,2013.0,7.0,2.0,12.0,20.0,37.0,55.0,38.0,375.30518,-0.5022624801698184,0.8540892925563801,0.33822907507587086,0.7153944015789826,0.8972613174329396,0.7459685454769103,0.18553604023098785,0.2133426730402067
47.1,7.2,2013.0,7.0,2.0,5.777777777777777,37.37007525453741,28.52921646746348,64.11509517485612,51.0938468348827,325.16368177116027,-0.4601635867578477,-0.0703927171040178,0.6016561388652499,0.3863407549531644,0.6770649043422208,0.5613656915949233,-0.3612432116184818,-0.0838301497202194
47.1,7.7,2013.0,7.0,2.0,5.777777777777777,37.37007525453741,28.52921646746348,64.11509517485612,51.0938468348827,325.16368177116027,-0.5661519578552492,-0.05800718795867392,0.6033260957793841,0.8840592273029981,0.18801736945975223,1.0323794453660669,-0.37795236234880386,-0.6279977336321849
47.1,9.3,2013.0,7.0,2.0,5.777777777777777,37.37007525453741,28.52921646746348,64.11509517485612,51.0938468348827,325.16368177116027,-0.4601635867578477,-0.0703927171040178,0.6016561388652499,0.3863407549531644,0.6770649043422208,0.5613656915949233,-0.3612432116184818,-0.0838301497202194
47.1,12.2,2013.0,7.0,2.0,5.777777777777777,37.37007525453741,28.52921646746348,64.11509517485612,51.0938468348827,325.16368177116027,-0.4601635867578477,-0.0703927171040178,0.6016561388652499,0.3863407549531644,0.6770649043422208,0.5613656915949233,-0.3612432116184818,-0.0838301497202194
47.1,14.1,2013.0,7.0,2.0,0.0,54.0,0.0,131.0,61.0,1297.376,-0.07987793911347041,-0.41461365756663393,-0.3189438324660743,-0.14923683874432092,0.1449599980787858,0.6138231497364541,0.5928350298786673,-1.397645763790561
47.1,16.0,2013.0,7.0,2.0,5.777777777777777,37.37007525453741,28.52921646746348,64.11509517485612,51.0938468348827,325.16368177116027,-0.5975213303719125,0.8642032682044544,0.4144027393455251,0.24655410190625984,0.44603215320902434,1.0308001009877903,-0.42035465198424404,-1.0141104822539277
47.1,19.2,2013.0,7.0,2.0,12.0,20.0,11.0,45.0,89.0,98.28483,-1.285766054727842,1.278129567203946,0.9731431480431302,1.2421089752041437,-0.1019080852246887,0.0684653181077893,-0.7758271106237343,-0.5313163907353988
47.2,0.1,2013.0,7.0,2.0,5.777777777777777,37.37007525453741,28.52921646746348,64.11509517485612,51.0938468348827,325.16368177116027,-0.4601635867578477,-0.0703927171040178,0.6016561388652499,0.3863407549531644,0.6770649043422208,0.5613656915949233,-0.3612432116184818,-0.0838301497202194
47.2,1.7,2013.0,7.0,2.0,12.0,20.0,47.0,59.0,27.0,115.19654,-1.3797924414467422,0.7948619303498586,1.3343084269804744,0.2543216043422386,1.7760326029700941,2.092392698669153,-0.1279585016552137,3.480172715286161
47.2,3.0,2013.0,7.0,2.0,5.777777777777777,37.37007525453741,28.52921646746348,64.11509517485612,51.0938468348827,325.16368177116027,-0.5218840859619066,-0.559316527345569,0.6801888607415227,-0.03089616105314258,0.530934517956202,0.04689645002879128,-0.33615170789284765,0.06480939731051391
47.2,4.6,2013.0,7.0,2.0,12.0,20.0,40.0,56.0,39.0,442.75067,-2.2099590897071195,0.3688590499260991,-0.20741317218810518,0.891075513027179,0.643343758098522,1.0072234928571397,-1.2460300594478537,0.6786154370176939
47.2,4.9,2013.0,7.0,2.0,5.777777777777777,37.37007525453741,28.52921646746348,64.11509517485612,51.0938468348827,325.16368177116027,-0.3270538928405899,-0.37557908812810564,-0.035060692202518395,0.36101996507200895,0.7369723173342193,0.8867965106818849,0.606328829451152,0.8461295120914223
47.2,6.1,2013.0,7.0,2.0,5.777777777777777,37.37007525453741,28.52921646746348,64.11509517485612,51.0938468348827,325.16368177116027,-1.0851296902620782,0.1950308385373417,0.7050735132774948,0.4142098413908332,0.8155906407347355,1.535326058846131,-0.7730525213271777,0.06536076970283877
47.2,6.5,2013.0,7.0,2.0,5.777777777777777,37.37007525453741,28.52921646746348,64.11509517485612,51.0938468348827,325.16368177116027,-0.2272242057598363,-0.5275278344565402,0.029833706889162093,1.0680691898507144,0.4073055773642241,0.6015843041306193,0.25737927725910686,0.6180464923705777
47.2,7.8,2013.0,7.0,2.0,5.777777777777777,37.37007525453741,28.52921646746348,64.11509517485612,51.0938468348827,325.16368177116027,-0.43062136840048254,0.4605411669721911,0.1267895254735928,1.1547450675987352,0.5692595987093219,0.8525940768564093,0.2597769930130904,-0.04443476272806262
47.2,11.2,2013.0,7.0,2.0,5.777777777777777,37.37007525453741,28.52921646746348,64.11509517485612,51.0938468348827,325.16368177116027,0.40393897539298823,-0.3560214038633582,0.7850110161315268,0.20566094518344039,0.9415800610810406,-0.5057795091639717,0.5689287738258086,-0.35356363653965367
47.2,14.4,2013.0,7.0,2.0,0.0,53.0,57.0,130.0,60.0,1249.8466,0.3726603073027669,-1.1756843480967452,-0.2713090383145834,-0.6632586092119617,0.459172584861034,0.0065768609061927,-0.5411646691057853,-0.4632327543324731
47.2,15.1,2013.0,7.0,2.0,5.777777777777777,37.37007525453741,28.52921646746348,64.11509517485612,51.0938468348827,325.16368177116027,0.1342699015597016,0.16982415670467482,0.7530513409938238,0.37611099061899217,1.0889327662171029,0.21964769702154574,-0.4774584140646978,0.13006687167991068
47.2,15.7,2013.0,7.0,2.0,5.777777777777777,37.37007525453741,28.52921646746348,64.11509517485612,51.0938468348827,325.16368177116027,-0.8384614691250456,0.6487702814466181,0.7968818865342392,0.4542546074721463,0.7380669649890931,1.4098456380769462,-0.8425416763734803,-0.8365452888062797
47.2,16.0,2013.0,7.0,2.0,0.0,53.0,54.0,129.0,53.0,347.79944,0.7273399899676125,-1.5111413526073554,0.8420861420985108,-0.31968494838126377,-0.3765249721728824,-0.4109498913383955,-0.3902447733292412,-1.449215046221291
47.2,16.7,2013.0,7.0,2.0,0.0,53.0,52.0,128.0,50.0,200.68497,-0.10669639768702183,-1.0878976788353083,-0.1442071461175738,-0.8930870980725343,-0.04817024800372619,0.7854671703653111,-1.2686473199847228,-1.0006019056653637
47.3,-1.5,2013.0,7.0,2.0,12.0,21.0,0.0,64.0,17.0,33.723682,-1.4184431760634926,0.7909568702061511,0.5322133641071539,0.5489432246796613,0.8501423726950151,2.0314344488523988,-0.1154496955298797,0.1875898493651908
47.3,-0.8,2013.0,7.0,2.0,12.0,20.0,58.0,63.0,19.0,80.7619,-1.4173368319752684,0.8099324268038558,0.5714192070857891,0.5704230581747751,1.0332282401154749,2.1486575340589646,0.6621803145394252,-0.3269788522115119
47.3,1.9,2013.0,7.0,2.0,1.0,44.0,29.0,52.0,52.5,122.0552,0.09940003452940555,-0.6023966486019974,0.196443867620137,-0.08482840659893126,0.8184197217127835,0.5328053907004289,-0.17530683009931092,-0.14407879702473025
47.3,3.3,2013.0,7.0,2.0,5.777777777777777,37.37007525453741,28.52921646746348,64.11509517485612,51.0938468348827,325.16368177116027,-0.3094000402949686,0.4864344112360898,0.6222170901072371,0.4509639680070533,0.5717942715887562,0.22291167473011236,-0.48816820623779383,0.5036390279555572
47.3,4.2,2013.0,7.0,2.0,5.777777777777777,37.37007525453741,28.52921646746348,64.11509517485612,51.0938468348827,325.16368177116027,-0.4601635867578477,-0.0703927171040178,0.6016561388652499,0.3863407549531644,0.6770649043422208,0.5613656915949233,-0.3612432116184818,-0.0838301497202194
47.3,5.1,2013.0,7.0,2.0,2.0,34.0,34.0,99.0,6.0,267.39435,-0.3680793387253253,-0.10820132065307331,0.6175828119884202,-0.8851061155047084,0.0913936126756014,0.8316941678481451,-0.6693929359618521,-0.17966003777937634
47.3,6.6,2013.0,7.0,2.0,12.0,20.0,34.0,54.0,48.0,686.6369,-1.0016504991317594,0.5259433885826496,0.022960872968105894,0.3771741130924938,1.2385716505427669,0.6583328853722532,0.7789841796509703,2.082294865357306
47.3,8.0,2013.0,7.0,2.0,2.0,34.0,20.0,94.0,2.0,574.1014,-0.1654615636068592,-0.9184212280230829,0.154834313836453,0.030270427850418002,0.28637846070045253,0.8536431553280837,-0.8098152582997777,-0.0975643816101085
47.3,8.7,2013.0,7.0,2.0,0.0,54.0,6.0,133.0,80.0,563.47473,0.8692056123971238,-0.2827303129839297,1.2154053001654908,-0.1672303581116378,0.09838796560566476,0.5577840063034494,-1.1206543374021396,0.4148409308415671
47.3,9.1,2013.0,7.0,2.0,6.0,37.0,17.5,92.5,69.0,894.7443000000001,-0.4851544293952194,-0.086867792431292,0.3943569717873192,0.0197385611640022,0.5009390169385135,0.5134044942522806,0.2838911335022981,1.5604034319501574
47.3,12.8,2013.0,7.0,2.0,5.777777777777777,37.37007525453741,28.52921646746348,64.11509517485612,51.0938468348827,325.16368177116027,-0.5143608455008306,-0.3109910238849686,0.6569068679988119,-0.04557758706678955,1.2544427037258998,0.66372749121553,0.14251655876155273,-0.5472247808751343
47.3,13.5,2013.0,7.0,2.0,0.0,53.0,57.0,130.0,64.0,1395.494,0.3252422153623783,-1.383657283079185,-0.31652804593841233,0.10419884624692577,0.21384003020955253,-0.7537086070629009,-1.240193328848794,-0.14274926040995944
47.3,13.9,2013.0,7.0,2.0,5.777777777777777,37.37007525453741,28.52921646746348,64.11509517485612,51.0938468348827,325.16368177116027,1.3501671643097757,-0.5428361280765386,0.85576349958906,-0.44209393721748674,0.13503732925978207,0.38145320599518556,0.6464171857192174,0.17641965155130018
47.3,14.1,2013.0,7.0,2.0,5.777777777777777,37.37007525453741,28.52921646746348,64.11509517485612,51.0938468348827,325.16368177116027,0.2769341894023825,-0.38391466697363746,0.9543702267996393,-0.17695930818525546,1.2781570683452206,-0.3794205079151709,-0.2441832339907098,-0.6561649335582997
47.3,15.0,2013.0,7.0,2.0,12.0,20.0,19.0,48.0,80.0,1001.3933,-1.3294908617473702,1.1185729750380178,0.9909786650192878,0.012265259219693125,0.0662051459076674,-0.5700479141567345,0.9201503495278414,-0.33933247575206416
47.3,16.2,2013.0,7.0,2.0,5.777777777777777,37.37007525453741,28.52921646746348,64.11509517485612,51.0938468348827,325.16368177116027,-0.36576883113334835,-0.17121239538308847,0.1144610068163528,0.3218894971692745,1.767765123430998,0.2462509436390063,-0.017973138424806634,-0.21353022551381884
47.3,16.6,2013.0,7.0,2.0,12.0,20.0,16.0,47.0,84.0,230.34888,-1.7727342798990955,1.8840561768528914,0.9178883184523164,1.4193683587637136,0.6021991229283219,-0.013775938008932953,-0.6415709464091447,-0.871954094129406
47.3,19.4,2013.0,7.0,2.0,0.0,53.0,44.0,125.0,38.0,127.06504,0.3368024210734716,-1.1218282121716063,0.2837106348790401,-0.4297979579304201,0.0315700353477124,-0.1600124354404631,-0.744596479308558,-0.5313163907353988
47.3,19.8,2013.0,7.0,2.0,5.777777777777777,37.37007525453741,28.52921646746348,64.11509517485612,51.0938468348827,325.16368177116027,-0.15768257251727963,0.3161321855201368,1.2622549578854387,0.032076881644627575,0.4027742265276218,0.5865948704314186,0.10593808200026061,-0.2301739901032984
47.3,20.4,2013.0,7.0,2.0,7.333333333333333,37.333333333333336,32.666666666666664,83.33333333333333,44.66666666666666,82.299865,-0.787202362560269,0.2948383387259409,0.7149547669664482,0.7955420605198906,-0.082180260351254,0.0369188220264814,-0.757359138613037,-0.5313163907353988
47.3,22.3,2013.0,7.0,2.0,5.777777777777777,37.37007525453741,28.52921646746348,64.11509517485612,51.0938468348827,325.16368177116027,-0.4601635867578477,-0.0703927171040178,0.6016561388652499,0.3863407549531644,0.6770649043422208,0.5613656915949233,-0.3612432116184818,-0.0838301497202194
47.3,23.2,2013.0,7.0,2.0,5.777777777777777,37.37007525453741,28.52921646746348,64.11509517485612,51.0938468348827,325.16368177116027,-0.4601635867578477,-0.0703927171040178,0.6016561388652499,0.3863407549531644,0.6770649043422208,0.5613656915949233,-0.3612432116184818,-0.0838301497202194
47.4,-4.0,2013.0,7.0,2.0,2.0,35.0,6.0,111.0,30.0,0.0,0.3203446766868443,-1.1008230095416107,0.1165238773153372,-0.0010080233813966,0.5738436232926875,0.557971940281149,-0.7302329887520113,2.16461560865232
47.4,0.8,2013.0,7.0,2.0,5.777777777777777,37.37007525453741,28.52921646746348,64.11509517485612,51.0938468348827,325.16368177116027,-0.4601635867578477,-0.0703927171040178,0.6016561388652499,0.3863407549531644,0.6770649043422208,0.5613656915949233,-0.3612432116184818,-0.0838301497202194
47.4,3.0,2013.0,7.0,2.0,5.777777777777777,37.37007525453741,28.52921646746348,64.11509517485612,51.0938468348827,325.16368177116027,-0.9436869768433815,0.5432212443022082,1.417820456266501,-0.13727090739215236,2.038137322130717,0.7505061056849468,-0.622386858231055,-0.9735591666665606
47.4,3.9,2013.0,7.0,2.0,5.777777777777777,37.37007525453741,28.52921646746348,64.11509517485612,51.0938468348827,325.16368177116027,-0.4601635867578477,-0.0703927171040178,0.6016561388652499,0.3863407549531644,0.6770649043422208,0.5613656915949233,-0.3612432116184818,-0.0838301497202194
47.4,5.5,2013.0,7.0,2.0,12.0,20.0,40.0,56.0,43.0,207.70116,-1.3929483120717945,0.9727672658980936,0.8309348588150404,0.8257721596568915,1.1017210100805246,1.155770460549101,0.0963663113707139,0.366540007625346
47.4,7.1,2013.0,7.0,2.0,0.0,54.0,6.0,133.0,84.0,567.5154,-0.6155915540568655,-0.8505449701468304,0.6415831493075168,-0.7594289932084576,0.7115499387871012,0.6637879807275582,-0.7340432598051813,0.39112266139606633
47.4,7.4,2013.0,7.0,2.0,5.777777777777777,37.37007525453741,28.52921646746348,64.11509517485612,51.0938468348827,325.16368177116027,-0.3247926062726943,-0.386489431802884,-0.057595099728721566,0.9739756980565892,0.028711941368182115,0.6028899707271211,-0.8137481836062137,-0.16374762959628347
47.4,7.6,2013.0,7.0,2.0,0.0,54.0,6.0,133.0,83.0,627.40875,-0.16132767110599017,-1.72627466019769,0.4068758523197315,-0.4899012823713311,1.4206335785957909,0.4201395373756505,-0.2705362241785999,-0.07921164794455521
47.4,8.7,2013.0,7.0,2.0,5.777777777777777,37.37007525453741,28.52921646746348,64.11509517485612,51.0938468348827,325.16368177116027,-0.5799781797605865,-0.10154530368546336,0.2597117174950772,0.8980406057833177,0.826616239973337,1.2128423263390338,-0.27751915824078727,-0.21565605100738858
47.4,10.3,2013.0,7.0,2.0,5.777777777777777,37.37007525453741,28.52921646746348,64.11509517485612,51.0938468348827,325.16368177116027,-0.4601635867578477,-0.0703927171040178,0.6016561388652499,0.3863407549531644,0.6770649043422208,0.5613656915949233,-0.3612432116184818,-0.0838301497202194
47.4,11.4,2013.0,7.0,2.0,0.0,54.0,0.0,131.0,72.0,1695.582,-0.026784037073193434,-1.0404566758171836,-0.510393087083338,-0.8194422190129947,0.9408374276218098,-0.13957558749825572,-0.7614682010169364,0.2877542410561075
47.4,11.8,2013.0,7.0,2.0,5.777777777777777,37.37007525453741,28.52921646746348,64.11509517485612,51.0938468348827,325.16368177116027,-0.7971307726069732,0.8683364640737466,-0.45377053419722024,0.7198241191331873,0.8848867828971736,0.5520925389848674,-0.198055181405005,-0.213898925984304
47.4,11.9,2013.0,7.0,2.0,5.777777777777777,37.37007525453741,28.52921646746348,64.11509517485612,51.0938468348827,325.16368177116027,-0.6524590996308964,-0.011265528251588684,0.15673979340491417,-0.12199319035756934,1.1215726659001755,0.18316111045832623,-0.6872891006051098,-0.32001670008593047
47.4,13.2,2013.0,7.0,2.0,5.777777777777777,37.37007525453741,28.52921646746348,64.11509517485612,51.0938468348827,325.16368177116027,-0.9630159588167115,-0.7148612525150462,0.6567997068966195,0.33619831277642576,0.6527565768738111,0.6643247923870865,0.35377432722867613,-0.4312286591122603
47.4,13.4,2013.0,7.0,2.0,5.777777777777777,37.37007525453741,28.52921646746348,64.11509517485612,51.0938468348827,325.16368177116027,-0.20503848798732316,0.7096807859282154,1.1560832983676297,0.3044011923457536,1.4448313057263658,0.5157201288492305,-0.6593899941536441,-0.04634490800181419
47.4,13.5,2013.0,7.0,2.0,5.777777777777777,37.37007525453741,28.52921646746348,64.11509517485612,51.0938468348827,325.16368177116027,-0.6681081236324458,0.4659289223490826,0.6406389062169143,0.13202812799453667,0.49328927070554085,0.8791136136933457,-0.48189224109377476,-0.5885141517330604
47.4,16.0,2013.0,7.0,2.0,5.777777777777777,37.37007525453741,28.52921646746348,64.11509517485612,51.0938468348827,325.16368177116027,-1.3053457185179365,-0.017731172725579614,0.5294067957994619,0.11912399115779931,1.1189870876030674,0.6742456140036482,-0.6175668227745137,-0.8986315719536396
47.4,16.6,2013.0,7.0,2.0,12.0,20.0,19.0,48.0,84.0,273.46567,-1.4571113469803392,2.1738581619662503,1.2167735001807913,1.2319160547240269,-0.14398988865825696,0.7594147752108732,0.06669832024000166,-0.3876772185582276
47.4,16.9,2013.0,7.0,2.0,5.777777777777777,37.37007525453741,28.52921646746348,64.11509517485612,51.0938468348827,325.16368177116027,0.4547898971452476,0.29812795274465587,1.553180000084809,0.029065085711672878,0.22157696046665498,0.9357925332899055,0.02730288500901179,0.36833807721777473
47.4,18.2,2013.0,7.0,2.0,5.777777777777777,37.37007525453741,28.52921646746348,64.11509517485612,51.0938468348827,325.16368177116027,0.17832741834927407,0.3097395420771947,0.5818077621348999,0.3941582276809675,-0.19971365999265767,0.28367860345513757,-0.24258172057557803,0.2951081522320193
47.4,19.8,2013.0,7.0,2.0,10.0,39.0,48.0,82.0,8.0,114.81995,-1.240852822459106,0.9609451333852035,0.1583811951361973,2.4189097613585715,-0.5762548780214575,0.13045430076318115,-0.7872479661933319,0.08477860897955347
47.4,21.4,2013.0,7.0,2.0,0.0,53.0,35.0,122.0,30.0,92.97203,0.3191370385743668,-1.100671158969431,0.2171527447119029,-0.3853806760126118,0.0330269281894518,0.0629953879234382,-0.6347700493084829,-0.5313163907353988
47.5,0.2,2013.0,7.0,2.0,5.777777777777777,37.37007525453741,28.52921646746348,64.11509517485612,51.0938468348827,325.16368177116027,-0.4601635867578477,-0.0703927171040178,0.6016561388652499,0.3863407549531644,0.6770649043422208,0.5613656915949233,-0.3612432116184818,-0.0838301497202194
47.5,1.1,2013.0,7.0,2.0,0.0,54.0,9.0,134.0,94.0,104.844406,0.4325972333031238,-1.3274763510939906,0.2927578272482989,-0.1811724586017845,0.8899186699419992,0.6898609597604675,-0.6548485252898609,-0.3520441502756198
47.5,2.9,2013.0,7.0,2.0,5.777777777777777,37.37007525453741,28.52921646746348,64.11509517485612,51.0938468348827,325.16368177116027,-0.18947677957630032,0.9631330665804089,0.9820083877605146,0.24323961910994465,0.34551490552730635,1.2236886947435288,0.20685863960026601,0.11337179176297363
47.5,3.4,2013.0,7.0,2.0,0.0,54.0,8.0,134.0,91.0,237.3248,-0.42591327279367874,-1.5610411781473945,1.3426335492086974,-0.6809717833132651,0.6235716643393313,-0.3287611464657506,-1.0068505256283098,-0.7281584442312203
47.5,7.1,2013.0,7.0,2.0,5.777777777777777,37.37007525453741,28.52921646746348,64.11509517485612,51.0938468348827,325.16368177116027,-1.0164854855855179,-0.028927846477403076,0.30130973400151684,-0.1833571096735523,0.5672170307204965,1.1003451035598182,-1.6613488272071395,0.31103500827922237
47.5,7.9,2013.0,7.0,2.0,5.777777777777777,37.37007525453741,28.52921646746348,64.11509517485612,51.0938468348827,325.16368177116027,0.06255284217945883,0.17402224398847782,0.03862762545091547,-0.19530388535484472,0.611598965083048,1.1480600329081239,-0.24514669660669153,0.08112056602501394
47.5,8.1,2013.0,7.0,2.0,12.0,20.0,35.0,54.0,55.0,497.8421,-1.4644201835717985,1.218204896307384,0.7360273226286684,1.0874939590199129,1.6718188809976589,2.0445576094811306,0.6261252195078534,2.6773467395048014
47.5,8.4,2013.0,7.0,2.0,0.0,54.0,3.0,132.0,81.0,466.12213,0.3963374707974532,-1.6941321667505544,0.6565601153780256,-0.18696171267724748,0.015241399203313577,0.0011798730360271792,-1.221884325698385,-0.2374264359233929
47.5,8.7,2013.0,7.0,2.0,5.777777777777777,37.37007525453741,28.52921646746348,64.11509517485612,51.0938468348827,325.16368177116027,-0.2016222398410279,-0.309993690001303,0.9483855254089183,-0.13197735721582265,0.3415471926438924,0.8865195393558194,-0.4112766016306576,0.22490699283566506
47.5,10.0,2013.0,7.0,2.0,5.777777777777777,37.37007525453741,28.52921646746348,64.11509517485612,51.0938468348827,325.16368177116027,-0.4601635867578477,-0.0703927171040178,0.6016561388652499,0.3863407549531644,0.6770649043422208,0.5613656915949233,-0.3612432116184818,-0.0838301497202194
47.5,10.8,2013.0,7.0,2.0,0.0,54.0,0.0,131.0,74.0,1337.019,0.41690046022533855,-0.8938909142825592,-0.03934402606306014,-0.95427730333176,-0.1675567337866482,-0.26979011858230717,-0.7162662208271064,0.21372161346329419
47.5,11.1,2013.0,7.0,2.0,5.777777777777777,37.37007525453741,28.52921646746348,64.11509517485612,51.0938468348827,325.16368177116027,-0.30504262960983664,0.28550773472125995,0.5031201171167092,0.92308837939725,0.875258599797258,0.400920495111284,-0.39883594334224487,0.17558479900684387
47.5,12.7,2013.0,7.0,2.0,5.777777777777777,37.37007525453741,28.52921646746348,64.11509517485612,51.0938468348827,325.16368177116027,-1.013796671930587,0.5304017532779393,0.7951354311256169,-0.09694380636135819,0.8828013249163369,1.0731114516089102,-0.39124339320645696,0.09461668890182603
47.5,12.9,2013.0,7.0,2.0,5.777777777777777,37.37007525453741,28.52921646746348,64.11509517485612,51.0938468348827,325.16368177116027,-0.5382677234365812,0.3759786031514123,0.9625638858075409,0.8469146010595352,0.596545272580492,-0.22817768551061068,-0.9232625898947255,0.0452048141203297
47.5,14.7,2013.0,7.0,2.0,10.0,40.0,12.0,91.0,1.0,1343.6819,-1.4152522320514618,1.2179035258449988,0.8250611937099845,0.669732884875883,0.6429881353300333,-0.6395476868186634,-1.0480745632394155,0.5176556028021924
47.5,15.6,2013.0,7.0,2.0,5.777777777777777,37.37007525453741,28.52921646746348,64.11509517485612,51.0938468348827,325.16368177116027,-0.17437303625687783,-0.3132645742576307,0.8446105674605631,1.2487000968591078,0.983420727427885,0.30454151026491366,-0.016447529501485536,0.10508878872558139
47.5,15.8,2013.0,7.0,2.0,5.777777777777777,37.37007525453741,28.52921646746348,64.11509517485612,51.0938468348827,325.16368177116027,-0.3308382213949583,-0.1751835206270712,0.6336977712505434,0.18928459864552932,1.0342005351865715,1.0327096095480772,-0.36622115772236247,-0.568296572982462
47.5,16.3,2013.0,7.0,2.0,0.0,53.0,49.0,127.0,52.0,471.69342,-0.23511737233238883,-1.591008532400767,0.40436260883931874,0.6171589458739175,-0.39599788983178347,0.26597487959505733,0.3078120880059969,-0.37461662971756915
47.5,16.6,2013.0,7.0,2.0,5.777777777777777,37.37007525453741,28.52921646746348,64.11509517485612,51.0938468348827,325.16368177116027,0.05972261492053749,0.8435085931162152,-0.3203631021120894,0.40832325893347077,0.5599302398945005,1.0840193358542156,-1.5115111360355233,0.45983266784941834
47.5,18.2,2013.0,7.0,2.0,5.777777777777777,37.37007525453741,28.52921646746348,64.11509517485612,51.0938468348827,325.16368177116027,0.2614000559590622,-0.13640005406412742,-0.28132984115718096,0.1380009898415708,0.4281238042708499,0.1546920813553121,-0.21184587253402734,0.12906529489775903
47.5,20.6,2013.0,7.0,2.0,5.777777777777777,37.37007525453741,28.52921646746348,64.11509517485612,51.0938468348827,325.16368177116027,-0.4601635867578477,-0.0703927171040178,0.6016561388652499,0.3863407549531644,0.6770649043422208,0.5613656915949233,-0.3612432116184818,-0.0838301497202194
47.5,23.0,2013.0,7.0,2.0,5.777777777777777,37.37007525453741,28.52921646746348,64.11509517485612,51.0938468348827,325.16368177116027,-0.4601635867578477,-0.0703927171040178,0.6016561388652499,0.3863407549531644,0.6770649043422208,0.5613656915949233,-0.3612432116184818,-0.0838301497202194
47.5,24.3,2013.0,7.0,2.0,5.777777777777777,37.37007525453741,28.52921646746348,64.11509517485612,51.0938468348827,325.16368177116027,-1.056879847388527,-0.5211891800443216,0.29597168701093257,0.11588726430438379,1.1685774471103967,0.4003206616746402,-0.03635634768017765,0.4036101670895954
47.6,2.4,2013.0,7.0,2.0,5.777777777777777,37.37007525453741,28.52921646746348,64.11509517485612,51.0938468348827,325.16368177116027,-0.2337339324865999,-0.20754314926870443,-0.8884944644906965,-0.2813574861085932,0.8988856766585376,0.5032374196591901,-0.7248515334237831,-0.25746876963444665
47.6,2.7,2013.0,7.0,2.0,0.0,54.0,6.0,133.0,92.0,177.9325,0.5909032368547813,-1.263559787749188,0.38942496146670696,-0.33640459465190303,0.9080462712601719,0.9793587309622743,-0.9662601279910724,-1.0050192645963307
47.6,6.8,2013.0,7.0,2.0,5.777777777777777,37.37007525453741,28.52921646746348,64.11509517485612,51.0938468348827,325.16368177116027,0.220491663750305,-0.4573871268402344,0.36722538678877953,0.02697245106660856,1.1222195020523014,-0.03981145458855684,-0.09144984817496676,-0.49023000284914336
47.6,8.3,2013.0,7.0,2.0,5.777777777777777,37.37007525453741,28.52921646746348,64.11509517485612,51.0938468348827,325.16368177116027,-0.46874740876657967,0.2482517213661085,0.5306291189176612,0.0055731580743271225,0.5039946501006614,0.10207981790296838,0.25173626864797655,-0.38339816831648404
47.6,9.0,2013.0,7.0,2.0,12.0,20.0,35.0,54.0,59.0,502.91754,-1.096308583812432,1.0123855064727407,0.23649871936618844,0.6662412171509269,-0.07302435890975945,1.077274541620736,0.8105098171393952,2.42564235661073
47.6,9.2,2013.0,7.0,2.0,4.666666666666667,36.0,15.0,91.66666666666669,46.66666666666666,475.1200566666666,0.37228354302935296,0.06829937543219788,1.2834552980297111,0.0688058750889904,-0.016910598884513205,-0.2583060596575184,-0.5305517824895086,0.20569092459768945
47.6,9.5,2013.0,7.0,2.0,0.0,54.0,0.0,131.0,78.0,403.44733,0.5611592870485564,-1.4940005880885243,-0.23576861454173959,-0.5145079562574085,0.666969170661496,0.1257161829270795,-0.38155861652429424,-0.8259503721994335
47.6,11.5,2013.0,7.0,2.0,12.0,20.0,29.0,52.0,69.0,1043.8287,-1.7705694745934233,0.9343292521363374,0.09698257713350317,0.5908288009022211,0.9327634116363712,-0.3274772035622093,1.2021183781996638,1.8387037513020381
47.6,13.0,2013.0,7.0,2.0,5.777777777777777,37.37007525453741,28.52921646746348,64.11509517485612,51.0938468348827,325.16368177116027,-1.1114767230325964,-0.5786516010872104,1.0532513473043683,0.3549427330024813,0.5449321371298892,0.6710749609593428,0.36931350580845385,-0.09317047967329026
47.6,13.8,2013.0,7.0,2.0,0.0,53.0,52.0,128.0,63.0,1133.6124,0.5522695064335557,0.03220687268905653,0.06925661716450324,0.251104697802665,0.8943451684199625,-1.0921670682334317,-1.1770905598245975,-0.8359538306836904
47.6,17.0,2013.0,7.0,2.0,12.0,20.0,22.0,49.0,85.0,121.5783,-0.9712599441731438,1.1623607399663527,0.7708946002294104,0.4856471829029435,0.07008469443932577,0.3768988189981842,-0.6709203614489092,-0.25511967870141217
47.6,17.4,2013.0,7.0,2.0,5.777777777777777,37.37007525453741,28.52921646746348,64.11509517485612,51.0938468348827,325.16368177116027,-0.4601635867578477,-0.0703927171040178,0.6016561388652499,0.3863407549531644,0.6770649043422208,0.5613656915949233,-0.3612432116184818,-0.0838301497202194
47.6,19.0,2013.0,7.0,2.0,5.777777777777777,37.37007525453741,28.52921646746348,64.11509517485612,51.0938468348827,325.16368177116027,-0.4601635867578477,-0.0703927171040178,0.6016561388652499,0.3863407549531644,0.6770649043422208,0.5613656915949233,-0.3612432116184818,-0.0838301497202194
47.6,22.2,2013.0,7.0,2.0,5.777777777777777,37.37007525453741,28.52921646746348,64.11509517485612,51.0938468348827,325.16368177116027,-0.4601635867578477,-0.0703927171040178,0.6016561388652499,0.3863407549531644,0.6770649043422208,0.5613656915949233,-0.3612432116184818,-0.0838301497202194
47.6,24.2,2013.0,7.0,2.0,5.777777777777777,37.37007525453741,28.52921646746348,64.11509517485612,51.0938468348827,325.16368177116027,-0.5385746169299993,-0.9629559732731505,0.6366637064992396,0.447356462801839,1.0194277540017285,0.7332000522203663,-0.34400560657249324,0.701656413233731
47.7,2.8,2013.0,7.0,2.0,5.777777777777777,37.37007525453741,28.52921646746348,64.11509517485612,51.0938468348827,325.16368177116027,-0.17954826301050736,-0.2145565216756362,0.017769979904433852,0.8977647972963994,1.6489970536728924,0.9868039629705634,0.12537771165533407,-0.09644635844383709
47.7,3.5,2013.0,7.0,2.0,12.0,20.0,50.0,60.0,35.0,248.76031,-2.8249919819369973,1.4648253275981777,0.7186706456546588,-0.45658355941491324,1.4364143007465815,0.16917674396771099,-0.6690410162973005,2.5862006373392292
47.7,4.7,2013.0,7.0,2.0,0.0,54.0,3.0,132.0,89.0,369.5744,0.08677082435016975,-1.4587134233265777,1.2530995831802456,-0.3226430143856054,-1.337211193138768,0.12063998848207586,-1.0276574236569878,-0.7798495317119386
47.7,5.4,2013.0,7.0,2.0,2.0,34.0,26.0,96.0,6.0,332.32135,0.2348814802577657,-1.0054580168133818,0.435303472825867,-0.3943524775890159,0.4016704982363003,0.4953528905747046,-0.731262621251133,-0.3123809209186143
47.7,6.3,2013.0,7.0,2.0,5.777777777777777,37.37007525453741,28.52921646746348,64.11509517485612,51.0938468348827,325.16368177116027,-0.4601635867578477,-0.0703927171040178,0.6016561388652499,0.3863407549531644,0.6770649043422208,0.5613656915949233,-0.3612432116184818,-0.0838301497202194
47.7,7.5,2013.0,7.0,2.0,12.0,20.0,40.0,56.0,53.0,283.16385,-1.5316216928300566,1.035706426838813,1.1407252081384527,0.9988742747155479,0.7792784751268015,-0.8240105363936501,0.9030407113603331,0.8745513752274059
47.7,7.6,2013.0,7.0,2.0,0.0,54.0,0.0,131.0,83.0,417.9745,0.3026848242358098,-0.7579268570336246,0.27444828086993195,-0.42023639441697147,-0.10288985884743995,0.707103113708213,-0.13747699515406853,-0.7773050906871425
47.7,8.3,2013.0,7.0,2.0,12.0,20.0,37.0,55.0,56.0,556.0803,-0.7338735349487937,1.15747400545126,0.9153913904776576,1.495455940667663,1.5106075972173776,0.6200569312452762,0.09252847866550368,1.817488342500787
47.7,9.8,2013.0,7.0,2.0,5.777777777777777,37.37007525453741,28.52921646746348,64.11509517485612,51.0938468348827,325.16368177116027,-0.5413353409090976,-0.521718274053407,-0.1120403763471417,0.5757944035686244,1.40136746267302,-0.07664398378200543,-0.9741066053219634,-0.3178121904752831
47.7,12.3,2013.0,7.0,2.0,12.0,20.0,29.0,52.0,72.0,924.5512,-1.496388823963728,0.6326930072620918,0.5961875056074807,-0.04617149988258684,-0.00422219867693846,0.5276771549840451,0.16193268574949482,1.0947218845479039
47.7,13.1,2013.0,7.0,2.0,0.0,53.0,52.0,128.0,66.0,756.8728,0.10837756106056551,-1.0076424143096863,-1.0019753441504125,-0.5916954714028984,1.0609252098555437,0.2821131956360417,-1.1501073626012368,-0.24499357886989176
47.7,13.6,2013.0,7.0,2.0,5.777777777777777,37.37007525453741,28.52921646746348,64.11509517485612,51.0938468348827,325.16368177116027,-0.2599160205637816,-0.26443128853911885,0.18934664985820715,0.541153683335186,0.7633306888882303,0.40257862021378926,0.6031325134504633,-0.7296368025889313
47.7,14.3,2013.0,7.0,2.0,5.777777777777777,37.37007525453741,28.52921646746348,64.11509517485612,51.0938468348827,325.16368177116027,-0.7642211124127458,-1.0314230028434004,0.4972303103386756,0.38804748812973516,0.9501986994488203,0.6220817471200287,0.692199959615974,-0.5043274506854172
47.7,14.6,2013.0,7.0,2.0,6.0,36.5,38.0,89.0,69.5,912.50473,-1.074897313576095,0.02266274978850076,0.8034109073806799,0.0998974153725118,0.4871657511173009,-0.5996775070911471,0.5913085683692009,0.28711243514823837
47.7,15.8,2013.0,7.0,2.0,0.0,53.0,47.0,126.0,55.0,1106.7855,0.21377136637478317,-1.4995938785608534,0.5898660600132022,-0.715359202141767,-0.15086835409900898,1.1519868977942724,-0.18360286501531276,0.23953618645232289
47.7,16.2,2013.0,7.0,2.0,5.777777777777777,37.37007525453741,28.52921646746348,64.11509517485612,51.0938468348827,325.16368177116027,-0.8336398893157875,-0.3652615233864266,0.7703330683695404,0.8906942976527772,0.5414277775926069,0.2543897807229802,-0.18823941172583833,0.3204661973618111
47.7,18.6,2013.0,7.0,2.0,5.777777777777777,37.37007525453741,28.52921646746348,64.11509517485612,51.0938468348827,325.16368177116027,-0.4601635867578477,-0.0703927171040178,0.6016561388652499,0.3863407549531644,0.6770649043422208,0.5613656915949233,-0.3612432116184818,-0.0838301497202194
47.7,19.3,2013.0,7.0,2.0,5.777777777777777,37.37007525453741,28.52921646746348,64.11509517485612,51.0938468348827,325.16368177116027,-1.145767323802587,-0.4519410679063383,0.3298741073462718,0.19813758003001852,0.6353457048674113,0.6134225758931758,-0.9047452917882342,-0.40821914192187064
47.7,25.0,2013.0,7.0,2.0,10.0,39.0,33.0,76.0,21.0,1320.4763,-1.407984325623664,0.8215622426368477,0.000494440806669,0.2721191349598096,-0.0810883659393369,-0.5868389514342209,-0.3521486607106775,-0.5313163907353988
47.8,1.2,2013.0,7.0,2.0,0.0,54.0,3.0,132.0,94.0,124.2076,-0.510181668672431,-1.1969511801464594,0.9163959131062787,0.4057708872494536,0.662973128824551,-0.09463717699316276,-0.5717994222195758,0.21251307287089463
47.8,3.3,2013.0,7.0,2.0,5.777777777777777,37.37007525453741,28.52921646746348,64.11509517485612,51.0938468348827,325.16368177116027,0.023666086927108865,-0.2176616119102498,0.44659547389120924,0.7900682821419815,-0.038028662608349584,0.07283187599668556,0.6322096709482463,-0.5997803984677986
47.8,4.4,2013.0,7.0,2.0,5.777777777777777,37.37007525453741,28.52921646746348,64.11509517485612,51.0938468348827,325.16368177116027,-0.7585690427337026,0.14622541226132463,0.7519502718367144,-0.26116367628732867,1.7707477133743488,0.9541702268543121,-0.6137869149862845,-1.2301359905239324
47.8,5.1,2013.0,7.0,2.0,5.777777777777777,37.37007525453741,28.52921646746348,64.11509517485612,51.0938468348827,325.16368177116027,-0.4601635867578477,-0.0703927171040178,0.6016561388652499,0.3863407549531644,0.6770649043422208,0.5613656915949233,-0.3612432116184818,-0.0838301497202194
47.8,6.7,2013.0,7.0,2.0,5.777777777777777,37.37007525453741,28.52921646746348,64.11509517485612,51.0938468348827,325.16368177116027,-0.3405016451373125,-0.3057752091398715,0.6245243587852598,0.633313596548255,0.11459186379837927,0.6251631394353206,-0.5550745350094765,0.3542830089865622
47.8,9.1,2013.0,7.0,2.0,12.0,20.0,37.0,55.0,60.0,505.74036,-2.1958650087968596,1.9765447460410583,0.7204407972879385,1.1003835036980245,0.02323500686100813,0.7329737438197657,0.4269893594795524,1.6341198135991106
47.8,9.9,2013.0,7.0,2.0,5.777777777777777,37.37007525453741,28.52921646746348,64.11509517485612,51.0938468348827,325.16368177116027,0.11169026251771702,0.9952948292459814,0.6606132518741946,0.7728571479024149,0.5679752448181348,0.4139367567651408,0.05811993170314139,1.033111682378299
47.8,10.5,2013.0,7.0,2.0,5.777777777777777,37.37007525453741,28.52921646746348,64.11509517485612,51.0938468348827,325.16368177116027,-0.6627217442762354,-0.36226114806769827,0.3878211662820046,-0.1287817379290795,0.7956119520544765,1.059666068426696,-0.6288610580914624,0.057307757643463936
47.8,10.7,2013.0,7.0,2.0,5.777777777777777,37.37007525453741,28.52921646746348,64.11509517485612,51.0938468348827,325.16368177116027,0.018431761997653673,-0.179331430920731,1.2254515781529187,0.5345160048896469,0.15366833041533534,0.32237500106308414,-1.3499042654663607,-0.185509993807441
47.8,11.5,2013.0,7.0,2.0,5.777777777777777,37.37007525453741,28.52921646746348,64.11509517485612,51.0938468348827,325.16368177116027,-1.3847054639172454,-0.02781242374036049,0.6218989331995896,0.29465097028772563,1.6440500826628917,0.41093388199243197,-1.013262237227404,0.42408935494582634
47.8,11.6,2013.0,7.0,2.0,5.777777777777777,37.37007525453741,28.52921646746348,64.11509517485612,51.0938468348827,325.16368177116027,-0.08707127077326338,-0.493767791721982,1.0604458419428515,-0.23851359886639284,0.6262282346621765,1.3943586603090399,-0.9016851187842811,0.3865800926957914
47.8,12.3,2013.0,7.0,2.0,6.0,36.5,42.0,90.5,70.5,657.80282,-2.073518389495721,0.8536512299877794,0.27485415834071014,-0.5890812893069031,0.27587538315712246,0.7134543561121612,0.5321085687159315,-0.0910820636234755
47.8,12.8,2013.0,7.0,2.0,5.777777777777777,37.37007525453741,28.52921646746348,64.11509517485612,51.0938468348827,325.16368177116027,0.3624351999674604,0.250761419158393,0.702994101949128,0.3011397868329432,1.3552120657589586,1.648296847622381,0.2269079551209809,0.4840928171818599
47.8,13.0,2013.0,7.0,2.0,5.777777777777777,37.37007525453741,28.52921646746348,64.11509517485612,51.0938468348827,325.16368177116027,-1.2512282031004456,-0.05879290221728852,0.17865145137262656,0.43313934419124056,0.5954878661714107,0.42901944415947746,0.11502978745769038,-0.33159370814618183
47.8,13.6,2013.0,7.0,2.0,5.777777777777777,37.37007525453741,28.52921646746348,64.11509517485612,51.0938468348827,325.16368177116027,-1.076365532827925,0.4013985691217028,0.36448026946826106,0.39330488212163744,0.7303944570100085,0.9518142519047815,-0.7900848921269691,0.6115564791802388
47.8,14.1,2013.0,7.0,2.0,5.777777777777777,37.37007525453741,28.52921646746348,64.11509517485612,51.0938468348827,325.16368177116027,-0.2556978854806743,-0.022741035739128578,1.1106495290603344,0.7550804809092206,0.6539249155652508,0.9910014736133467,-0.6859483131940491,-0.5439628912068206
47.8,14.6,2013.0,7.0,2.0,0.0,53.0,47.0,126.0,60.0,764.4499,0.26642338496342644,-1.246028543591149,-0.5946043112468966,-1.0753535388065634,1.2961262669482432,-0.30323115791314664,-0.2770425481658919,0.0488207161070896
47.8,16.2,2013.0,7.0,2.0,5.0,46.5,27.0,107.5,28.0,352.387665,-1.7377619705369929,-0.30858125533684455,-0.2438838376769561,0.7449381008203525,-0.007353754542266083,0.01792270394783929,-0.8002497379139214,-0.3264836333267256
47.8,16.3,2013.0,7.0,2.0,5.777777777777777,37.37007525453741,28.52921646746348,64.11509517485612,51.0938468348827,325.16368177116027,0.13524135433917833,0.257475659100196,0.39852841948069995,0.06157877126053135,0.08806162661238215,-0.10078889910618294,0.28609965848317126,-0.2841376131815174
47.8,19.4,2013.0,7.0,2.0,0.0,53.0,36.0,122.0,39.0,217.9726,-0.019989957142219406,-1.4072795284624129,0.13061094749486013,-0.3567767420873151,0.4231719824767983,0.2703207890060727,-0.21025670529532764,-0.4416668165258669
47.8,20.2,2013.0,7.0,2.0,5.777777777777777,37.37007525453741,28.52921646746348,64.11509517485612,51.0938468348827,325.16368177116027,-0.7788440041960637,0.024909861840212807,1.6264500011023193,-0.1907901942843943,-0.503872045633317,0.8434813217443311,0.09986042128794076,0.3738349507651873
47.9,2.6,2013.0,7.0,2.0,12.0,20.0,55.0,62.0,32.0,121.466995,-1.0176681281837794,1.0455478582791244,0.5134290763112557,0.035426898584134725,0.76991607778683,1.5089987033003913,-0.7724622335452125,4.178798319229027
47.9,4.6,2013.0,7.0,2.0,12.0,20.0,50.0,60.0,40.0,255.9752,-0.7920825013505105,1.0943581679174896,0.4729879483884177,0.9077451661764847,1.075843007623084,0.2513258449248426,-1.2133920374347444,0.5912381859650265
47.9,7.4,2013.0,7.0,2.0,5.777777777777777,37.37007525453741,28.52921646746348,64.11509517485612,51.0938468348827,325.16368177116027,-0.6873661483930704,0.3976320200454598,1.2822970901440571,0.8155188816881227,0.8533091310308618,0.2773265180897781,-0.4248916415262891,0.201615260990063
47.9,7.8,2013.0,7.0,2.0,5.777777777777777,37.37007525453741,28.52921646746348,64.11509517485612,51.0938468348827,325.16368177116027,-0.3590584233786772,-0.2469680072417908,0.7007306755280167,0.7280046826947181,0.7146389647665595,0.1714257404697629,-0.7595171752260242,0.38649468715662016
47.9,9.1,2013.0,7.0,2.0,12.0,20.0,40.0,56.0,60.0,651.6352,-1.2179845505686,0.7560290793121613,0.5908923944816701,0.46144583862576327,1.1220639085834145,0.3525802684904961,0.6443315571807158,0.7619306918334374
47.9,9.4,2013.0,7.0,2.0,2.0,34.0,4.0,88.0,1.0,612.214,0.8259393208700098,-1.4203094343958649,-0.16363382957631334,-0.43897463391139196,-1.3689651974366908,0.7129401664509382,-0.8681110842814264,0.6281852710817137
47.9,9.6,2013.0,7.0,2.0,0.0,53.0,55.0,129.0,78.0,578.6633,0.10269874958571795,-1.0781128158044047,0.8912131693186791,-0.7385722201935936,0.16069272219599845,0.4241647675980384,-0.10093478707817882,1.2351279559950985
47.9,12.1,2013.0,7.0,2.0,5.777777777777777,37.37007525453741,28.52921646746348,64.11509517485612,51.0938468348827,325.16368177116027,-0.32409848761353766,-0.587958624934171,0.3473812090945082,1.6490985331237689,0.4597407888014288,-0.1683985576947581,-1.3626567885158447,-0.2830574764551419
47.9,12.3,2013.0,7.0,2.0,5.777777777777777,37.37007525453741,28.52921646746348,64.11509517485612,51.0938468348827,325.16368177116027,-0.4113426307873985,0.04311064671980665,0.12783997881482856,0.7475618795613832,0.65164321283757,0.8949757158236351,0.469697208010922,-0.15309966864935487
47.9,16.9,2013.0,7.0,2.0,0.0,53.0,41.0,124.0,50.0,127.18052,0.3438587311855522,-1.1496521801113415,0.2840701459738528,-0.3033633893064245,-0.0147206189781842,0.1250673403527955,-0.7758271106237343,-0.5313163907353988
47.9,18.9,2013.0,7.0,2.0,10.0,39.0,59.0,86.0,7.0,253.04033,-1.0924928302828356,0.7041213818717938,1.1594474146326759,0.3920740246164329,-0.44885239342219396,-0.4322018157973988,0.1697004359188865,-0.4863151088643192
47.9,19.1,2013.0,7.0,2.0,12.0,20.0,24.0,50.0,89.0,267.53284,-1.4925152588527073,1.320232165138843,1.1029402629181924,0.9448093812264957,-0.35057733602370184,-0.045529999851565334,-1.1606078338296313,-0.13010643198432797
47.9,20.2,2013.0,7.0,2.0,5.777777777777777,37.37007525453741,28.52921646746348,64.11509517485612,51.0938468348827,325.16368177116027,-0.8031763500421575,0.41360911311913906,0.32126761020940053,0.7124703418199417,2.1145065374119465,0.7145574434311228,-0.8945531284095272,0.08017206966235851
48.0,1.1,2013.0,7.0,2.0,2.0,34.0,39.0,101.0,15.0,164.30641,0.8771899253256579,-1.7792024464947223,0.8458602006331848,-0.38154973623190525,0.3168548913012068,0.309514042544923,-0.06718816158724794,-0.463100712667746
48.0,10.0,2013.0,7.0,2.0,0.0,53.0,52.0,128.0,77.0,637.0015,0.7829359760308082,-1.7752173191398288,0.28797337823461955,-0.20951386629775254,0.8771585490596613,1.3998499071552721,-0.5970799762235448,0.08964767182093109
48.0,11.2,2013.0,7.0,2.0,5.777777777777777,37.37007525453741,28.52921646746348,64.11509517485612,51.0938468348827,325.16368177116027,-0.39404203701340945,-1.0394733897891861,0.5650796373504059,0.33964924486716075,-0.11407432837479314,-0.23576414359456,-0.9602656038649355,0.31775831972377466
48.0,14.7,2013.0,7.0,2.0,0.0,53.0,44.0,125.0,60.0,484.29166,0.5201310888108672,-1.5033673805250058,-0.12050632535609716,-0.5594021256453883,0.8375515278759555,0.401437759276099,-1.180659778567446,-0.20672158003460428
48.0,15.4,2013.0,7.0,2.0,5.777777777777777,37.37007525453741,28.52921646746348,64.11509517485612,51.0938468348827,325.16368177116027,-1.2548797218103802,0.32512199902714545,1.883053225893137,0.6186067765288294,0.13907185708421121,0.5426334719047661,-0.582895806221477,-0.09901051088305197
48.0,15.7,2013.0,7.0,2.0,0.0,53.0,41.0,124.0,56.0,595.34875,1.127417878577802,-1.5235663411584208,-0.08369899663100881,-0.2775705813852698,-0.0763720955556701,-0.7692366152148262,-0.5554001186802137,-1.0076882112604473
48.0,19.5,2013.0,7.0,2.0,5.777777777777777,37.37007525453741,28.52921646746348,64.11509517485612,51.0938468348827,325.16368177116027,-0.1253257234472488,0.19783771956939405,0.957261416799464,-0.22550201080576332,0.8853873712420671,0.7459475362421999,-0.6148759771298349,-0.8825420938083867
48.1,2.7,2013.0,7.0,2.0,5.777777777777777,37.37007525453741,28.52921646746348,64.11509517485612,51.0938468348827,325.16368177116027,0.12782429450864613,-1.0187454826486628,0.9328257997435168,0.3919612447318595,0.16883833854997787,0.6024972844964143,0.36337902247935877,-0.43175763220784713
48.1,3.4,2013.0,7.0,2.0,2.0,34.0,28.0,97.0,10.0,165.93925,0.26130711846835786,-1.8138830053349047,0.04652137907984755,-1.0758651133767008,0.6772153940073752,0.8755915880778389,0.6158278970652772,0.20504320613029436
48.1,4.1,2013.0,7.0,2.0,0.0,53.0,58.0,130.0,90.0,192.42604,0.4099010685433296,-1.2938217136880623,0.4036272221607852,-0.2064550115949407,0.6574742908017065,0.5580724195571458,-0.4812552650421335,-0.5313163907353988
48.1,6.8,2013.0,7.0,2.0,0.0,53.0,55.0,129.0,85.0,760.0615,0.3787897866398549,-0.6704310701198091,-0.030101921592114333,-0.24948103323290166,0.6343332743836854,0.9732323077624436,-0.4430106243034568,-0.12316973983841073
48.1,7.9,2013.0,7.0,2.0,12.0,20.0,45.0,58.0,55.0,264.5376,-1.0440359643621429,0.3331102700427735,0.6737263801018818,0.04231962268479683,1.113417032870117,0.33808832898411345,0.010805239572799566,0.035402468418985346
48.1,11.5,2013.0,7.0,2.0,5.777777777777777,37.37007525453741,28.52921646746348,64.11509517485612,51.0938468348827,325.16368177116027,-0.4352772419510105,0.05709164862507239,1.5228299457534726,0.322897890646374,0.07152297753480441,0.2838830546534823,-0.7225762737312116,0.8917632187043371
48.1,14.0,2013.0,7.0,2.0,0.0,53.0,44.0,125.0,63.0,389.08496,0.9536923327647815,-1.6431687048843324,0.4243990312284253,-0.9445282878737273,0.8181573052118085,-0.14376585461577698,-1.0057898721248593,0.11245564890832882
48.2,3.6,2013.0,7.0,2.0,5.777777777777777,37.37007525453741,28.52921646746348,64.11509517485612,51.0938468348827,325.16368177116027,-0.6691715033276733,-0.5764497876579973,0.4648067956894557,-0.20239584498420765,0.3094714550682806,1.920375185996892,0.2734832616951404,-0.016065489011774986
48.2,4.7,2013.0,7.0,2.0,0.0,53.0,55.0,129.0,89.0,270.68796,0.404593270488288,-1.2869326285616582,0.3744010849233947,-0.2208761126346709,0.6374081350453751,0.5269946095582974,-0.5609329589224024,-0.5313163907353988
48.2,5.2,2013.0,7.0,2.0,5.777777777777777,37.37007525453741,28.52921646746348,64.11509517485612,51.0938468348827,325.16368177116027,-0.4601635867578477,-0.0703927171040178,0.6016561388652499,0.3863407549531644,0.6770649043422208,0.5613656915949233,-0.3612432116184818,-0.0838301497202194
48.2,7.0,2013.0,7.0,2.0,5.777777777777777,37.37007525453741,28.52921646746348,64.11509517485612,51.0938468348827,325.16368177116027,-0.38254181263999154,-0.7080821080816183,0.5391869281451162,0.7765868810012468,0.5466332275463633,0.7274246537020561,-0.3998165464756395,-0.6218256877472536
48.2,7.2,2013.0,7.0,2.0,7.0,27.0,29.0,74.5,28.0,648.97112,-0.06391052485359394,-0.10847767517725035,1.2392446226061433,-0.1773554964609796,0.15543317831520237,0.6372462735465448,-0.8276261752873117,-0.8781188125743454
48.2,8.8,2013.0,7.0,2.0,2.0,34.0,2.0,87.0,2.0,697.29877,0.1941611061910186,-0.9732285178792182,0.1984420552394083,-0.4757608769514891,-0.1710488464093245,0.4805514200541746,-0.6125309257606664,0.0518320771295944
48.2,9.5,2013.0,7.0,2.0,12.0,20.0,43.0,57.0,62.0,589.90546,-1.3527169086800013,1.062589209844059,0.7222809384364385,0.6958627339506953,0.6618168602909763,0.5448470792102923,-0.0161094555113154,0.3720281774542573
48.2,9.9,2013.0,7.0,2.0,5.777777777777777,37.37007525453741,28.52921646746348,64.11509517485612,51.0938468348827,325.16368177116027,-0.5579141498810679,-0.6674217876588695,0.33337684207658613,0.40423679497752485,0.7475184018357949,0.8748450965157684,-0.15256835751287037,-0.542682265890283
48.2,10.8,2013.0,7.0,2.0,12.0,20.0,40.0,56.0,67.0,569.30066,-1.959108090490898,0.4079213724782025,0.9941912044356171,0.6265921666776861,0.40854262747409054,1.1295779137805813,0.33221388778205374,0.3779660971905825
48.2,11.1,2013.0,7.0,2.0,5.777777777777777,37.37007525453741,28.52921646746348,64.11509517485612,51.0938468348827,325.16368177116027,0.10088913295964624,-1.1563451771656472,0.22796845720663872,0.8679165303913101,1.5389539798152243,1.44806898087985,-0.058992458318311514,-0.9511696168367325
48.2,11.9,2013.0,7.0,2.0,0.0,53.0,47.0,126.0,71.0,537.8119,-0.541805783751165,-1.1381291600627157,-0.012552195496046081,-0.7355518930506415,1.276192279383566,0.036165141854944106,-1.4496574465472682,-0.214933886334213
48.2,14.3,2013.0,7.0,2.0,0.0,53.0,41.0,124.0,62.0,295.01962,0.6607952945685329,-1.2051650226314683,-0.6332839533093424,-0.16443256031007847,0.4647101717595086,-0.5303828002047367,-0.9874276637209609,-0.22300185888029977
48.2,14.5,2013.0,7.0,2.0,0.0,53.0,41.0,124.0,61.0,277.9391,-0.6568128784173399,-1.391035766250285,-0.46316085233287085,-0.1052394381185307,0.3152759693583356,0.3571157484842891,-1.194510240537007,-0.771614018599958
48.2,15.6,2013.0,7.0,2.0,5.777777777777777,37.37007525453741,28.52921646746348,64.11509517485612,51.0938468348827,325.16368177116027,-0.40151276782886314,-0.34462270517915194,0.16041558789461308,0.5398965355286782,0.4461448185251319,0.3343432863535051,-0.5869664456446131,0.06967373491899373
48.2,15.8,2013.0,7.0,2.0,5.777777777777777,37.37007525453741,28.52921646746348,64.11509517485612,51.0938468348827,325.16368177116027,0.08346191018907295,0.25193692207047624,0.652901016919844,-0.6401348356878711,1.1948865453034077,0.5829868356887615,0.28664420034397015,-0.939800539517869
48.2,16.1,2013.0,7.0,2.0,5.777777777777777,37.37007525453741,28.52921646746348,64.11509517485612,51.0938468348827,325.16368177116027,-0.39851061756836004,-0.19563579294169414,0.6537946812820639,0.09925800587294492,0.5858780918296936,-0.007684022371838073,-0.7794516713905681,0.07913623402034875
48.2,17.0,2013.0,7.0,2.0,5.777777777777777,37.37007525453741,28.52921646746348,64.11509517485612,51.0938468348827,325.16368177116027,-0.9852336571020928,-0.20546960113028057,0.808426516729827,0.557772346657817,0.5351047927222482,0.6060973261999782,-0.20555062658029344,-0.41285118552303657
48.2,20.6,2013.0,7.0,2.0,0.0,53.0,25.0,118.0,35.0,223.90793,0.3106135299225605,-1.1115736007490429,0.0536950336022725,-0.4733422859774737,0.1697387695816849,0.0289931227321558,-0.7073730360174887,-0.5313163907353988
48.3,7.1,2013.0,7.0,2.0,12.0,20.0,50.0,60.0,52.0,579.26965,-1.2391391625894783,0.9845015980467724,0.9978080912614804,1.393776572881542,0.6655330523366096,0.9224989350871857,-0.0998464739518557,-0.006794566967797795
48.3,9.9,2013.0,7.0,2.0,5.777777777777777,37.37007525453741,28.52921646746348,64.11509517485612,51.0938468348827,325.16368177116027,0.2831026463833461,0.4841635636279756,-0.36393882328111793,-0.10633554957176239,1.004567593365038,0.36308858095099844,-0.29495252575344194,-0.16755739107884343
48.3,11.6,2013.0,7.0,2.0,5.777777777777777,37.37007525453741,28.52921646746348,64.11509517485612,51.0938468348827,325.16368177116027,-0.3774751203956122,-0.6091121630367795,1.059145423633725,0.42647917234815497,1.657165861417949,-0.039316202577450166,-0.7291958977718843,-0.03888281431840214
48.3,13.8,2013.0,7.0,2.0,0.0,53.0,41.0,124.0,64.0,391.99063,0.3561634426173908,-1.184784294146667,0.0967719148119207,-0.5609380790103734,0.2133610768725181,-0.1818627031086391,-0.7758271106237343,-0.5313163907353988
48.3,14.7,2013.0,7.0,2.0,5.777777777777777,37.37007525453741,28.52921646746348,64.11509517485612,51.0938468348827,325.16368177116027,0.1334985984292854,-0.9410368968080823,0.21134391922635953,0.12632229416550145,0.9122607458887662,0.44556281585990604,-0.29096351930818903,0.22473588969797725
48.3,16.6,2013.0,7.0,2.0,5.777777777777777,37.37007525453741,28.52921646746348,64.11509517485612,51.0938468348827,325.16368177116027,0.10720201185382755,-0.09681277851025966,0.07783733987586516,-0.47716401203963127,1.2161169703543337,0.9193583485572426,0.28390288194509666,-0.013333806325154615
48.3,18.6,2013.0,7.0,2.0,10.0,40.0,7.0,89.0,7.0,279.162,-1.3973567620081049,0.6538216978605921,0.5960331291571899,0.7796501546852754,-0.0680640768175823,-0.1365849950120894,-0.7758271106237343,-0.5313163907353988
48.4,2.1,2013.0,7.0,2.0,6.0,37.0,29.5,97.0,62.0,132.07950499999998,-0.4875717883628401,-0.2178898139958516,0.4419529175291439,0.1952341871302047,0.697334688876282,0.853473345780333,-0.4902295292095866,1.1648175093973467
48.4,2.6,2013.0,7.0,2.0,12.0,21.0,3.0,65.0,33.0,106.82426,-1.384485676808802,0.896451804791868,0.8593624181863507,0.6995855067020217,0.7275884844951199,1.0179166732577278,-0.3284644559552759,2.701116268818379
48.4,7.8,2013.0,7.0,2.0,5.777777777777777,37.37007525453741,28.52921646746348,64.11509517485612,51.0938468348827,325.16368177116027,-0.4601635867578477,-0.0703927171040178,0.6016561388652499,0.3863407549531644,0.6770649043422208,0.5613656915949233,-0.3612432116184818,-0.0838301497202194
48.4,10.5,2013.0,7.0,2.0,5.777777777777777,37.37007525453741,28.52921646746348,64.11509517485612,51.0938468348827,325.16368177116027,-0.373823687650837,0.3920483852346111,0.7549877609125035,0.5381733640132587,0.9512417108362505,0.5847409447544364,-0.3865714073907305,-0.9465973742779763
48.4,11.2,2013.0,7.0,2.0,12.0,20.0,43.0,57.0,69.0,505.63092,-1.4889022759056398,-0.21375522228003563,-0.14537064678750777,0.21082877264957434,0.8636253894910144,-0.36756421624728003,0.4399370524239462,0.06946350749647137
48.4,15.3,2013.0,7.0,2.0,0.0,53.0,36.0,122.0,58.0,673.25995,0.3440187387173365,-1.1684198437084097,-0.0522016280155346,-0.5116933056592867,0.2297593051445912,-0.0480271745939288,-0.7758271106237343,-0.5313163907353988
48.4,16.4,2013.0,7.0,2.0,12.0,20.0,35.0,54.0,84.0,215.35306,-0.9233461302714285,0.8029193537055255,0.45678516230711613,0.8526503314418014,-0.5760047545564408,2.0986114427530973,0.16860586644853987,1.3264450694157808
48.4,16.9,2013.0,7.0,2.0,12.0,20.0,35.0,54.0,85.0,163.91652,-0.12822147128604855,0.9444580681562058,1.358980418300531,1.1176908492589412,-1.1940157598586,0.1340983108548637,0.2634884993590425,0.9017560671266452
48.5,4.2,2013.0,7.0,2.0,1.0,43.5,34.0,110.0,49.5,120.60543,0.3157259909591167,-1.15630898169892,0.2838853552570496,-0.1923549088564385,0.7927957908890121,0.74973442302455,-0.3906032789373554,-0.5313163907353988
48.5,7.3,2013.0,7.0,2.0,5.777777777777777,37.37007525453741,28.52921646746348,64.11509517485612,51.0938468348827,325.16368177116027,-0.4601635867578477,-0.0703927171040178,0.6016561388652499,0.3863407549531644,0.6770649043422208,0.5613656915949233,-0.3612432116184818,-0.0838301497202194
48.5,8.4,2013.0,7.0,2.0,12.0,20.0,51.0,60.0,58.0,726.1737,-1.352991786632675,1.0345787895175949,0.7561374174496301,0.7540381241904801,0.5065513957842882,0.4131712686745936,-0.4441071259400844,-0.2540684733741063
48.5,10.0,2013.0,7.0,2.0,5.777777777777777,37.37007525453741,28.52921646746348,64.11509517485612,51.0938468348827,325.16368177116027,-1.0164888068306048,0.24375955635559815,0.4848696001316326,1.4860073086330587,0.6396990360971055,0.9427861666800129,-0.2935984771187526,-0.30783512768155163
48.5,11.7,2013.0,7.0,2.0,0.0,53.0,41.0,124.0,72.0,479.84982,0.18725077240039023,-1.0703344276860238,-0.23869179467408658,-0.6238215856919206,0.03198713335422104,-0.08363633532977949,0.49960537340003575,-0.6948497869798627
48.5,12.1,2013.0,7.0,2.0,12.0,20.0,43.0,57.0,72.0,455.01105,-0.9351046350486019,1.3830765220882397,1.373740643643175,-0.11074493365360971,0.36694527688504514,0.6161279721763653,-0.9805617819723889,-0.026082731882987445
48.5,13.2,2013.0,7.0,2.0,5.777777777777777,37.37007525453741,28.52921646746348,64.11509517485612,51.0938468348827,325.16368177116027,-0.762339882017319,0.3032314394386705,0.5675679893247725,1.366283202779817,0.8759963585045284,1.3748582965898255,0.31687257190712564,-0.3681269823573719
48.5,14.8,2013.0,7.0,2.0,10.0,40.0,28.0,97.0,2.0,770.84045,-1.4262655377205473,0.6926550336546184,1.5833944548813985,0.46148428000265973,0.16093863834638664,0.13084667240535702,-0.20187851492035447,-0.280055228137005
48.5,16.9,2013.0,7.0,2.0,5.777777777777777,37.37007525453741,28.52921646746348,64.11509517485612,51.0938468348827,325.16368177116027,-0.006855417456684221,-0.30146223968061536,-0.07873771976364219,-0.43989094388536126,1.5339472165178276,-0.14898686791358318,-0.4711133215944599,0.8479016758457519
48.5,18.4,2013.0,7.0,2.0,12.0,20.0,35.0,54.0,88.0,384.23288,-1.710034406405305,0.690813395909104,0.9057706115156556,0.6895795136127756,0.6531080047574694,-0.4040580485794295,-0.9141116949550385,-0.497670418503793
48.6,3.7,2013.0,7.0,2.0,5.777777777777777,37.37007525453741,28.52921646746348,64.11509517485612,51.0938468348827,325.16368177116027,-0.4601635867578477,-0.0703927171040178,0.6016561388652499,0.3863407549531644,0.6770649043422208,0.5613656915949233,-0.3612432116184818,-0.0838301497202194
48.6,5.7,2013.0,7.0,2.0,5.777777777777777,37.37007525453741,28.52921646746348,64.11509517485612,51.0938468348827,325.16368177116027,-0.4601635867578477,-0.0703927171040178,0.6016561388652499,0.3863407549531644,0.6770649043422208,0.5613656915949233,-0.3612432116184818,-0.0838301497202194
48.6,10.5,2013.0,7.0,2.0,0.0,53.0,42.0,124.0,76.0,443.39563,0.4686115464708932,-1.1303588054027924,0.34000908570651966,0.2682398658782205,-0.045089753136695665,-0.9575302575770646,0.09770674459840967,0.5610642223696428
48.6,10.8,2013.0,7.0,2.0,0.0,53.0,42.0,124.0,75.0,439.8097,0.7355961551787473,-1.8446493891310807,0.03299948745796352,-0.3595784888429279,0.01399192428289997,0.0651439354358605,-1.3072904132165544,0.3641759272510838
48.6,13.2,2013.0,7.0,2.0,5.777777777777777,37.37007525453741,28.52921646746348,64.11509517485612,51.0938468348827,325.16368177116027,-0.4096777405370736,-0.28689890691914316,1.151065333378663,0.686783918488532,0.6029917917616492,0.7395690081200872,-0.0590128948345503,-0.42960464307877255
48.6,13.7,2013.0,7.0,2.0,0.0,53.0,36.0,122.0,65.0,575.7788,0.3503663653329264,-1.187009935356088,0.0955000310226979,-0.584359245627871,0.0389301777301164,-0.2230556875377886,-0.7758271106237343,-0.5313163907353988
48.6,14.8,2013.0,7.0,2.0,5.777777777777777,37.37007525453741,28.52921646746348,64.11509517485612,51.0938468348827,325.16368177116027,-1.095092433511151,0.5608338818594307,0.6755934926632718,0.5374555066201794,0.229146827262927,-0.36430108136224426,0.5057623173365429,-0.6175232451355995
48.6,18.5,2013.0,7.0,2.0,5.777777777777777,37.37007525453741,28.52921646746348,64.11509517485612,51.0938468348827,325.16368177116027,-0.2945792608989591,-0.31222646954607514,0.7722757386362687,0.42332764588194893,0.20228625011976165,0.7820329507393666,-0.4588969811493432,-0.07508562709295599
48.7,7.0,2013.0,7.0,2.0,0.0,53.0,44.0,125.0,85.0,289.04404,0.6884312226004823,-0.6360312840350811,-0.013924936486230888,0.18218920464985028,0.9314134757807105,0.8515439003935038,-0.8288593878677063,-0.9076375124292642
48.7,7.5,2013.0,7.0,2.0,5.777777777777777,37.37007525453741,28.52921646746348,64.11509517485612,51.0938468348827,325.16368177116027,-0.43619988581200636,-0.05089245272048251,0.40499837984834997,0.6256569962551031,1.0616033481635792,-5.533608753871544e-05,-0.5953313864540215,0.35284779109377606
48.7,7.6,2013.0,7.0,2.0,12.0,20.0,56.0,62.0,55.0,181.66212,-0.9357324195544188,1.169642582558052,0.74401904088482,0.35855639260551586,0.8278861822780098,0.8240970944193786,-0.7626516884881325,0.3149469875220591
48.7,9.6,2013.0,7.0,2.0,12.0,20.0,51.0,60.0,63.0,417.95932,-2.128562345717962,1.0067553226919386,0.8642363041897306,1.3011257097029287,0.38846223792197215,1.025491994128084,-0.2848689881395666,-0.6698716226436682
48.7,10.6,2013.0,7.0,2.0,5.777777777777777,37.37007525453741,28.52921646746348,64.11509517485612,51.0938468348827,325.16368177116027,-0.12581766752603873,-0.7623917520713603,1.2273661707749886,-0.2189379015380985,0.20845470191175786,0.03216449244506159,-0.195021244192928,0.1606157093285261
48.7,12.0,2013.0,7.0,2.0,5.777777777777777,37.37007525453741,28.52921646746348,64.11509517485612,51.0938468348827,325.16368177116027,-0.8275534233921453,-0.6620944097842396,0.5765524717760718,0.6389797700208315,0.20722786186483955,-0.09984971454790526,-0.33157755317690624,-0.5126347164775873
48.7,13.1,2013.0,7.0,2.0,5.777777777777777,37.37007525453741,28.52921646746348,64.11509517485612,51.0938468348827,325.16368177116027,-1.104898034714237,0.49507656324978805,0.509986820813216,0.8597843872905637,-0.12965025911927963,1.4075081430764151,-0.7227917849615567,0.07760825073443867
48.8,0.4,2013.0,7.0,2.0,2.0,34.0,29.0,97.0,18.0,265.94272,0.259702042536662,-1.057824704690832,-0.2355442301006164,-0.5237474984703541,0.2654756820813144,-0.3542082499630764,-0.6840174969688957,1.693807348924596
48.8,1.2,2013.0,7.0,2.0,2.0,34.0,26.0,96.0,16.0,144.50606,0.2535267656316169,-1.0500377999899644,-0.2178889121333547,-0.4783175577607538,0.3680135733144282,-0.146183307174423,-0.7434160949738262,0.7144724359344616
48.8,1.9,2013.0,7.0,2.0,5.777777777777777,37.37007525453741,28.52921646746348,64.11509517485612,51.0938468348827,325.16368177116027,-0.4601635867578477,-0.0703927171040178,0.6016561388652499,0.3863407549531644,0.6770649043422208,0.5613656915949233,-0.3612432116184818,-0.0838301497202194
48.8,3.1,2013.0,7.0,2.0,5.777777777777777,37.37007525453741,28.52921646746348,64.11509517485612,51.0938468348827,325.16368177116027,-0.29625091261688485,0.628263862710702,0.7768747518099011,-1.6039636935720518,-0.3016868968749641,0.6303962964156812,0.35978137809973204,0.2119535703509443
48.8,3.5,2013.0,7.0,2.0,5.777777777777777,37.37007525453741,28.52921646746348,64.11509517485612,51.0938468348827,325.16368177116027,-0.4601635867578477,-0.0703927171040178,0.6016561388652499,0.3863407549531644,0.6770649043422208,0.5613656915949233,-0.3612432116184818,-0.0838301497202194
48.8,5.1,2013.0,7.0,2.0,12.0,21.0,4.0,65.0,44.0,195.79552,-1.712433297845206,1.3351368334946117,1.309534306233542,1.1049589556930333,0.06622438135119801,0.2529211889308315,-0.5741622555922429,-0.08267202716326671
48.8,5.9,2013.0,7.0,2.0,5.777777777777777,37.37007525453741,28.52921646746348,64.11509517485612,51.0938468348827,325.16368177116027,-0.7279929017613939,0.02580419472969965,0.5670876353547943,-0.4314130437602654,0.025185338876357655,0.5921836257277957,-0.1934797227990168,-0.12407480035951082
48.8,6.7,2013.0,7.0,2.0,5.777777777777777,37.37007525453741,28.52921646746348,64.11509517485612,51.0938468348827,325.16368177116027,-0.6450379154110394,-0.3401878446621205,0.4740396338802816,0.8511062904316022,0.38257174555867696,0.450469461977876,-2.3471485361780338,0.47807738551943646
48.8,8.3,2013.0,7.0,2.0,6.0,36.5,49.0,93.0,70.0,304.55861000000004,-0.4683332574793051,0.6140511865764633,0.5884825845891819,-0.3065649537029097,1.5208486336192268,0.08354433321969601,-1.1404722649273191,-0.24421208071484587
48.8,9.1,2013.0,7.0,2.0,5.777777777777777,37.37007525453741,28.52921646746348,64.11509517485612,51.0938468348827,325.16368177116027,-0.6038907838813201,0.13424051190016684,0.8940376513283981,0.8612061645556388,0.9476922882612886,1.2254920301405783,-0.7351371580783242,0.46051460674841527
48.8,9.8,2013.0,7.0,2.0,12.0,20.0,53.0,61.0,64.0,444.7783,-1.306093491247979,1.3527018149987695,0.4064665584625764,0.9207137465132785,0.6186305566108782,0.31155492663515083,-0.9161453598464193,0.36656372151781014
48.8,9.9,2013.0,7.0,2.0,0.0,53.0,39.0,123.0,78.0,483.59402,0.3735945118533353,-2.133848386885132,1.748811222289169,0.02259066534970755,1.016423501737318,1.6849159771402131,0.15215936736587743,0.6623044006878694
48.8,10.7,2013.0,7.0,2.0,5.777777777777777,37.37007525453741,28.52921646746348,64.11509517485612,51.0938468348827,325.16368177116027,-1.0021784382207184,0.2297246855336217,0.8182350470866097,1.1044911513716233,0.2879870283804793,0.23306022909423413,-0.9921474440698703,0.6790862369416362
48.8,11.4,2013.0,7.0,2.0,5.777777777777777,37.37007525453741,28.52921646746348,64.11509517485612,51.0938468348827,325.16368177116027,-1.4511255494520767,-0.023068652348423674,0.871128465958134,0.43854775278360625,0.5596882026051728,1.0235670107909807,-0.21917232816475196,-0.20209573428945815
48.8,11.7,2013.0,7.0,2.0,5.777777777777777,37.37007525453741,28.52921646746348,64.11509517485612,51.0938468348827,325.16368177116027,-0.8600993288016145,0.6882688305314938,0.8943910059374625,0.25234695641066796,0.5392670424023088,0.8062931475842814,-0.2398374698861644,0.07986658676227515
48.8,12.0,2013.0,7.0,2.0,12.0,20.0,48.0,59.0,72.0,425.32846,-0.9594342516712002,0.8605337966450812,0.9922406127690593,2.1464012899718856,0.10291706150740593,0.3298773488509518,-0.3835223008889736,0.22337168653685383
48.8,12.3,2013.0,7.0,2.0,12.0,20.0,48.0,59.0,73.0,400.70245,-1.6693968536571773,1.139563209981555,0.5752107319426424,0.5957940130396668,0.6025380563254727,0.4731605815556575,0.2043717315591475,0.6426721968207374
48.8,13.1,2013.0,7.0,2.0,5.777777777777777,37.37007525453741,28.52921646746348,64.11509517485612,51.0938468348827,325.16368177116027,-0.4562837854223997,-0.19115235036990602,0.03898644544575214,1.0049654524730578,0.7577467967153435,1.1901701119652215,-0.2618963943253425,-0.985749373797519
48.8,14.6,2013.0,7.0,2.0,5.777777777777777,37.37007525453741,28.52921646746348,64.11509517485612,51.0938468348827,325.16368177116027,-0.29564081730047187,1.0644796421136549,0.747853427665903,-0.1523007223463712,0.06408295140212927,0.26173517749316966,-0.4161618075549812,-0.704318983853633
48.8,14.9,2013.0,7.0,2.0,5.777777777777777,37.37007525453741,28.52921646746348,64.11509517485612,51.0938468348827,325.16368177116027,-0.5138631712645111,-0.32191502279220746,0.6130138795000715,-0.5318921560444823,0.6116924001262097,-0.19407415533635108,-0.22627554797903082,0.480395631286502
48.8,15.5,2013.0,7.0,2.0,12.0,20.0,43.0,57.0,82.0,534.74445,-1.2938335419140634,1.184157613355608,0.8396708777156785,0.8509674980172662,0.4433015392953703,0.3410966108359275,-0.5202416915157717,0.1427277448767112
48.8,16.2,2013.0,7.0,2.0,5.0,46.5,27.0,107.5,29.5,226.151515,-2.0251103095941057,-0.08875600532232325,0.20759118555373918,0.32540958385421803,-0.12007037829162875,0.8402392327030801,-0.843017065748209,0.5008964536876255
48.8,17.8,2013.0,7.0,2.0,12.0,20.0,40.0,56.0,87.0,330.3269,-1.2723831217436687,1.2300318184007468,0.6646211996244614,0.7880219518898284,-0.7985300238084726,0.0756440476006608,-0.3448038759041689,0.2988999230667126
48.8,18.6,2013.0,7.0,2.0,5.777777777777777,37.37007525453741,28.52921646746348,64.11509517485612,51.0938468348827,325.16368177116027,-1.4380461255612182,0.1936816145485179,0.82956874023439,0.6697842578410289,0.7081664861077136,1.7260350258020578,-0.3952482553106928,-0.28028615568222487
48.8,19.4,2013.0,7.0,2.0,0.0,53.0,20.0,116.0,41.0,676.57263,0.6384861845419751,-1.7910964491481671,0.12614838759245048,0.3401478344502886,0.33813787071878065,-0.6817782306589182,-0.3377387450068113,-0.519881407894168
48.8,20.2,2013.0,7.0,2.0,5.777777777777777,37.37007525453741,28.52921646746348,64.11509517485612,51.0938468348827,325.16368177116027,-0.4601635867578477,-0.0703927171040178,0.6016561388652499,0.3863407549531644,0.6770649043422208,0.5613656915949233,-0.3612432116184818,-0.0838301497202194
48.8,23.4,2013.0,7.0,2.0,12.0,20.0,38.0,55.0,95.0,813.3889,-1.214093017063209,1.3309909837549263,0.4274294749256827,0.4973799956736833,0.2215981809489106,0.0556580549560039,-0.1383087985541803,-0.5313163907353988
48.8,24.1,2013.0,7.0,2.0,5.777777777777777,37.37007525453741,28.52921646746348,64.11509517485612,51.0938468348827,325.16368177116027,-0.4601635867578477,-0.0703927171040178,0.6016561388652499,0.3863407549531644,0.6770649043422208,0.5613656915949233,-0.3612432116184818,-0.0838301497202194
48.9,2.8,2013.0,7.0,2.0,5.777777777777777,37.37007525453741,28.52921646746348,64.11509517485612,51.0938468348827,325.16368177116027,0.6115246511309358,0.4900866495221235,0.3860453746909124,0.06411481174179512,0.9626398124429492,1.3980652475870403,0.42383877227207717,-0.6693236163200906
48.9,4.4,2013.0,7.0,2.0,5.777777777777777,37.37007525453741,28.52921646746348,64.11509517485612,51.0938468348827,325.16368177116027,-0.4601635867578477,-0.0703927171040178,0.6016561388652499,0.3863407549531644,0.6770649043422208,0.5613656915949233,-0.3612432116184818,-0.0838301497202194
48.9,6.0,2013.0,7.0,2.0,0.0,53.0,42.0,124.0,87.0,251.07149,0.7685782155383449,-1.6152593739930046,0.23674228958291477,-0.18504670376240806,1.6966524333981394,0.9291133971700268,0.5842743638208319,-1.3218005002016402
48.9,8.2,2013.0,7.0,2.0,5.777777777777777,37.37007525453741,28.52921646746348,64.11509517485612,51.0938468348827,325.16368177116027,-0.5197463558428395,0.009238146160095648,1.0701272517792617,0.3333290007285847,0.18171902415886976,0.4529522179251485,-0.3851730452262044,-0.4511697151870822
48.9,10.7,2013.0,7.0,2.0,5.777777777777777,37.37007525453741,28.52921646746348,64.11509517485612,51.0938468348827,325.16368177116027,-0.5922348263644877,-0.3155495335760885,0.46856674756785355,0.40293320715247216,1.0230525972989482,0.3077218140007782,-0.5337048249571839,-0.5345734375148099
48.9,11.2,2013.0,7.0,2.0,0.0,53.0,36.0,122.0,74.0,468.09967,-0.10475688056563781,-1.5098511386771345,0.47889542631400245,-0.8527880515092507,0.9550156080628094,0.05538778306659037,-1.2899494222407815,0.05008746368571068
48.9,11.4,2013.0,7.0,2.0,12.0,20.0,51.0,60.0,70.0,450.97064,-2.176445325303434,1.5586276138826793,0.34436898534634114,0.5584187342617104,0.7271495468850787,0.7415884385304183,-0.3823213151155461,0.15538531645258646
48.9,13.0,2013.0,7.0,2.0,5.777777777777777,37.37007525453741,28.52921646746348,64.11509517485612,51.0938468348827,325.16368177116027,-0.0551311173538967,-0.3874279620917827,0.8565482387174219,0.0376888937723579,0.611917972617614,0.8521593723345817,-0.9983720316045788,-0.1647998271302739
48.9,13.9,2013.0,7.0,2.0,5.777777777777777,37.37007525453741,28.52921646746348,64.11509517485612,51.0938468348827,325.16368177116027,-0.4601635867578477,-0.0703927171040178,0.6016561388652499,0.3863407549531644,0.6770649043422208,0.5613656915949233,-0.3612432116184818,-0.0838301497202194
48.9,16.2,2013.0,7.0,2.0,0.0,53.0,25.0,118.0,55.0,246.8221,0.9257328629486326,-0.669151382915034,0.49126446584382927,-0.8285538955070825,-0.3242129768290992,0.3928114302301497,-0.8629440112227597,-0.15872607946329725
48.9,27.5,2013.0,7.0,2.0,10.0,39.0,43.0,80.0,32.0,286.67618,-1.3752357427785369,0.8815619853180041,0.3656580167856039,0.6739056426039453,-0.0475528780869017,-0.3028681618914089,-0.7212750699193731,-0.5313163907353988
49.0,5.0,2013.0,7.0,2.0,12.0,21.0,6.0,66.0,44.0,174.84166,-1.253901914980804,0.038961640971727385,0.6565545385799808,1.2173634259590365,1.203772124411453,1.8330318424869456,-0.009499776797666337,-1.0313119440836287
49.0,6.0,2013.0,7.0,2.0,5.777777777777777,37.37007525453741,28.52921646746348,64.11509517485612,51.0938468348827,325.16368177116027,-0.2494070770344157,-0.613499410979453,1.2283360021422487,0.5418273508254354,-0.03755262811971194,0.19988739503750735,-0.5461940577842911,-0.6994232892955075
49.0,7.6,2013.0,7.0,2.0,5.777777777777777,37.37007525453741,28.52921646746348,64.11509517485612,51.0938468348827,325.16368177116027,-0.4601635867578477,-0.0703927171040178,0.6016561388652499,0.3863407549531644,0.6770649043422208,0.5613656915949233,-0.3612432116184818,-0.0838301497202194
49.0,9.2,2013.0,7.0,2.0,0.0,53.0,36.0,122.0,80.0,249.2803,0.7107665886272008,-1.0147611791244997,0.15123841428294188,0.5141565153462626,-0.2501963110681824,-0.5114313512282332,-0.9920790929837857,-0.8206888970583568
49.0,10.0,2013.0,7.0,2.0,5.777777777777777,37.37007525453741,28.52921646746348,64.11509517485612,51.0938468348827,325.16368177116027,-0.23219315511360514,-1.0131157696929085,0.7110689981895296,-0.8632735193240455,0.9253662804561893,-0.26016053844063225,-0.5045371677392919,-1.0973826862280067
49.0,10.8,2013.0,7.0,2.0,12.0,20.0,53.0,61.0,68.0,517.83887,-0.6860822319623254,1.3402875737844446,1.1786383668187668,0.8869686735970433,0.390914938444898,0.7341566179631214,-0.7073936026453089,-0.5043271095375877
49.0,12.1,2013.0,7.0,2.0,5.777777777777777,37.37007525453741,28.52921646746348,64.11509517485612,51.0938468348827,325.16368177116027,0.45270661327638956,-1.0473891070240513,0.8543049300196058,-0.1319766772540502,0.516553798435599,0.6116230404553692,-0.7719811959981588,-0.25242138382229246
49.0,12.3,2013.0,7.0,2.0,5.777777777777777,37.37007525453741,28.52921646746348,64.11509517485612,51.0938468348827,325.16368177116027,-1.1641776901586842,0.10335684752244044,0.6941279964212183,0.6608973136707688,1.6973346649578251,0.38996187484741074,-1.117184986377163,0.18963212056809625
49.0,12.4,2013.0,7.0,2.0,10.0,40.0,47.0,104.0,0.0,436.07126,-0.7110080762093439,0.45832294797813217,0.3448804950923115,0.187692874817448,0.48354918315774487,0.7396445367646466,-0.8324824406240952,-0.24282474199577891
49.0,14.5,2013.0,7.0,2.0,5.777777777777777,37.37007525453741,28.52921646746348,64.11509517485612,51.0938468348827,325.16368177116027,-0.535731956967305,0.9353120869652093,0.3796988202540911,0.17669070550365965,0.5378943319010993,0.8446034797141875,-0.4048032426000378,-0.18192260501635232
49.0,14.8,2013.0,7.0,2.0,0.0,53.0,28.0,119.0,61.0,459.15213,-1.4847392599033826,-0.8665624603262867,0.38269779620451955,-0.6995514394709441,-0.11262988740564149,0.15426134814127407,-0.053174242968047736,-0.9382527369560829
49.0,16.9,2013.0,7.0,2.0,5.777777777777777,37.37007525453741,28.52921646746348,64.11509517485612,51.0938468348827,325.16368177116027,0.1358168180824007,-0.04361536124954777,-0.2499691462862872,0.9215199201447215,0.754974771781159,1.3497284569110968,0.3225361549468189,-0.47813260036937305
49.0,17.1,2013.0,7.0,2.0,5.777777777777777,37.37007525453741,28.52921646746348,64.11509517485612,51.0938468348827,325.16368177116027,-0.5611442144722267,1.3372577695742727,0.36386879169769476,1.0815979801057753,0.30439849736806535,0.7865751437739376,-0.3575464348265421,0.26000818631035705
49.0,19.3,2013.0,7.0,2.0,5.777777777777777,37.37007525453741,28.52921646746348,64.11509517485612,51.0938468348827,325.16368177116027,-0.4923428634247189,-0.17465590119794766,0.8273397995892076,0.835369248535121,0.831186773668049,0.4052185171150101,-0.5825049000749773,-0.6637217700856995
49.1,10.3,2013.0,7.0,2.0,0.0,53.0,34.0,121.0,77.0,478.32257,0.7329839993593477,-1.6380820336538877,-0.10644372915755318,-0.27583641908742845,-0.11501171150625045,-0.13475457494746412,-1.1579184353424865,-0.006240106558881131
49.1,11.6,2013.0,7.0,2.0,6.0,36.5,42.0,90.5,72.0,496.11377,-0.4841571152325792,-0.055330599635657,0.456532250512888,0.1994334101902687,0.3126580063176845,0.3563323186426067,-0.4611641647946011,-0.0123716289360841
49.1,15.3,2013.0,7.0,2.0,0.0,53.0,25.0,118.0,59.0,564.4213,0.3314594698485684,-1.16973968030924,-0.0266944668934287,-0.5436106310873449,0.036892901180119,-0.106142641498014,-0.7758271106237343,-0.5313163907353988
49.2,12.2,2013.0,7.0,2.0,0.0,53.0,28.0,119.0,71.0,411.44962,-0.41187785474875743,-1.135010111520215,0.6502089626135652,-0.40738026010091904,-0.6865083099983382,-0.06701198978505218,-1.258028129938809,-0.42427566754747115
49.2,13.8,2013.0,7.0,2.0,5.777777777777777,37.37007525453741,28.52921646746348,64.11509517485612,51.0938468348827,325.16368177116027,-0.4601635867578477,-0.0703927171040178,0.6016561388652499,0.3863407549531644,0.6770649043422208,0.5613656915949233,-0.3612432116184818,-0.0838301497202194
49.3,5.1,2013.0,7.0,2.0,12.0,21.0,12.0,68.0,45.0,218.54723,-1.3546152680109522,0.9505153921489358,0.6125545269766576,0.7055572864191654,0.6843126374148132,0.742825658279055,0.1151285972534979,-0.1850501525931579
49.3,5.9,2013.0,7.0,2.0,2.0,33.0,59.0,86.0,7.0,265.56696,0.2041999258401107,-1.0031903897793593,0.1116437911375246,-0.4898024328300203,0.7736319904995741,0.6904235655120601,-0.4872507100161949,-0.5313163907353988
49.3,6.8,2013.0,7.0,2.0,5.777777777777777,37.37007525453741,28.52921646746348,64.11509517485612,51.0938468348827,325.16368177116027,-0.4601635867578477,-0.0703927171040178,0.6016561388652499,0.3863407549531644,0.6770649043422208,0.5613656915949233,-0.3612432116184818,-0.0838301497202194
49.3,7.4,2013.0,7.0,2.0,12.0,21.0,7.0,66.0,55.0,291.4,-1.3421399700369636,1.0040619761443406,0.6274082766924387,0.6056989545079903,0.5417067988300632,0.4457381528725842,-0.2217775551465962,0.8863809472517392
49.3,9.1,2013.0,7.0,2.0,5.777777777777777,37.37007525453741,28.52921646746348,64.11509517485612,51.0938468348827,325.16368177116027,-0.4601635867578477,-0.0703927171040178,0.6016561388652499,0.3863407549531644,0.6770649043422208,0.5613656915949233,-0.3612432116184818,-0.0838301497202194
49.3,9.9,2013.0,7.0,2.0,5.777777777777777,37.37007525453741,28.52921646746348,64.11509517485612,51.0938468348827,325.16368177116027,-0.4601635867578477,-0.0703927171040178,0.6016561388652499,0.3863407549531644,0.6770649043422208,0.5613656915949233,-0.3612432116184818,-0.0838301497202194
49.3,14.7,2013.0,7.0,2.0,0.0,53.0,23.0,117.0,62.0,448.61057,-0.3797306270190287,-1.2189031033331847,0.2870642331526807,-0.3846955560454212,-0.026815190900836013,0.43945232818876084,-0.6968491127436371,-0.892661108972875
49.3,17.0,2013.0,7.0,2.0,5.777777777777777,37.37007525453741,28.52921646746348,64.11509517485612,51.0938468348827,325.16368177116027,-0.09480367030745962,0.030798255496546287,1.088193643380656,0.3957126274462458,0.5081050774426157,0.5701331494498966,-0.0654456121142108,-0.3346244644513718
49.4,6.3,2013.0,7.0,2.0,5.777777777777777,37.37007525453741,28.52921646746348,64.11509517485612,51.0938468348827,325.16368177116027,-0.29789683166084036,0.6884754706116925,0.40792262297329746,0.951410416022278,0.15125123398704876,0.6722228579570386,-0.6337124302496011,-1.2968100211827867
49.4,8.3,2013.0,7.0,2.0,5.777777777777777,37.37007525453741,28.52921646746348,64.11509517485612,51.0938468348827,325.16368177116027,-0.4601635867578477,-0.0703927171040178,0.6016561388652499,0.3863407549531644,0.6770649043422208,0.5613656915949233,-0.3612432116184818,-0.0838301497202194
49.4,10.4,2013.0,7.0,2.0,0.0,53.0,28.0,119.0,77.0,426.13412,0.3529295713861644,-1.2254937398680723,0.3309828192287565,-0.2820095325031112,0.1311941408973476,0.6433700719229922,-0.3409731835900861,0.3043261231693235
49.4,14.4,2013.0,7.0,2.0,5.777777777777777,37.37007525453741,28.52921646746348,64.11509517485612,51.0938468348827,325.16368177116027,-1.7189394622143512,0.9155770652548008,0.829492880791137,1.1588708656767852,0.6110073543198733,0.7979608775585957,-0.9215760033666511,0.43485267330498933
49.4,18.7,2013.0,7.0,2.0,0.0,53.0,12.0,113.0,45.0,594.6906,0.3026799333362825,-1.133557466824361,-0.0267438115535028,-0.6937086291976867,0.1644006424032848,0.040268565637423,-0.6363944304080958,-0.5313163907353988
49.4,19.4,2013.0,7.0,2.0,5.777777777777777,37.37007525453741,28.52921646746348,64.11509517485612,51.0938468348827,325.16368177116027,-0.4601635867578477,-0.0703927171040178,0.6016561388652499,0.3863407549531644,0.6770649043422208,0.5613656915949233,-0.3612432116184818,-0.0838301497202194
49.5,6.2,2013.0,7.0,2.0,5.777777777777777,37.37007525453741,28.52921646746348,64.11509517485612,51.0938468348827,325.16368177116027,-0.22208586384134316,-0.11671963345788569,-0.5561480543846218,0.13200325594843065,0.7125813410147365,0.7044998423760822,-0.36770075271088004,0.8013180701783721
49.5,7.6,2013.0,7.0,2.0,0.0,53.0,31.0,120.0,84.0,303.5323,0.13923619937606008,-1.5980506694860834,0.28837900394440746,-0.011314636529584254,0.953199433266483,0.1933654522595717,-0.7590151151243252,0.33823332574105147
49.5,12.3,2013.0,7.0,2.0,5.777777777777777,37.37007525453741,28.52921646746348,64.11509517485612,51.0938468348827,325.16368177116027,-0.4601635867578477,-0.0703927171040178,0.6016561388652499,0.3863407549531644,0.6770649043422208,0.5613656915949233,-0.3612432116184818,-0.0838301497202194
49.5,17.0,2013.0,7.0,2.0,5.777777777777777,37.37007525453741,28.52921646746348,64.11509517485612,51.0938468348827,325.16368177116027,-0.1449481337317568,-0.6319972617884341,0.6365109250670635,0.05741651508861689,1.1411884387786886,-0.27258537990264087,-0.13950209002004926,-0.03455487710711932
49.6,2.0,2013.0,7.0,2.0,12.0,21.0,25.0,73.0,33.0,161.81862,-1.3603220710736277,0.8762356854421214,0.7033084201553973,0.7211993923179003,0.4927658998893918,0.9316124036055018,-0.3143022584397485,-0.3201793105968518
49.6,9.7,2013.0,7.0,2.0,6.0,37.0,16.5,92.0,72.0,297.88402499999995,-0.4846585823635276,-0.0895454466746943,0.5161259978895483,0.2332424048525956,0.4626471181552075,0.5863368098280859,-0.1895670159330785,-0.0316868741343487
49.6,12.9,2013.0,7.0,2.0,5.777777777777777,37.37007525453741,28.52921646746348,64.11509517485612,51.0938468348827,325.16368177116027,-0.4601635867578477,-0.0703927171040178,0.6016561388652499,0.3863407549531644,0.6770649043422208,0.5613656915949233,-0.3612432116184818,-0.0838301497202194
49.6,18.2,2013.0,7.0,2.0,7.333333333333333,37.66666666666666,30.33333333333333,90.0,48.0,410.53476666666666,-0.7738594681917168,0.2460003286048624,0.3488147038028061,0.1972023037586459,-0.2137810677514595,0.0734245112199859,-0.6681078817849778,-0.3468444347679404
49.6,20.2,2013.0,7.0,2.0,5.777777777777777,37.37007525453741,28.52921646746348,64.11509517485612,51.0938468348827,325.16368177116027,-0.4601635867578477,-0.0703927171040178,0.6016561388652499,0.3863407549531644,0.6770649043422208,0.5613656915949233,-0.3612432116184818,-0.0838301497202194
49.7,4.5,2013.0,7.0,2.0,2.0,33.0,59.0,86.0,10.0,209.68456,0.210362199378248,-1.0181535341902577,-0.0176170635077949,-0.5950898756321225,0.589361545951469,0.238149793189753,-0.7406611115232898,-0.5313163907353988
49.7,6.5,2013.0,7.0,2.0,12.0,21.0,14.0,69.0,52.0,242.34055,-1.339186596857668,0.9818812440202752,0.5150907670619025,0.5706968152165772,0.5495438897025751,0.3367453759890032,-0.2752099602794957,0.2338505708027409
49.7,7.4,2013.0,7.0,2.0,5.777777777777777,37.37007525453741,28.52921646746348,64.11509517485612,51.0938468348827,325.16368177116027,-1.317678530800764,0.33858642680176276,0.44955735872948754,-0.4212285097781127,-0.14636159956454675,0.7546924531713097,-1.011211294608795,-0.03473767280963078
49.7,7.7,2013.0,7.0,2.0,12.0,21.0,12.0,68.0,57.0,283.4453,-0.3518446064958637,0.925340301718661,0.17631748722621088,1.0437843126128863,1.0399219839184664,0.050440318905215165,-0.06687248058775278,1.0615481053749696
49.7,8.1,2013.0,7.0,2.0,0.0,53.0,26.0,118.0,83.0,219.18304,-0.5551149687328546,-1.4474667608618825,0.04575643677985944,-0.30750953336838766,0.5473933059232027,0.29204230313185275,-0.09193896195214579,-0.7473181805710446
49.7,9.2,2013.0,7.0,2.0,12.0,21.0,9.0,67.0,63.0,290.18692,-0.73517649904706,0.512707953577333,0.614059434404201,0.9326745906068992,1.3086278201296198,-0.6542045387497761,0.09092547405848035,0.7922466118462618
49.7,10.3,2013.0,7.0,2.0,5.777777777777777,37.37007525453741,28.52921646746348,64.11509517485612,51.0938468348827,325.16368177116027,-0.7962964830316404,-0.36878314906213705,0.7593480484907431,1.4669374642771404,1.151882954429648,0.2100512824982752,0.14020865690012535,0.03199739122747973
49.7,11.3,2013.0,7.0,2.0,5.777777777777777,37.37007525453741,28.52921646746348,64.11509517485612,51.0938468348827,325.16368177116027,-0.5028978466062883,0.5897144346938302,0.6970226620395499,-0.18971240889811397,1.2971882769729972,0.3873718414576779,-0.06281780061863346,-0.7670747159173471
49.7,17.2,2013.0,7.0,2.0,5.777777777777777,37.37007525453741,28.52921646746348,64.11509517485612,51.0938468348827,325.16368177116027,-0.4601635867578477,-0.0703927171040178,0.6016561388652499,0.3863407549531644,0.6770649043422208,0.5613656915949233,-0.3612432116184818,-0.0838301497202194
49.7,18.8,2013.0,7.0,2.0,5.777777777777777,37.37007525453741,28.52921646746348,64.11509517485612,51.0938468348827,325.16368177116027,-0.3782971835000332,0.1789832619016925,0.1348706023053774,-0.02702301553360137,1.1527554635115322,0.6609117181502223,0.9807462965088682,0.6615168455101338
49.7,22.4,2013.0,7.0,2.0,6.0,36.0,54.5,84.0,62.5,363.22791,-0.4703931505385916,0.1032456220528669,0.3101759887370482,0.1329532488063134,0.3363071841786698,0.4022049526729116,0.1700161256238781,-0.5313163907353988
49.8,7.6,2013.0,7.0,2.0,0.0,53.0,26.0,118.0,84.0,283.29913,0.07960260838229982,-1.6857770323487358,0.8143094849100859,-0.29966424292803356,1.5881338409096735,0.8681770584039953,-0.519731716337771,-0.09365495072083035
49.8,8.9,2013.0,7.0,2.0,5.777777777777777,37.37007525453741,28.52921646746348,64.11509517485612,51.0938468348827,325.16368177116027,0.6942662183445076,-0.3361009071836697,1.1476372132493957,0.0833236176407453,0.914200523368494,0.5671941435043277,-0.1487048354257409,0.27951008738927985
49.8,9.1,2013.0,7.0,2.0,5.777777777777777,37.37007525453741,28.52921646746348,64.11509517485612,51.0938468348827,325.16368177116027,0.6097956068026829,0.32851206729972016,0.15081674798135053,0.9073869137959885,0.3599169369008716,-1.0870699475024708,-0.6991880941383907,-0.78298443910914
49.8,10.1,2013.0,7.0,2.0,1.0,43.0,27.5,96.5,40.0,260.507195,0.7358962296700802,-1.1577013068169304,-0.5482041776588761,-0.21219215511230785,-0.1680332131720107,-0.15170648704864031,0.5352850678547136,0.5384933850874947
49.8,10.7,2013.0,7.0,2.0,5.777777777777777,37.37007525453741,28.52921646746348,64.11509517485612,51.0938468348827,325.16368177116027,-0.4404997708024836,-0.2711910819439878,1.2361733072989227,0.7925913704592094,0.32354038455100526,-0.2378995631753722,-0.29473108395891134,-0.38706336421900256
49.8,10.8,2013.0,7.0,2.0,12.0,21.0,7.0,66.0,69.0,305.51297,-1.3610224561272584,1.4665250792941031,0.8351738475647986,0.3723818466897694,0.4709522590865158,0.21655631696901212,-0.3202921965171278,-0.19495888223752814
49.8,12.4,2013.0,7.0,2.0,5.777777777777777,37.37007525453741,28.52921646746348,64.11509517485612,51.0938468348827,325.16368177116027,-0.4601635867578477,-0.0703927171040178,0.6016561388652499,0.3863407549531644,0.6770649043422208,0.5613656915949233,-0.3612432116184818,-0.0838301497202194
49.8,14.5,2013.0,7.0,2.0,5.777777777777777,37.37007525453741,28.52921646746348,64.11509517485612,51.0938468348827,325.16368177116027,-0.4601635867578477,-0.0703927171040178,0.6016561388652499,0.3863407549531644,0.6770649043422208,0.5613656915949233,-0.3612432116184818,-0.0838301497202194
49.8,15.6,2013.0,7.0,2.0,0.0,53.0,12.0,113.0,59.0,447.55444,0.23749847113005337,-0.943140810984658,-0.7310887393477028,0.03136849329767233,-0.5398453559936289,-0.21235169574904925,-0.5560862330017583,-0.35214462841633704
49.8,18.8,2013.0,7.0,2.0,5.777777777777777,37.37007525453741,28.52921646746348,64.11509517485612,51.0938468348827,325.16368177116027,-1.0707333419164582,-0.3514002824444833,0.7517752660824091,0.587394208670216,-0.21390061721666587,-0.20321309776663432,0.36678667658695446,-0.32940160318473694
49.9,5.0,2013.0,7.0,2.0,6.0,37.0,24.0,95.0,67.5,379.773285,-0.4867254895731731,-0.1707532866740302,0.199290481282498,0.0132059429054689,0.475258219533871,0.1906788088605354,-0.6359468174089327,-0.3681081788023659
49.9,7.3,2013.0,7.0,2.0,5.777777777777777,37.37007525453741,28.52921646746348,64.11509517485612,51.0938468348827,325.16368177116027,-0.5061188161568789,-0.5338752657775337,0.6076176953005419,1.7205561848746591,0.4025625064369313,0.88494074963273,-0.9313744433395947,-0.8767962295797848
49.9,8.2,2013.0,7.0,2.0,5.777777777777777,37.37007525453741,28.52921646746348,64.11509517485612,51.0938468348827,325.16368177116027,-0.415918450109993,-0.5531394281106431,0.27811690200645856,0.16963614161327628,0.6795673062901337,1.6044037203933987,-0.17111556769418768,0.37389972351521
49.9,9.8,2013.0,7.0,2.0,0.0,53.0,20.0,116.0,79.0,272.53757,0.5826635162809182,-2.054934998435283,-0.2801676985482004,-0.5584415948015504,-0.5838263795704246,-0.012389394963513545,-0.7464301095728167,0.008828190772099093
49.9,11.3,2013.0,7.0,2.0,5.777777777777777,37.37007525453741,28.52921646746348,64.11509517485612,51.0938468348827,325.16368177116027,-0.25840845435220783,0.40412986433731085,0.6742757596774308,0.648112868903423,1.0538032977987235,-0.12663193410739515,-0.3623376483350648,-0.13360760441680147
49.9,13.0,2013.0,7.0,2.0,5.777777777777777,37.37007525453741,28.52921646746348,64.11509517485612,51.0938468348827,325.16368177116027,-0.4601635867578477,-0.0703927171040178,0.6016561388652499,0.3863407549531644,0.6770649043422208,0.5613656915949233,-0.3612432116184818,-0.0838301497202194
49.9,13.9,2013.0,7.0,2.0,5.777777777777777,37.37007525453741,28.52921646746348,64.11509517485612,51.0938468348827,325.16368177116027,-0.21390582284547793,-0.6263751613349867,1.5020001151464317,0.7555293918154995,0.9123062485640012,1.1463891310196526,-0.560510129163769,-0.10992984994377919
49.9,18.7,2013.0,7.0,2.0,6.0,36.5,31.5,86.5,67.5,263.463215,-0.10454430566407968,-1.0144980232784766,0.3155411340202615,0.8464989797377855,-0.2281994795068994,1.9545826492912965,-0.24332785923506028,-0.2991658535607641
50.0,10.1,2013.0,7.0,2.0,12.0,21.0,12.0,68.0,67.0,249.51271,-2.6490746183072797,0.3502423119311403,0.5826539209810259,0.4020477331681284,-0.42528213397478504,-0.22676231613589432,-0.756976334760936,-0.0901127261748782
50.0,13.7,2013.0,7.0,2.0,5.777777777777777,37.37007525453741,28.52921646746348,64.11509517485612,51.0938468348827,325.16368177116027,0.25444838929728336,1.1234821335542757,0.2922509483708113,-0.07405710858971737,1.5550361537162702,0.4014413339463967,-0.34226007909937844,-0.5870328391411599
50.0,14.0,2013.0,7.0,2.0,5.777777777777777,37.37007525453741,28.52921646746348,64.11509517485612,51.0938468348827,325.16368177116027,-0.662413567880477,0.03836167535019716,1.0659509925587276,-0.07282722498231708,0.17205966283426744,1.0583817007684597,-0.9035221093593007,-1.1753483308196642
50.0,15.6,2013.0,7.0,2.0,12.0,21.0,4.0,65.0,83.0,238.37086,-1.090690242793892,1.0142980516919637,0.581655726938466,1.045647050565126,-0.10201164779707644,0.2915441169089177,0.21747142007430986,0.24963201687552206
50.0,17.1,2013.0,7.0,2.0,5.777777777777777,37.37007525453741,28.52921646746348,64.11509517485612,51.0938468348827,325.16368177116027,-0.4601635867578477,-0.0703927171040178,0.6016561388652499,0.3863407549531644,0.6770649043422208,0.5613656915949233,-0.3612432116184818,-0.0838301497202194
50.0,22.5,2013.0,7.0,2.0,0.0,52.0,50.0,105.0,31.0,200.09418,0.2632704749707102,-1.0946402871575895,0.0713412882646229,-0.3089653143771307,0.335666559638451,0.3849098758399025,0.0730032087976259,-0.5313163907353988
50.1,15.3,2013.0,7.0,2.0,5.777777777777777,37.37007525453741,28.52921646746348,64.11509517485612,51.0938468348827,325.16368177116027,-0.7843868968091811,-0.3918243475989144,-0.19591701099461356,-0.10719268454825365,-0.2584281315647984,-0.5412734176017721,0.3365047584551564,-1.129941771209901
50.2,11.2,2013.0,7.0,2.0,5.777777777777777,37.37007525453741,28.52921646746348,64.11509517485612,51.0938468348827,325.16368177116027,-1.2285395622534958,-0.11099498800911739,1.4235680161781339,1.035723609078674,0.03119078982367751,-0.089197168622556,-0.7841191079215577,-0.10617692021364564
50.2,11.5,2013.0,7.0,2.0,12.0,21.0,12.0,68.0,72.0,498.25623,-1.46299523580346,1.8104769327645538,0.8182702622589544,0.26610798475799474,0.9194340093619027,-0.3933438621945459,-0.5232466811112791,-0.1904513614244752
50.2,14.2,2013.0,7.0,2.0,0.0,53.0,9.0,112.0,65.0,323.30154,0.3167590533609519,-1.1842273165511807,0.1862368046254914,-0.3889847399581986,0.1215951314012307,0.3459817803051071,-0.7325523379104744,-0.2222990901681487
50.2,15.2,2013.0,7.0,2.0,5.777777777777777,37.37007525453741,28.52921646746348,64.11509517485612,51.0938468348827,325.16368177116027,-0.6096628679504809,0.2008347184229891,-0.09074154292875891,0.4777720982524071,0.40620307079251855,0.029050464511517826,0.07575360810066212,-0.8537278313644412
50.2,16.7,2013.0,7.0,2.0,0.0,53.0,4.0,110.0,55.0,651.122,0.3010968285142355,-1.1567245653145353,0.0597251524699374,-0.5273951697323339,0.0686465577466316,0.2608773974156592,-0.6828649411956925,-0.5313163907353988
50.2,17.6,2013.0,7.0,2.0,5.777777777777777,37.37007525453741,28.52921646746348,64.11509517485612,51.0938468348827,325.16368177116027,-0.4601635867578477,-0.0703927171040178,0.6016561388652499,0.3863407549531644,0.6770649043422208,0.5613656915949233,-0.3612432116184818,-0.0838301497202194
50.2,19.2,2013.0,7.0,2.0,5.777777777777777,37.37007525453741,28.52921646746348,64.11509517485612,51.0938468348827,325.16368177116027,-0.4601635867578477,-0.0703927171040178,0.6016561388652499,0.3863407549531644,0.6770649043422208,0.5613656915949233,-0.3612432116184818,-0.0838301497202194
50.3,5.4,2013.0,7.0,2.0,5.777777777777777,37.37007525453741,28.52921646746348,64.11509517485612,51.0938468348827,325.16368177116027,-0.4601635867578477,-0.0703927171040178,0.6016561388652499,0.3863407549531644,0.6770649043422208,0.5613656915949233,-0.3612432116184818,-0.0838301497202194
50.3,7.0,2013.0,7.0,2.0,12.0,21.0,23.0,72.0,55.0,485.77835,-1.3250278697799955,0.9888148539913492,0.4726926266867226,0.5374026291505577,0.3259352516207239,0.0268605120026998,-0.5777935580158428,-0.0483231250835726
50.3,7.7,2013.0,7.0,2.0,5.777777777777777,37.37007525453741,28.52921646746348,64.11509517485612,51.0938468348827,325.16368177116027,-0.032252712587879484,1.06523424431195,0.805460557480715,0.8370268521674502,0.7410792506597359,-0.22664738709089427,-0.8941415412163853,-0.044065451914869054
50.3,9.7,2013.0,7.0,2.0,5.777777777777777,37.37007525453741,28.52921646746348,64.11509517485612,51.0938468348827,325.16368177116027,-0.4601635867578477,-0.0703927171040178,0.6016561388652499,0.3863407549531644,0.6770649043422208,0.5613656915949233,-0.3612432116184818,-0.0838301497202194
50.3,10.9,2013.0,7.0,2.0,12.0,21.0,15.0,69.0,70.0,340.18787,-1.456360200187885,0.8941262452445213,0.44115123231711106,0.63525154875313,0.9548880757357515,0.076450114960511,0.4013328170486371,-0.05814062749463006
50.3,12.5,2013.0,7.0,2.0,12.0,21.0,12.0,68.0,75.0,609.7059,-1.2901258412164691,1.1071842148752522,0.5649470003452216,0.5600945845328179,0.4034206502867175,0.3585724461070785,0.1361655463652289,-0.3409144066773187
50.3,13.3,2013.0,7.0,2.0,5.777777777777777,37.37007525453741,28.52921646746348,64.11509517485612,51.0938468348827,325.16368177116027,-0.4601635867578477,-0.0703927171040178,0.6016561388652499,0.3863407549531644,0.6770649043422208,0.5613656915949233,-0.3612432116184818,-0.0838301497202194
50.3,15.6,2013.0,7.0,2.0,0.0,53.0,4.0,110.0,60.0,266.8078,0.305459347913874,-1.169694382719332,0.0788587961716241,-0.4824473321317438,0.0920401646322904,0.2813033615723328,-0.72995210545119,-0.5313163907353988
50.4,3.8,2013.0,7.0,2.0,6.0,37.0,25.5,95.5,66.5,74.1429555,-0.4871282192740399,-0.1930004196924816,0.0980443021180847,-0.0289078229010284,0.2099586012679941,0.0107904091706393,-0.6795293959948122,-0.2996365086299224
50.4,4.5,2013.0,7.0,2.0,1.0,43.0,33.0,98.5,50.5,182.68183,0.2793101941706497,-1.1567432645227167,-0.1626626706900695,-0.6407087813794281,0.4915157014881991,-0.0865166018498589,-0.7758271106237343,-0.5313163907353988
50.4,6.5,2013.0,7.0,2.0,5.777777777777777,37.37007525453741,28.52921646746348,64.11509517485612,51.0938468348827,325.16368177116027,-0.24470782162364482,-0.8850368362219616,0.6586930959034134,0.2512482898919025,0.4536387008887425,1.1212125841219351,-0.25778773376538383,0.4790097668061436
50.4,6.6,2013.0,7.0,2.0,5.777777777777777,37.37007525453741,28.52921646746348,64.11509517485612,51.0938468348827,325.16368177116027,0.029759278633465946,0.026472236505097363,0.8358074316243574,1.0668171357282041,0.5787480667606175,-0.3065577537296189,-0.5955275013210801,-0.4741243247753001
50.4,7.8,2013.0,7.0,2.0,0.0,53.0,15.0,114.0,84.0,266.861,0.3516786463431344,-1.2391061675173984,0.1036988685274985,-0.14099063994304345,0.38665350754716693,0.7625410401208995,-0.7555703491437353,-0.7636738696641028
50.4,8.6,2013.0,7.0,2.0,5.777777777777777,37.37007525453741,28.52921646746348,64.11509517485612,51.0938468348827,325.16368177116027,-0.4601635867578477,-0.0703927171040178,0.6016561388652499,0.3863407549531644,0.6770649043422208,0.5613656915949233,-0.3612432116184818,-0.0838301497202194
50.4,9.2,2013.0,7.0,2.0,12.0,21.0,20.0,71.0,64.0,347.1377,-1.309751227821511,1.0365765199449737,0.5630940580077965,0.5861854879650379,0.3616048136872002,0.0971747625000379,-0.5301765255011385,-0.0164245613001294
50.4,11.3,2013.0,7.0,2.0,0.0,53.0,10.0,112.0,75.0,618.4306,0.542968946486264,-1.4707581350816086,0.37390684331386764,-1.2024166331705999,1.0844388631086093,1.3727281722431421,0.4847660341206473,1.587940195832807
50.4,14.0,2013.0,7.0,2.0,10.0,41.0,0.0,109.0,3.0,237.72255,-1.340933455944337,0.554051210935327,0.6188454676189983,0.7180055601635629,0.2484188022754848,0.2267599264137658,-0.6157731771932562,-0.4063968862715831
50.4,14.4,2013.0,7.0,2.0,5.777777777777777,37.37007525453741,28.52921646746348,64.11509517485612,51.0938468348827,325.16368177116027,-0.4601635867578477,-0.0703927171040178,0.6016561388652499,0.3863407549531644,0.6770649043422208,0.5613656915949233,-0.3612432116184818,-0.0838301497202194
50.4,15.1,2013.0,7.0,2.0,0.0,53.0,4.0,110.0,62.0,260.06775,0.7155395581050855,-0.9722759143271272,-0.26632608394305574,-0.21914711935886136,-0.37810559679237815,0.09330783680195825,-0.7964158559358518,-0.45502228644824666
50.4,16.0,2013.0,7.0,2.0,12.0,21.0,10.0,67.0,84.0,334.4995,-1.26009249361938,1.1762779424287797,0.6939460261819944,0.6600910062792376,0.4980636234713972,0.3531035585092488,-0.4220088556555521,0.0263622950921226
50.5,6.0,2013.0,7.0,2.0,5.777777777777777,37.37007525453741,28.52921646746348,64.11509517485612,51.0938468348827,325.16368177116027,-0.4601635867578477,-0.0703927171040178,0.6016561388652499,0.3863407549531644,0.6770649043422208,0.5613656915949233,-0.3612432116184818,-0.0838301497202194
50.5,7.4,2013.0,7.0,2.0,12.0,21.0,25.0,73.0,57.0,192.92091,-1.3183774189926818,0.9961249012855412,0.5275125299598094,0.5483811748239305,0.2294299919488382,-0.0155249307602629,-0.5767454349394757,-0.0171470923843134
50.5,10.8,2013.0,7.0,2.0,5.777777777777777,37.37007525453741,28.52921646746348,64.11509517485612,51.0938468348827,325.16368177116027,0.21909862571248578,-0.6468154061666461,0.8503160431857966,-0.6427703794377613,0.43475193958888647,1.2782759654568996,-1.267066259761699,0.18438405040354655
50.5,11.6,2013.0,7.0,2.0,5.777777777777777,37.37007525453741,28.52921646746348,64.11509517485612,51.0938468348827,325.16368177116027,-0.5619378931438508,0.4927911667351424,1.2220697414480188,0.5604886469283539,0.7342607728467457,-0.17058085845007864,-0.633278200620145,-0.5127288661175907
50.5,12.9,2013.0,7.0,2.0,0.0,53.0,7.0,111.0,70.0,852.57764,0.3182732623779911,-1.1990589348162406,0.0382934574562935,-0.3598477847216428,0.1679234991027291,0.3222986455323681,-0.5275137764399146,0.5455159545293653
50.6,9.9,2013.0,7.0,2.0,4.666666666666667,35.666666666666664,18.33333333333333,85.33333333333333,49.66666666666666,486.72667666666666,-0.5814470436573524,-0.0045585249967123875,-0.7903740979062128,-0.011851936515160623,-0.4107542000182098,0.059332907710538674,-0.3947646189312304,0.2699645415726284
50.6,14.7,2013.0,7.0,2.0,10.0,41.0,0.0,109.0,4.0,340.28876,-1.3385081957783496,0.5705392638142835,0.592682727441635,0.7204039625651747,0.252932364209732,0.1973304457051982,-0.7309381467124062,-0.4474812559429842
50.7,11.5,2013.0,7.0,2.0,5.777777777777777,37.37007525453741,28.52921646746348,64.11509517485612,51.0938468348827,325.16368177116027,0.07916780933989026,0.04381723888686011,0.7871545023458024,0.26553349339149573,2.091380497176875,0.047343274525993184,-1.425253651899052,0.7608301105425432
50.7,12.2,2013.0,7.0,2.0,5.777777777777777,37.37007525453741,28.52921646746348,64.11509517485612,51.0938468348827,325.16368177116027,-0.4758965932735683,-0.2024926515388924,-0.01922791295751991,0.7932350617790122,0.682276031167408,0.1678219264430692,-0.7231269635102598,0.636296038473332
50.7,16.2,2013.0,7.0,2.0,0.0,52.0,56.0,107.0,58.0,591.599,0.2936135010566563,-1.1632916732584089,0.1042541765331587,-0.4785590130867037,0.1127032225553933,0.3761852511824742,-0.7260864315604377,-0.5313163907353988
50.8,2.7,2013.0,7.0,2.0,5.777777777777777,37.37007525453741,28.52921646746348,64.11509517485612,51.0938468348827,325.16368177116027,-0.4601635867578477,-0.0703927171040178,0.6016561388652499,0.3863407549531644,0.6770649043422208,0.5613656915949233,-0.3612432116184818,-0.0838301497202194
50.8,9.1,2013.0,7.0,2.0,5.777777777777777,37.37007525453741,28.52921646746348,64.11509517485612,51.0938468348827,325.16368177116027,-0.4601635867578477,-0.0703927171040178,0.6016561388652499,0.3863407549531644,0.6770649043422208,0.5613656915949233,-0.3612432116184818,-0.0838301497202194
50.8,9.9,2013.0,7.0,2.0,12.0,21.0,25.0,73.0,67.0,351.06198,-1.3109978492786871,1.3595720513861191,0.9432313131228789,1.0982808268714377,0.5283136618923034,-0.11734160054501497,-0.6450370882717944,-0.333717535203053
50.8,12.2,2013.0,7.0,2.0,5.777777777777777,37.37007525453741,28.52921646746348,64.11509517485612,51.0938468348827,325.16368177116027,0.11449903524707222,-0.09134683167053743,0.39058368853715514,0.920057019747019,0.8989848303307002,0.6362662493898928,-0.21751948517212394,0.14740859705501197
50.9,7.3,2013.0,7.0,2.0,5.777777777777777,37.37007525453741,28.52921646746348,64.11509517485612,51.0938468348827,325.16368177116027,-1.1485735138346227,0.2069985774503042,0.10442629601044329,-0.19048366249640075,0.14563390471186832,0.3239510038941034,0.2642101152612459,0.8025117159941639
50.9,16.5,2013.0,7.0,2.0,5.777777777777777,37.37007525453741,28.52921646746348,64.11509517485612,51.0938468348827,325.16368177116027,-0.4601635867578477,-0.0703927171040178,0.6016561388652499,0.3863407549531644,0.6770649043422208,0.5613656915949233,-0.3612432116184818,-0.0838301497202194
50.9,19.1,2013.0,7.0,2.0,5.777777777777777,37.37007525453741,28.52921646746348,64.11509517485612,51.0938468348827,325.16368177116027,-0.779463009927403,-0.4266751291695936,-0.08796418441842624,0.018273028639610223,0.6963407713167751,0.1905927401313504,-0.9866312218992863,-0.9794300126270931
51.0,6.9,2013.0,7.0,2.0,5.777777777777777,37.37007525453741,28.52921646746348,64.11509517485612,51.0938468348827,325.16368177116027,-0.5801905340724753,0.08774634586887213,0.6084706561837252,0.4349599851700887,-0.10112290257701528,0.09261608690642076,-1.0662881986788684,0.06990221323844734
51.0,10.1,2013.0,7.0,2.0,6.0,37.0,15.0,91.5,73.5,307.922675,-0.485238477428616,-0.090535854621056,0.2958539529093952,0.1283607523558181,0.4164923576927284,0.5280741427395153,-0.3083674132537887,0.4907701758650957
51.0,11.4,2013.0,7.0,2.0,5.777777777777777,37.37007525453741,28.52921646746348,64.11509517485612,51.0938468348827,325.16368177116027,-0.5015296442320739,0.6455596116988246,0.03171815427799285,0.2501114093034551,0.36226230332617854,0.42796165350911575,-0.9510123489536009,-0.25622603317626236
51.0,11.7,2013.0,7.0,2.0,5.777777777777777,37.37007525453741,28.52921646746348,64.11509517485612,51.0938468348827,325.16368177116027,0.1096750981867382,0.9179031498906578,-0.06692547940585103,-0.4786805486145986,0.9720528739664319,0.31658399167900414,-0.16653228483449042,0.551362711100053
51.0,19.0,2013.0,7.0,2.0,0.0,52.0,45.0,103.0,47.0,222.86217,1.0353170574598556,-0.3309257252683533,0.39202812473440896,-0.641556453454827,1.0837074244711347,1.751944291970948,-0.3666404285970661,-0.9083337023910061
51.1,7.2,2013.0,7.0,2.0,5.777777777777777,37.37007525453741,28.52921646746348,64.11509517485612,51.0938468348827,325.16368177116027,-0.7353675284491024,0.25887726343468925,0.40159794957438616,0.1986802259491621,0.5277245188650479,0.6468850544135639,-0.15097940572491467,-0.6289078318980392
51.1,11.1,2013.0,7.0,2.0,5.777777777777777,37.37007525453741,28.52921646746348,64.11509517485612,51.0938468348827,325.16368177116027,0.48701194003863385,0.27917209484863087,0.9132740664659915,0.6164033278196918,-0.01740199915679186,-0.12855403835446677,-0.005133384524787288,-0.0349214015942713
51.2,5.5,2013.0,7.0,2.0,5.777777777777777,37.37007525453741,28.52921646746348,64.11509517485612,51.0938468348827,325.16368177116027,-0.4601635867578477,-0.0703927171040178,0.6016561388652499,0.3863407549531644,0.6770649043422208,0.5613656915949233,-0.3612432116184818,-0.0838301497202194
51.2,6.4,2013.0,7.0,2.0,5.777777777777777,37.37007525453741,28.52921646746348,64.11509517485612,51.0938468348827,325.16368177116027,-0.4601635867578477,-0.0703927171040178,0.6016561388652499,0.3863407549531644,0.6770649043422208,0.5613656915949233,-0.3612432116184818,-0.0838301497202194
51.2,10.3,2013.0,7.0,2.0,12.0,21.0,31.0,75.0,69.0,344.72275,-1.287212139326046,1.0540170119943484,0.4904919504986835,0.5570905249590777,0.216732149806291,0.0840856100175378,-0.6576471838458052,-0.3060050315529065
51.2,11.9,2013.0,7.0,2.0,6.0,36.5,42.0,90.5,74.0,163.43727,-0.483875735596451,-0.0626684473597235,0.4593801423228046,0.2950355872672039,0.4667639730915016,0.701553828244227,0.1247039707093892,0.9545402688338466
51.3,9.1,2013.0,7.0,2.0,12.0,21.0,36.0,77.0,65.0,295.40564,-1.2907580032046464,1.027275120438066,0.4652093579316024,0.5393286189579117,0.1378098715298772,0.094705917617441,-0.6293039539393371,-0.126326010519141
51.5,-2.1,2013.0,7.0,2.0,5.777777777777777,37.37007525453741,28.52921646746348,64.11509517485612,51.0938468348827,325.16368177116027,-0.4601635867578477,-0.0703927171040178,0.6016561388652499,0.3863407549531644,0.6770649043422208,0.5613656915949233,-0.3612432116184818,-0.0838301497202194
51.7,4.6,2013.0,7.0,2.0,5.777777777777777,37.37007525453741,28.52921646746348,64.11509517485612,51.0938468348827,325.16368177116027,-0.4601635867578477,-0.0703927171040178,0.6016561388652499,0.3863407549531644,0.6770649043422208,0.5613656915949233,-0.3612432116184818,-0.0838301497202194
51.7,11.2,2013.0,7.0,2.0,5.777777777777777,37.37007525453741,28.52921646746348,64.11509517485612,51.0938468348827,325.16368177116027,-0.4601635867578477,-0.0703927171040178,0.6016561388652499,0.3863407549531644,0.6770649043422208,0.5613656915949233,-0.3612432116184818,-0.0838301497202194
51.7,12.8,2013.0,7.0,2.0,5.777777777777777,37.37007525453741,28.52921646746348,64.11509517485612,51.0938468348827,325.16368177116027,-0.4601635867578477,-0.0703927171040178,0.6016561388652499,0.3863407549531644,0.6770649043422208,0.5613656915949233,-0.3612432116184818,-0.0838301497202194
51.7,14.1,2013.0,7.0,2.0,5.777777777777777,37.37007525453741,28.52921646746348,64.11509517485612,51.0938468348827,325.16368177116027,-1.0858333427846087,-0.22521456788756639,1.099088796179112,0.4182609710145489,0.7291676214394752,0.0834859648349131,-0.03771156123416469,0.033116018297367864
51.7,14.4,2013.0,7.0,2.0,5.777777777777777,37.37007525453741,28.52921646746348,64.11509517485612,51.0938468348827,325.16368177116027,-0.8550215847614713,0.46493740464854144,0.4633169459399731,0.8625200541990452,0.17194400263803988,0.1606252079026695,-0.7644475572526145,-0.21755267068845338
51.8,11.8,2013.0,7.0,2.0,10.0,41.0,32.0,121.0,2.0,73.99088,-1.3032593740312663,0.5143173867414816,0.3738774273063013,0.685787828778132,0.4498433014272196,0.1846458167929883,0.8011890003895112,-0.4085778549774826
51.9,9.5,2013.0,7.0,2.0,4.666666666666667,35.333333333333336,31.666666666666668,83.0,51.0,222.15112666666664,-0.2800359807869147,-0.3936868186815898,0.1406272332100677,-0.0267476456537854,0.4792061814030962,0.5317284736585636,-0.0730404817894828,-0.3644862396834908
52.0,6.3,2013.0,7.0,2.0,5.777777777777777,37.37007525453741,28.52921646746348,64.11509517485612,51.0938468348827,325.16368177116027,-0.4601635867578477,-0.0703927171040178,0.6016561388652499,0.3863407549531644,0.6770649043422208,0.5613656915949233,-0.3612432116184818,-0.0838301497202194
52.0,8.2,2013.0,7.0,2.0,5.777777777777777,37.37007525453741,28.52921646746348,64.11509517485612,51.0938468348827,325.16368177116027,-0.4601635867578477,-0.0703927171040178,0.6016561388652499,0.3863407549531644,0.6770649043422208,0.5613656915949233,-0.3612432116184818,-0.0838301497202194
52.0,14.2,2013.0,7.0,2.0,12.0,21.0,39.0,78.0,81.0,64.38154,-1.24364484337181,1.1264851830787672,0.6648095149598409,0.768402697227479,0.1293300190258625,0.6903825136677811,1.1660761324686226,0.802420692630985
52.0,21.6,2013.0,7.0,2.0,10.0,40.0,53.0,106.0,19.0,143.88354,-1.317068971727259,0.7366713945735797,0.7273241641026496,0.996716877631754,0.2916298326342574,0.7287684642114659,0.0323180902031467,-0.5313163907353988
52.1,15.8,2013.0,7.0,2.0,5.777777777777777,37.37007525453741,28.52921646746348,64.11509517485612,51.0938468348827,325.16368177116027,-0.4601635867578477,-0.0703927171040178,0.6016561388652499,0.3863407549531644,0.6770649043422208,0.5613656915949233,-0.3612432116184818,-0.0838301497202194
52.4,13.5,2013.0,7.0,2.0,2.0,32.0,36.0,55.0,1.0,42.599846,0.0856480093430358,-0.9325820815592092,0.3006781487069164,-0.0985204431792113,0.7150201249421381,1.549521375284099,1.049889405167421,2.7227318995398395
52.4,15.0,2013.0,7.0,2.0,5.777777777777777,37.37007525453741,28.52921646746348,64.11509517485612,51.0938468348827,325.16368177116027,-0.4601635867578477,-0.0703927171040178,0.6016561388652499,0.3863407549531644,0.6770649043422208,0.5613656915949233,-0.3612432116184818,-0.0838301497202194
52.4,18.2,2013.0,7.0,2.0,0.0,52.0,24.0,95.0,53.0,97.731155,0.2490269394932709,-1.145134441602026,0.1424378801245713,-0.3022845119971488,0.6867516871262195,0.9259957293682682,-0.6642470928084017,-0.4323084046841399
52.5,11.9,2013.0,7.0,2.0,5.777777777777777,37.37007525453741,28.52921646746348,64.11509517485612,51.0938468348827,325.16368177116027,-0.4601635867578477,-0.0703927171040178,0.6016561388652499,0.3863407549531644,0.6770649043422208,0.5613656915949233,-0.3612432116184818,-0.0838301497202194
52.5,14.2,2013.0,7.0,2.0,5.777777777777777,37.37007525453741,28.52921646746348,64.11509517485612,51.0938468348827,325.16368177116027,-0.4601635867578477,-0.0703927171040178,0.6016561388652499,0.3863407549531644,0.6770649043422208,0.5613656915949233,-0.3612432116184818,-0.0838301497202194
52.5,16.6,2013.0,7.0,2.0,5.777777777777777,37.37007525453741,28.52921646746348,64.11509517485612,51.0938468348827,325.16368177116027,-0.4601635867578477,-0.0703927171040178,0.6016561388652499,0.3863407549531644,0.6770649043422208,0.5613656915949233,-0.3612432116184818,-0.0838301497202194
52.5,21.4,2013.0,7.0,2.0,5.777777777777777,37.37007525453741,28.52921646746348,64.11509517485612,51.0938468348827,325.16368177116027,-0.4601635867578477,-0.0703927171040178,0.6016561388652499,0.3863407549531644,0.6770649043422208,0.5613656915949233,-0.3612432116184818,-0.0838301497202194
52.6,8.2,2013.0,7.0,2.0,5.777777777777777,37.37007525453741,28.52921646746348,64.11509517485612,51.0938468348827,325.16368177116027,-0.4601635867578477,-0.0703927171040178,0.6016561388652499,0.3863407549531644,0.6770649043422208,0.5613656915949233,-0.3612432116184818,-0.0838301497202194
52.7,13.3,2013.0,7.0,2.0,5.777777777777777,37.37007525453741,28.52921646746348,64.11509517485612,51.0938468348827,325.16368177116027,-0.4601635867578477,-0.0703927171040178,0.6016561388652499,0.3863407549531644,0.6770649043422208,0.5613656915949233,-0.3612432116184818,-0.0838301497202194
52.9,9.5,2013.0,7.0,2.0,5.777777777777777,37.37007525453741,28.52921646746348,64.11509517485612,51.0938468348827,325.16368177116027,-0.4601635867578477,-0.0703927171040178,0.6016561388652499,0.3863407549531644,0.6770649043422208,0.5613656915949233,-0.3612432116184818,-0.0838301497202194
53.0,2.8,2013.0,7.0,2.0,12.0,22.0,18.0,93.0,43.0,0.0,-1.2831950907336689,0.8807528106615654,-0.0558188937090301,-0.2039855454184667,1.0916673784126558,0.8708891671648479,-0.0245464379737552,0.6255664711179186
53.0,15.2,2013.0,7.0,2.0,5.777777777777777,37.37007525453741,28.52921646746348,64.11509517485612,51.0938468348827,325.16368177116027,-0.4601635867578477,-0.0703927171040178,0.6016561388652499,0.3863407549531644,0.6770649043422208,0.5613656915949233,-0.3612432116184818,-0.0838301497202194
53.2,16.0,2013.0,7.0,2.0,5.777777777777777,37.37007525453741,28.52921646746348,64.11509517485612,51.0938468348827,325.16368177116027,-0.4601635867578477,-0.0703927171040178,0.6016561388652499,0.3863407549531644,0.6770649043422208,0.5613656915949233,-0.3612432116184818,-0.0838301497202194
53.3,6.8,2013.0,7.0,2.0,0.0,52.0,27.0,96.0,87.0,-0.6793128,0.2903478927943321,-1.2722588465779243,-0.1735562596765419,-0.4654364410240118,0.0827171667610762,-0.0105977971835985,0.0419667594420789,-0.5313163907353988
53.3,11.6,2013.0,7.0,2.0,5.777777777777777,37.37007525453741,28.52921646746348,64.11509517485612,51.0938468348827,325.16368177116027,-0.4601635867578477,-0.0703927171040178,0.6016561388652499,0.3863407549531644,0.6770649043422208,0.5613656915949233,-0.3612432116184818,-0.0838301497202194
53.7,19.1,2013.0,7.0,2.0,5.777777777777777,37.37007525453741,28.52921646746348,64.11509517485612,51.0938468348827,325.16368177116027,-0.4601635867578477,-0.0703927171040178,0.6016561388652499,0.3863407549531644,0.6770649043422208,0.5613656915949233,-0.3612432116184818,-0.0838301497202194
53.8,8.7,2013.0,7.0,2.0,5.777777777777777,37.37007525453741,28.52921646746348,64.11509517485612,51.0938468348827,325.16368177116027,-0.4601635867578477,-0.0703927171040178,0.6016561388652499,0.3863407549531644,0.6770649043422208,0.5613656915949233,-0.3612432116184818,-0.0838301497202194
54.2,10.6,2013.0,7.0,2.0,5.777777777777777,37.37007525453741,28.52921646746348,64.11509517485612,51.0938468348827,325.16368177116027,-1.0309838451601558,-0.004308656649024675,1.795548289909122,-0.04511648473970181,0.414558508471237,-0.007539398877085435,0.4693219745175971,0.0519605585728278
54.3,10.5,2013.0,7.0,2.0,5.777777777777777,37.37007525453741,28.52921646746348,64.11509517485612,51.0938468348827,325.16368177116027,-0.34711906043455754,0.7237943615626529,0.7357021644652082,-0.415923093519419,0.8947970173407338,0.1281781188726392,-0.6599573622377242,-0.45042151346320214
55.9,11.6,2013.0,7.0,2.0,5.777777777777777,37.37007525453741,28.52921646746348,64.11509517485612,51.0938468348827,325.16368177116027,-0.4601635867578477,-0.0703927171040178,0.6016561388652499,0.3863407549531644,0.6770649043422208,0.5613656915949233,-0.3612432116184818,-0.0838301497202194
57.0,12.3,2013.0,7.0,2.0,2.0,31.0,35.0,32.0,8.0,5.8170123,0.0271833289519335,-0.9490696438062688,-0.2513899081872454,-0.2178720530609353,0.1525815470545047,-0.0641941728108189,1.069927779240402,-0.0884171915853335
