lat,lon,year,month,day,hour,minute,second,atrack,xtrack,surf_alt,solar_zenith_angle,solar_azimuth_angle,surf_air_temp_masked,surf_temp_masked,surf_spec_hum_masked,h2o_vap_tot_masked,cloud_liquid_water_masked,atmosphere_mass_content_of_cloud_ice_masked
27.7,19.5,2013.0,7.0,11.0,8.017482517482517,29.173892773892774,29.049883449883453,64.22657342657342,42.739627039627045,344.28421603443354,-0.8121242937467013,0.3246092273252611,0.7274135572559701,0.6291587293936992,1.01119138829764,1.0702757567941206,-0.0972361703871966,0.4986738375667094
28.9,23.9,2013.0,7.0,11.0,8.017482517482517,29.173892773892774,29.049883449883453,64.22657342657342,42.739627039627045,344.28421603443354,-0.8121242937467013,0.3246092273252611,0.7274135572559701,0.6291587293936992,1.01119138829764,1.0702757567941206,-0.0972361703871966,0.4986738375667094
29.7,22.6,2013.0,7.0,11.0,8.017482517482517,29.173892773892774,29.049883449883453,64.22657342657342,42.739627039627045,344.28421603443354,-0.8121242937467013,0.3246092273252611,0.7274135572559701,0.6291587293936992,1.01119138829764,1.0702757567941206,-0.0972361703871966,0.4986738375667094
30.4,22.8,2013.0,7.0,11.0,8.017482517482517,29.173892773892774,29.049883449883453,64.22657342657342,42.739627039627045,344.28421603443354,-0.8121242937467013,0.3246092273252611,0.7274135572559701,0.6291587293936992,1.01119138829764,1.0702757567941206,-0.0972361703871966,0.4986738375667094
30.7,22.0,2013.0,7.0,11.0,8.017482517482517,29.173892773892774,29.049883449883453,64.22657342657342,42.739627039627045,344.28421603443354,-0.8121242937467013,0.3246092273252611,0.7274135572559701,0.6291587293936992,1.01119138829764,1.0702757567941206,-0.0972361703871966,0.4986738375667094
31.7,13.1,2013.0,7.0,11.0,1.0,29.0,30.0,120.0,9.0,671.8391,0.6245663797593047,-1.0527375510674362,0.9988799128896606,0.4963834877398151,0.537973928913019,0.6711725963649667,-0.7758271106237343,-0.5313163907353988
31.8,7.1,2013.0,7.0,11.0,8.017482517482517,29.173892773892774,29.049883449883453,64.22657342657342,42.739627039627045,344.28421603443354,-0.8121242937467013,0.3246092273252611,0.7274135572559701,0.6291587293936992,1.01119138829764,1.0702757567941206,-0.0972361703871966,0.4986738375667094
31.8,10.3,2013.0,7.0,11.0,8.017482517482517,29.173892773892774,29.049883449883453,64.22657342657342,42.739627039627045,344.28421603443354,-0.8121242937467013,0.3246092273252611,0.7274135572559701,0.6291587293936992,1.01119138829764,1.0702757567941206,-0.0972361703871966,0.4986738375667094
32.0,17.8,2013.0,7.0,11.0,8.017482517482517,29.173892773892774,29.049883449883453,64.22657342657342,42.739627039627045,344.28421603443354,-0.8121242937467013,0.3246092273252611,0.7274135572559701,0.6291587293936992,1.01119138829764,1.0702757567941206,-0.0972361703871966,0.4986738375667094
32.5,-0.2,2013.0,7.0,11.0,12.0,48.0,10.0,0.0,27.0,904.8103,-1.649760356506309,1.2589894036047344,1.9421171886549928,2.423340731484911,-0.3627635341674253,0.6748512325822946,-0.60285435954198,-0.1147316030300407
32.5,18.0,2013.0,7.0,11.0,8.017482517482517,29.173892773892774,29.049883449883453,64.22657342657342,42.739627039627045,344.28421603443354,-0.8121242937467013,0.3246092273252611,0.7274135572559701,0.6291587293936992,1.01119138829764,1.0702757567941206,-0.0972361703871966,0.4986738375667094
32.6,19.9,2013.0,7.0,11.0,8.017482517482517,29.173892773892774,29.049883449883453,64.22657342657342,42.739627039627045,344.28421603443354,-0.8121242937467013,0.3246092273252611,0.7274135572559701,0.6291587293936992,1.01119138829764,1.0702757567941206,-0.0972361703871966,0.4986738375667094
32.7,30.0,2013.0,7.0,11.0,8.017482517482517,29.173892773892774,29.049883449883453,64.22657342657342,42.739627039627045,344.28421603443354,-0.8121242937467013,0.3246092273252611,0.7274135572559701,0.6291587293936992,1.01119138829764,1.0702757567941206,-0.0972361703871966,0.4986738375667094
32.9,6.9,2013.0,7.0,11.0,1.0,29.0,30.0,120.0,34.0,108.00949,0.6635467270169103,-1.1255379780726311,1.9287850671304287,0.8357953820841021,-0.4055795294878966,0.8423926710695886,-0.6589745636348543,-0.5313163907353988
32.9,8.9,2013.0,7.0,11.0,8.017482517482517,29.173892773892774,29.049883449883453,64.22657342657342,42.739627039627045,344.28421603443354,-0.8121242937467013,0.3246092273252611,0.7274135572559701,0.6291587293936992,1.01119138829764,1.0702757567941206,-0.0972361703871966,0.4986738375667094
32.9,11.7,2013.0,7.0,11.0,8.017482517482517,29.173892773892774,29.049883449883453,64.22657342657342,42.739627039627045,344.28421603443354,-0.8121242937467013,0.3246092273252611,0.7274135572559701,0.6291587293936992,1.01119138829764,1.0702757567941206,-0.0972361703871966,0.4986738375667094
32.9,16.4,2013.0,7.0,11.0,8.017482517482517,29.173892773892774,29.049883449883453,64.22657342657342,42.739627039627045,344.28421603443354,-0.8121242937467013,0.3246092273252611,0.7274135572559701,0.6291587293936992,1.01119138829764,1.0702757567941206,-0.0972361703871966,0.4986738375667094
33.0,5.3,2013.0,7.0,11.0,1.0,29.0,33.0,121.0,43.0,180.04256,0.6760096828121389,-1.1448169659671523,1.66591196444847,0.7836281109917886,-1.1638743271886935,0.6016000158542661,0.6662318432296319,0.2265006148488905
33.0,6.9,2013.0,7.0,11.0,8.017482517482517,29.173892773892774,29.049883449883453,64.22657342657342,42.739627039627045,344.28421603443354,-0.8121242937467013,0.3246092273252611,0.7274135572559701,0.6291587293936992,1.01119138829764,1.0702757567941206,-0.0972361703871966,0.4986738375667094
33.0,19.6,2013.0,7.0,11.0,8.017482517482517,29.173892773892774,29.049883449883453,64.22657342657342,42.739627039627045,344.28421603443354,-0.8121242937467013,0.3246092273252611,0.7274135572559701,0.6291587293936992,1.01119138829764,1.0702757567941206,-0.0972361703871966,0.4986738375667094
33.0,20.0,2013.0,7.0,11.0,8.017482517482517,29.173892773892774,29.049883449883453,64.22657342657342,42.739627039627045,344.28421603443354,-0.8121242937467013,0.3246092273252611,0.7274135572559701,0.6291587293936992,1.01119138829764,1.0702757567941206,-0.0972361703871966,0.4986738375667094
33.1,18.0,2013.0,7.0,11.0,8.017482517482517,29.173892773892774,29.049883449883453,64.22657342657342,42.739627039627045,344.28421603443354,-0.8121242937467013,0.3246092273252611,0.7274135572559701,0.6291587293936992,1.01119138829764,1.0702757567941206,-0.0972361703871966,0.4986738375667094
33.2,15.3,2013.0,7.0,11.0,8.017482517482517,29.173892773892774,29.049883449883453,64.22657342657342,42.739627039627045,344.28421603443354,-0.8121242937467013,0.3246092273252611,0.7274135572559701,0.6291587293936992,1.01119138829764,1.0702757567941206,-0.0972361703871966,0.4986738375667094
33.2,21.3,2013.0,7.0,11.0,8.017482517482517,29.173892773892774,29.049883449883453,64.22657342657342,42.739627039627045,344.28421603443354,-0.8121242937467013,0.3246092273252611,0.7274135572559701,0.6291587293936992,1.01119138829764,1.0702757567941206,-0.0972361703871966,0.4986738375667094
33.3,16.0,2013.0,7.0,11.0,8.017482517482517,29.173892773892774,29.049883449883453,64.22657342657342,42.739627039627045,344.28421603443354,-0.8121242937467013,0.3246092273252611,0.7274135572559701,0.6291587293936992,1.01119138829764,1.0702757567941206,-0.0972361703871966,0.4986738375667094
33.3,17.8,2013.0,7.0,11.0,11.0,7.0,19.0,26.0,5.0,0.0,-1.7011479875170925,0.9041660101113694,0.9385817453146128,0.7776183767585245,1.831945993743571,1.4554139971360178,-0.7758271106237343,-0.5313163907353988
33.3,19.2,2013.0,7.0,11.0,11.0,7.0,14.0,24.0,8.0,0.0,-1.6928272432306328,0.9783321355339848,1.129326046410607,0.8572526043781252,3.2229900245700485,1.5361778316903854,0.1276821277909197,-0.3056032290852976
33.4,12.8,2013.0,7.0,11.0,8.017482517482517,29.173892773892774,29.049883449883453,64.22657342657342,42.739627039627045,344.28421603443354,-0.8121242937467013,0.3246092273252611,0.7274135572559701,0.6291587293936992,1.01119138829764,1.0702757567941206,-0.0972361703871966,0.4986738375667094
33.4,20.4,2013.0,7.0,11.0,11.0,7.0,11.0,23.0,11.0,0.0,-1.682261434588084,1.0336492873883705,1.1103333874519845,0.8494493173724745,2.694383763943085,1.0415293031169597,-0.6777276064360551,-0.5313163907353988
33.4,21.1,2013.0,7.0,11.0,11.0,7.0,8.0,22.0,13.0,0.0,-1.6766010689729938,1.0667727053734146,1.1190190546586718,0.8878641329430842,2.6521631371121104,1.0668830524668735,-0.7005448816470408,-0.5313163907353988
33.5,5.5,2013.0,7.0,11.0,1.0,29.0,25.0,118.0,43.0,194.88612,0.6660254111852458,-1.1450739344233052,1.7439711885480804,0.8091771531406861,-0.146298940825781,0.8798728745728355,-0.7758271106237343,-0.5313163907353988
33.5,17.3,2013.0,7.0,11.0,8.017482517482517,29.173892773892774,29.049883449883453,64.22657342657342,42.739627039627045,344.28421603443354,-0.8121242937467013,0.3246092273252611,0.7274135572559701,0.6291587293936992,1.01119138829764,1.0702757567941206,-0.0972361703871966,0.4986738375667094
33.7,6.7,2013.0,7.0,11.0,12.0,48.0,13.0,1.0,66.0,20.61017,-1.5320418456300178,1.4175483857149709,1.7757793606513148,2.531684724149,-1.3426894313870292,0.3268882417227405,0.142086040276596,0.4998622284854536
33.7,9.9,2013.0,7.0,11.0,8.017482517482517,29.173892773892774,29.049883449883453,64.22657342657342,42.739627039627045,344.28421603443354,-0.8121242937467013,0.3246092273252611,0.7274135572559701,0.6291587293936992,1.01119138829764,1.0702757567941206,-0.0972361703871966,0.4986738375667094
33.7,12.3,2013.0,7.0,11.0,8.017482517482517,29.173892773892774,29.049883449883453,64.22657342657342,42.739627039627045,344.28421603443354,-0.8121242937467013,0.3246092273252611,0.7274135572559701,0.6291587293936992,1.01119138829764,1.0702757567941206,-0.0972361703871966,0.4986738375667094
33.7,13.8,2013.0,7.0,11.0,8.017482517482517,29.173892773892774,29.049883449883453,64.22657342657342,42.739627039627045,344.28421603443354,-0.8121242937467013,0.3246092273252611,0.7274135572559701,0.6291587293936992,1.01119138829764,1.0702757567941206,-0.0972361703871966,0.4986738375667094
33.7,17.6,2013.0,7.0,11.0,11.0,7.0,27.0,29.0,5.0,0.0,-1.6922879781772306,0.8888804960124229,0.9978859704510484,0.807355336366936,2.1750348799137886,1.6317125107862176,-0.6901537312020948,-0.5313163907353988
33.8,4.7,2013.0,7.0,11.0,8.017482517482517,29.173892773892774,29.049883449883453,64.22657342657342,42.739627039627045,344.28421603443354,-0.8121242937467013,0.3246092273252611,0.7274135572559701,0.6291587293936992,1.01119138829764,1.0702757567941206,-0.0972361703871966,0.4986738375667094
33.8,6.3,2013.0,7.0,11.0,6.5,38.5,16.5,58.5,51.5,8.14064435,-0.4425650637710892,0.1339640912687644,1.7869861371741695,1.7163292542342212,-1.225835655915683,0.5189167795140625,-0.2021742282931714,0.1642180569021801
33.8,8.3,2013.0,7.0,11.0,6.5,38.5,11.0,56.5,51.0,16.60771,-0.4363688712809662,0.1678451430294478,1.6561220845934224,1.7843942185518988,0.682673362688665,1.1909386632795596,-0.7758271106237343,-0.5313163907353988
33.8,8.7,2013.0,7.0,11.0,8.017482517482517,29.173892773892774,29.049883449883453,64.22657342657342,42.739627039627045,344.28421603443354,-0.8121242937467013,0.3246092273252611,0.7274135572559701,0.6291587293936992,1.01119138829764,1.0702757567941206,-0.0972361703871966,0.4986738375667094
33.8,9.5,2013.0,7.0,11.0,8.017482517482517,29.173892773892774,29.049883449883453,64.22657342657342,42.739627039627045,344.28421603443354,-0.8121242937467013,0.3246092273252611,0.7274135572559701,0.6291587293936992,1.01119138829764,1.0702757567941206,-0.0972361703871966,0.4986738375667094
33.8,11.1,2013.0,7.0,11.0,8.017482517482517,29.173892773892774,29.049883449883453,64.22657342657342,42.739627039627045,344.28421603443354,-0.8121242937467013,0.3246092273252611,0.7274135572559701,0.6291587293936992,1.01119138829764,1.0702757567941206,-0.0972361703871966,0.4986738375667094
33.8,15.8,2013.0,7.0,11.0,1.0,28.0,44.0,103.0,5.0,0.0,0.5582964834806357,-1.0333118765014533,1.0461007385115442,0.8198674060001256,2.182145862594718,1.5039643843231385,-0.6874263776795285,-0.5313163907353988
33.8,17.4,2013.0,7.0,11.0,8.017482517482517,29.173892773892774,29.049883449883453,64.22657342657342,42.739627039627045,344.28421603443354,-0.8121242937467013,0.3246092273252611,0.7274135572559701,0.6291587293936992,1.01119138829764,1.0702757567941206,-0.0972361703871966,0.4986738375667094
33.8,19.0,2013.0,7.0,11.0,1.0,28.0,31.0,98.0,0.0,0.0,0.5225595946824005,-1.000722229223158,0.9659257362320798,0.7608570164057067,1.7022655346674975,0.8064311251580276,-0.7758271106237343,-0.5313163907353988
33.8,20.6,2013.0,7.0,11.0,11.0,7.0,16.0,25.0,12.0,0.0,-1.672972534536305,1.0354646254079694,1.10979563136058,0.8311003276857956,2.660542043480765,1.0757342210633327,-0.6798282666678642,-0.5313163907353988
33.8,27.3,2013.0,7.0,11.0,11.0,6.0,56.0,17.0,40.0,0.0,-1.6007608489272078,1.2901354523861333,1.0607651658580697,0.7402517518671403,2.075466037030535,0.4315679684907421,-0.7758271106237343,-0.5313163907353988
33.9,15.8,2013.0,7.0,11.0,11.0,7.0,38.0,33.0,2.0,0.0,-1.6939804214793308,0.7889289659170952,0.7992747206920225,0.7034431391170024,0.8761776758303124,1.2741806608335586,-0.2817015698119862,0.0440406349889949
33.9,17.4,2013.0,7.0,11.0,8.017482517482517,29.173892773892774,29.049883449883453,64.22657342657342,42.739627039627045,344.28421603443354,-0.8121242937467013,0.3246092273252611,0.7274135572559701,0.6291587293936992,1.01119138829764,1.0702757567941206,-0.0972361703871966,0.4986738375667094
33.9,18.2,2013.0,7.0,11.0,8.017482517482517,29.173892773892774,29.049883449883453,64.22657342657342,42.739627039627045,344.28421603443354,-0.8121242937467013,0.3246092273252611,0.7274135572559701,0.6291587293936992,1.01119138829764,1.0702757567941206,-0.0972361703871966,0.4986738375667094
34.0,12.3,2013.0,7.0,11.0,8.017482517482517,29.173892773892774,29.049883449883453,64.22657342657342,42.739627039627045,344.28421603443354,-0.8121242937467013,0.3246092273252611,0.7274135572559701,0.6291587293936992,1.01119138829764,1.0702757567941206,-0.0972361703871966,0.4986738375667094
34.0,13.9,2013.0,7.0,11.0,8.017482517482517,29.173892773892774,29.049883449883453,64.22657342657342,42.739627039627045,344.28421603443354,-0.8121242937467013,0.3246092273252611,0.7274135572559701,0.6291587293936992,1.01119138829764,1.0702757567941206,-0.0972361703871966,0.4986738375667094
34.0,18.9,2013.0,7.0,11.0,11.0,7.0,27.0,29.0,8.0,0.0,-1.678826694397535,0.950691651658001,0.6952320084455226,0.6379699837245666,0.847035293390453,0.9219529698083532,0.5093427824255584,0.6335647997671298
34.0,22.1,2013.0,7.0,11.0,8.017482517482517,29.173892773892774,29.049883449883453,64.22657342657342,42.739627039627045,344.28421603443354,-0.8121242937467013,0.3246092273252611,0.7274135572559701,0.6291587293936992,1.01119138829764,1.0702757567941206,-0.0972361703871966,0.4986738375667094
34.1,8.0,2013.0,7.0,11.0,12.0,48.0,16.0,2.0,72.0,-14.842227,-1.5087234587438694,1.436059068590089,2.043177066551785,2.7818978528115013,0.4560044098879977,1.0921788079415364,-0.7758271106237343,-0.5313163907353988
34.1,15.9,2013.0,7.0,11.0,1.0,28.0,39.0,101.0,5.0,0.0,0.5518548579500236,-1.0331808409875114,1.0373818391868466,0.8176725044083479,2.1783950159686376,1.250925768474471,-0.6742934816071922,-0.5313163907353988
34.1,16.9,2013.0,7.0,11.0,8.017482517482517,29.173892773892774,29.049883449883453,64.22657342657342,42.739627039627045,344.28421603443354,-0.8121242937467013,0.3246092273252611,0.7274135572559701,0.6291587293936992,1.01119138829764,1.0702757567941206,-0.0972361703871966,0.4986738375667094
34.1,19.1,2013.0,7.0,11.0,8.017482517482517,29.173892773892774,29.049883449883453,64.22657342657342,42.739627039627045,344.28421603443354,-0.8121242937467013,0.3246092273252611,0.7274135572559701,0.6291587293936992,1.01119138829764,1.0702757567941206,-0.0972361703871966,0.4986738375667094
34.1,20.7,2013.0,7.0,11.0,8.017482517482517,29.173892773892774,29.049883449883453,64.22657342657342,42.739627039627045,344.28421603443354,-0.8121242937467013,0.3246092273252611,0.7274135572559701,0.6291587293936992,1.01119138829764,1.0702757567941206,-0.0972361703871966,0.4986738375667094
34.3,14.4,2013.0,7.0,11.0,12.0,48.0,11.0,0.0,91.0,0.0,-1.401225065306816,1.5442275790415627,1.050980824689351,0.8043690427369126,1.9522999350333743,1.4140879526020786,-0.7758271106237343,-0.5313163907353988
34.3,17.6,2013.0,7.0,11.0,8.017482517482517,29.173892773892774,29.049883449883453,64.22657342657342,42.739627039627045,344.28421603443354,-0.8121242937467013,0.3246092273252611,0.7274135572559701,0.6291587293936992,1.01119138829764,1.0702757567941206,-0.0972361703871966,0.4986738375667094
34.3,17.9,2013.0,7.0,11.0,11.0,7.0,35.0,32.0,6.0,0.0,-1.6789241865899382,0.8963393274294377,1.025752611951738,0.8111830896947606,2.39274992307913,1.8300696790855515,-0.3022097784617141,-0.3997584146246197
34.3,20.8,2013.0,7.0,11.0,11.0,7.0,24.0,28.0,13.0,0.0,-1.661068084369581,1.0315731785154152,1.2309669828556018,0.8757509895005942,3.4640690067655746,1.4308762020623884,-0.2440347984890158,-0.5313163907353988
34.4,8.1,2013.0,7.0,11.0,12.0,48.0,21.0,4.0,73.0,499.49237,-1.502102937740049,1.4302336734167904,1.827393875087434,2.5694615808316383,0.2765962502872021,0.8056457968608077,-0.7758271106237343,-0.5313163907353988
34.4,12.9,2013.0,7.0,11.0,8.017482517482517,29.173892773892774,29.049883449883453,64.22657342657342,42.739627039627045,344.28421603443354,-0.8121242937467013,0.3246092273252611,0.7274135572559701,0.6291587293936992,1.01119138829764,1.0702757567941206,-0.0972361703871966,0.4986738375667094
34.4,15.6,2013.0,7.0,11.0,12.0,48.0,11.0,0.0,93.0,0.0,-1.380870873045983,1.5599529446363392,1.006311822916948,0.7938176872556117,1.6597009618510363,1.4347542329519276,-0.7758271106237343,-0.5313163907353988
34.5,12.4,2013.0,7.0,11.0,1.0,28.0,47.0,104.0,14.0,0.0,0.5832855385392142,-1.0719179832796095,1.2133267703965276,0.8321646692229403,3.366114799203076,2.3643709008261222,-0.040585656404755,-0.4319264569062722
34.5,14.0,2013.0,7.0,11.0,8.017482517482517,29.173892773892774,29.049883449883453,64.22657342657342,42.739627039627045,344.28421603443354,-0.8121242937467013,0.3246092273252611,0.7274135572559701,0.6291587293936992,1.01119138829764,1.0702757567941206,-0.0972361703871966,0.4986738375667094
34.5,20.3,2013.0,7.0,11.0,11.0,7.0,30.0,30.0,12.0,0.0,-1.6596385735542838,1.0074511386321474,0.939417583434209,0.7334522406814232,2.1364739590511914,1.025219991839903,0.5660017910807268,0.251831093303897
34.5,21.3,2013.0,7.0,11.0,8.017482517482517,29.173892773892774,29.049883449883453,64.22657342657342,42.739627039627045,344.28421603443354,-0.8121242937467013,0.3246092273252611,0.7274135572559701,0.6291587293936992,1.01119138829764,1.0702757567941206,-0.0972361703871966,0.4986738375667094
34.6,7.2,2013.0,7.0,11.0,12.0,48.0,27.0,6.0,69.0,153.58629,-1.5141204070008487,1.4038923828045629,1.979133739980601,2.618905009735185,0.0839957759052217,0.7671485502059675,-0.7758271106237343,-0.5313163907353988
34.6,14.5,2013.0,7.0,11.0,8.017482517482517,29.173892773892774,29.049883449883453,64.22657342657342,42.739627039627045,344.28421603443354,-0.8121242937467013,0.3246092273252611,0.7274135572559701,0.6291587293936992,1.01119138829764,1.0702757567941206,-0.0972361703871966,0.4986738375667094
34.6,16.1,2013.0,7.0,11.0,6.0,17.5,39.5,67.5,4.0,0.0,-0.5674234258819442,-0.1152139950952939,1.0055797092868852,0.8053469771841699,2.102668317718197,1.2298261631016791,-0.720568362175815,-0.5313163907353988
34.6,17.0,2013.0,7.0,11.0,12.0,48.0,14.0,1.0,95.0,0.0,-1.356075391837496,1.5740312589522527,0.9758117878225758,0.7792043910065928,1.7460474952483775,1.545638913401844,-0.7758271106237343,-0.5313163907353988
34.6,22.5,2013.0,7.0,11.0,8.017482517482517,29.173892773892774,29.049883449883453,64.22657342657342,42.739627039627045,344.28421603443354,-0.8121242937467013,0.3246092273252611,0.7274135572559701,0.6291587293936992,1.01119138829764,1.0702757567941206,-0.0972361703871966,0.4986738375667094
34.7,13.0,2013.0,7.0,11.0,8.017482517482517,29.173892773892774,29.049883449883453,64.22657342657342,42.739627039627045,344.28421603443354,-0.8121242937467013,0.3246092273252611,0.7274135572559701,0.6291587293936992,1.01119138829764,1.0702757567941206,-0.0972361703871966,0.4986738375667094
34.7,13.9,2013.0,7.0,11.0,11.0,7.0,59.0,41.0,0.0,0.0,-1.6769472009684032,0.6927752946799326,0.9655541407307148,0.7676952896504382,1.723764421562933,1.538840076372696,-0.7758271106237343,-0.5313163907353988
34.7,15.7,2013.0,7.0,11.0,1.0,28.0,31.0,98.0,6.0,0.0,0.5451067717128747,-1.0379809749510516,1.0310445749860726,0.8174350867968778,2.253359275475665,1.0215981765879896,-0.7163375009293951,-0.5313163907353988
34.7,16.6,2013.0,7.0,11.0,8.017482517482517,29.173892773892774,29.049883449883453,64.22657342657342,42.739627039627045,344.28421603443354,-0.8121242937467013,0.3246092273252611,0.7274135572559701,0.6291587293936992,1.01119138829764,1.0702757567941206,-0.0972361703871966,0.4986738375667094
34.7,17.6,2013.0,7.0,11.0,8.017482517482517,29.173892773892774,29.049883449883453,64.22657342657342,42.739627039627045,344.28421603443354,-0.8121242937467013,0.3246092273252611,0.7274135572559701,0.6291587293936992,1.01119138829764,1.0702757567941206,-0.0972361703871966,0.4986738375667094
34.7,18.5,2013.0,7.0,11.0,8.017482517482517,29.173892773892774,29.049883449883453,64.22657342657342,42.739627039627045,344.28421603443354,-0.8121242937467013,0.3246092273252611,0.7274135572559701,0.6291587293936992,1.01119138829764,1.0702757567941206,-0.0972361703871966,0.4986738375667094
34.7,21.2,2013.0,7.0,11.0,11.0,7.0,30.0,30.0,15.0,0.0,-1.6483967441097491,1.044116673598947,0.882998510361209,0.6835751612426377,1.3348195905762528,0.8490455459857456,-0.5067308575789518,-0.2412237849588388
34.8,0.8,2013.0,7.0,11.0,12.0,48.0,45.0,13.0,36.0,1022.40656,-1.5972166380189765,1.228469891756046,1.7201004574794094,2.036747335889242,-0.0154465511740137,0.4812420033012651,-0.7758271106237343,-0.5313163907353988
34.8,2.0,2013.0,7.0,11.0,8.017482517482517,29.173892773892774,29.049883449883453,64.22657342657342,42.739627039627045,344.28421603443354,-0.8121242937467013,0.3246092273252611,0.7274135572559701,0.6291587293936992,1.01119138829764,1.0702757567941206,-0.0972361703871966,0.4986738375667094
34.8,4.3,2013.0,7.0,11.0,8.017482517482517,29.173892773892774,29.049883449883453,64.22657342657342,42.739627039627045,344.28421603443354,-0.8121242937467013,0.3246092273252611,0.7274135572559701,0.6291587293936992,1.01119138829764,1.0702757567941206,-0.0972361703871966,0.4986738375667094
34.8,7.8,2013.0,7.0,11.0,12.0,48.0,29.0,7.0,72.0,862.63556,-1.501613746669046,1.411430696588922,1.6921502321667592,2.3427027280453765,0.0060365715304202,0.5567328262005045,-0.7758271106237343,-0.5313163907353988
34.8,10.7,2013.0,7.0,11.0,1.0,28.0,47.0,104.0,20.0,42.68033,0.5932408280856256,-1.090920769947608,1.002798281712989,0.6341704943981054,1.707363377358815,1.919316779517651,-0.7758271106237343,-0.5313163907353988
34.8,12.3,2013.0,7.0,11.0,8.017482517482517,29.173892773892774,29.049883449883453,64.22657342657342,42.739627039627045,344.28421603443354,-0.8121242937467013,0.3246092273252611,0.7274135572559701,0.6291587293936992,1.01119138829764,1.0702757567941206,-0.0972361703871966,0.4986738375667094
34.8,15.4,2013.0,7.0,11.0,11.0,7.0,54.0,39.0,2.0,0.0,-1.6750242233987465,0.7660754548040093,1.008693458040866,0.8043318957636909,2.114338721798106,1.7311770894510272,-0.5844101963381336,-0.5313163907353988
34.8,16.0,2013.0,7.0,11.0,11.0,7.0,51.0,38.0,3.0,0.0,-1.6738564990107956,0.7983206416930856,1.029144302056332,0.8166566154449701,2.410608463538997,1.824621512894834,-0.3119934743795517,-0.3956495202618807
34.8,17.0,2013.0,7.0,11.0,8.017482517482517,29.173892773892774,29.049883449883453,64.22657342657342,42.739627039627045,344.28421603443354,-0.8121242937467013,0.3246092273252611,0.7274135572559701,0.6291587293936992,1.01119138829764,1.0702757567941206,-0.0972361703871966,0.4986738375667094
34.8,19.1,2013.0,7.0,11.0,8.017482517482517,29.173892773892774,29.049883449883453,64.22657342657342,42.739627039627045,344.28421603443354,-0.8121242937467013,0.3246092273252611,0.7274135572559701,0.6291587293936992,1.01119138829764,1.0702757567941206,-0.0972361703871966,0.4986738375667094
34.8,20.7,2013.0,7.0,11.0,8.017482517482517,29.173892773892774,29.049883449883453,64.22657342657342,42.739627039627045,344.28421603443354,-0.8121242937467013,0.3246092273252611,0.7274135572559701,0.6291587293936992,1.01119138829764,1.0702757567941206,-0.0972361703871966,0.4986738375667094
34.8,23.4,2013.0,7.0,11.0,8.017482517482517,29.173892773892774,29.049883449883453,64.22657342657342,42.739627039627045,344.28421603443354,-0.8121242937467013,0.3246092273252611,0.7274135572559701,0.6291587293936992,1.01119138829764,1.0702757567941206,-0.0972361703871966,0.4986738375667094
34.9,10.9,2013.0,7.0,11.0,12.0,48.0,24.0,5.0,83.0,6.9136786,-1.453184668144716,1.4733434130372185,1.3857289564197568,1.5309266920178517,1.6774273797850463,1.4328915218081908,-0.7407219331188648,-0.5313163907353988
34.9,14.4,2013.0,7.0,11.0,1.0,28.0,34.0,99.0,9.0,0.0,0.5563247102256661,-1.0521522640114822,0.9530951175792804,0.7585183721784117,1.6846996500022988,1.7861197049239623,-0.6171131591780645,-0.5313163907353988
34.9,15.7,2013.0,7.0,11.0,1.0,28.0,28.0,97.0,6.0,0.0,0.5418959098291942,-1.0379294586018466,1.0284937581704745,0.8110054302576029,2.2555021494773477,0.923484399084926,-0.7185159791682575,-0.5313163907353988
34.9,17.8,2013.0,7.0,11.0,8.017482517482517,29.173892773892774,29.049883449883453,64.22657342657342,42.739627039627045,344.28421603443354,-0.8121242937467013,0.3246092273252611,0.7274135572559701,0.6291587293936992,1.01119138829764,1.0702757567941206,-0.0972361703871966,0.4986738375667094
34.9,19.4,2013.0,7.0,11.0,8.017482517482517,29.173892773892774,29.049883449883453,64.22657342657342,42.739627039627045,344.28421603443354,-0.8121242937467013,0.3246092273252611,0.7274135572559701,0.6291587293936992,1.01119138829764,1.0702757567941206,-0.0972361703871966,0.4986738375667094
34.9,21.8,2013.0,7.0,11.0,8.017482517482517,29.173892773892774,29.049883449883453,64.22657342657342,42.739627039627045,344.28421603443354,-0.8121242937467013,0.3246092273252611,0.7274135572559701,0.6291587293936992,1.01119138829764,1.0702757567941206,-0.0972361703871966,0.4986738375667094
35.0,13.8,2013.0,7.0,11.0,11.0,8.0,4.0,43.0,0.0,0.0,-1.670407939987956,0.6870169934185745,0.963660917038127,0.7558340995915537,1.6117144627355893,1.5648021749578271,-0.7758271106237343,-0.5313163907353988
35.0,16.5,2013.0,7.0,11.0,8.017482517482517,29.173892773892774,29.049883449883453,64.22657342657342,42.739627039627045,344.28421603443354,-0.8121242937467013,0.3246092273252611,0.7274135572559701,0.6291587293936992,1.01119138829764,1.0702757567941206,-0.0972361703871966,0.4986738375667094
35.0,18.9,2013.0,7.0,11.0,11.0,7.0,43.0,35.0,9.0,0.0,-1.6575981469299603,0.9373620416171978,0.8238755513230002,0.6869361547764772,1.5850762484356746,1.216906170282271,0.6303395758356163,0.4944555943937347
35.0,22.3,2013.0,7.0,11.0,11.0,7.0,30.0,30.0,19.0,0.0,-1.634642135228054,1.084070668856656,1.0866257958717176,0.7564801339084894,3.2092681385686666,1.540621335444451,0.2955797914561529,-0.155740293937346
35.1,0.9,2013.0,7.0,11.0,6.5,38.5,29.5,63.5,53.0,837.7034,-0.4597729922302884,0.0089144091307112,1.3908210232291038,0.9887472367894932,0.0966349108930826,0.3713818595935644,-0.7758271106237343,-0.5313163907353988
35.1,5.8,2013.0,7.0,11.0,6.5,38.0,47.5,59.0,53.5,497.52885,-0.4471068973964295,0.1058896250810206,1.5082013956865,1.5490923694671026,0.4119654075101427,0.7723292929539547,-0.7758271106237343,-0.5313163907353988
35.1,7.4,2013.0,7.0,11.0,8.017482517482517,29.173892773892774,29.049883449883453,64.22657342657342,42.739627039627045,344.28421603443354,-0.8121242937467013,0.3246092273252611,0.7274135572559701,0.6291587293936992,1.01119138829764,1.0702757567941206,-0.0972361703871966,0.4986738375667094
35.1,12.0,2013.0,7.0,11.0,6.5,38.0,33.0,53.5,51.0,0.0,-1.0606715402225202,0.15983067619040683,1.112442442385646,0.4608161518043602,2.5988814065702464,2.350035473267263,0.09110270912217436,-0.9454940116808472
35.1,12.1,2013.0,7.0,11.0,8.017482517482517,29.173892773892774,29.049883449883453,64.22657342657342,42.739627039627045,344.28421603443354,-1.0841092801109764,-0.05178856137429133,-0.21090053264182174,1.1708582664866543,1.5771648251608164,0.936909668674001,-0.37524393767018904,1.1992082304323985
35.1,12.2,2013.0,7.0,11.0,8.017482517482517,29.173892773892774,29.049883449883453,64.22657342657342,42.739627039627045,344.28421603443354,0.28609771647776516,0.32329644739990243,0.06441711517001947,0.21662716321665582,1.8036981175793803,1.7309934171962231,-0.9385151928023031,0.24136646263385403
35.1,14.0,2013.0,7.0,11.0,8.017482517482517,29.173892773892774,29.049883449883453,64.22657342657342,42.739627039627045,344.28421603443354,-0.8121242937467013,0.3246092273252611,0.7274135572559701,0.6291587293936992,1.01119138829764,1.0702757567941206,-0.0972361703871966,0.4986738375667094
35.1,16.0,2013.0,7.0,11.0,8.017482517482517,29.173892773892774,29.049883449883453,64.22657342657342,42.739627039627045,344.28421603443354,-0.8121242937467013,0.3246092273252611,0.7274135572559701,0.6291587293936992,1.01119138829764,1.0702757567941206,-0.0972361703871966,0.4986738375667094
35.1,16.9,2013.0,7.0,11.0,6.5,38.0,21.0,49.0,49.5,0.0,-0.4133549945963187,0.2683686824550122,0.9667343844369476,0.7754868672840942,1.8606167704215328,1.2275528031918386,-0.7758271106237343,-0.5313163907353988
35.1,20.1,2013.0,7.0,11.0,11.0,7.0,40.0,34.0,12.0,0.0,-1.648735911590001,0.9865213951879396,0.809520283377337,0.6648183623933919,1.0659051201167142,0.7426333010658628,-0.1997381907473203,0.0591640066930821
35.1,21.7,2013.0,7.0,11.0,8.017482517482517,29.173892773892774,29.049883449883453,64.22657342657342,42.739627039627045,344.28421603443354,-0.8121242937467013,0.3246092273252611,0.7274135572559701,0.6291587293936992,1.01119138829764,1.0702757567941206,-0.0972361703871966,0.4986738375667094
35.2,13.2,2013.0,7.0,11.0,8.017482517482517,29.173892773892774,29.049883449883453,64.22657342657342,42.739627039627045,344.28421603443354,-0.8121242937467013,0.3246092273252611,0.7274135572559701,0.6291587293936992,1.01119138829764,1.0702757567941206,-0.0972361703871966,0.4986738375667094
35.2,15.6,2013.0,7.0,11.0,8.017482517482517,29.173892773892774,29.049883449883453,64.22657342657342,42.739627039627045,344.28421603443354,-0.8121242937467013,0.3246092273252611,0.7274135572559701,0.6291587293936992,1.01119138829764,1.0702757567941206,-0.0972361703871966,0.4986738375667094
35.2,16.4,2013.0,7.0,11.0,6.0,17.5,38.0,67.0,4.5,0.0,-0.5670555187568649,-0.1079983944413107,0.9995002457591434,0.7954586144206205,2.1402122345520724,1.3404602969781796,-0.7187312626329051,-0.5313163907353988
35.2,17.7,2013.0,7.0,11.0,8.017482517482517,29.173892773892774,29.049883449883453,64.22657342657342,42.739627039627045,344.28421603443354,-0.8121242937467013,0.3246092273252611,0.7274135572559701,0.6291587293936992,1.01119138829764,1.0702757567941206,-0.0972361703871966,0.4986738375667094
35.2,17.9,2013.0,7.0,11.0,8.017482517482517,29.173892773892774,29.049883449883453,64.22657342657342,42.739627039627045,344.28421603443354,-0.8121242937467013,0.3246092273252611,0.7274135572559701,0.6291587293936992,1.01119138829764,1.0702757567941206,-0.0972361703871966,0.4986738375667094
35.2,18.4,2013.0,7.0,11.0,11.0,7.0,48.0,37.0,8.0,0.0,-1.53974386243017,1.0631611158637058,0.9114813063083024,0.7752424663356321,2.220949124707079,1.2790329602688835,0.660691706571381,-0.07178396944501303
35.2,18.5,2013.0,7.0,11.0,8.017482517482517,29.173892773892774,29.049883449883453,64.22657342657342,42.739627039627045,344.28421603443354,-1.0217201067848172,0.21172269375027689,0.6214016187413858,0.2516914659316984,0.5741144441065508,1.1447263417356757,0.37672179513641113,0.4668528909758245
35.2,19.5,2013.0,7.0,11.0,8.017482517482517,29.173892773892774,29.049883449883453,64.22657342657342,42.739627039627045,344.28421603443354,-0.8121242937467013,0.3246092273252611,0.7274135572559701,0.6291587293936992,1.01119138829764,1.0702757567941206,-0.0972361703871966,0.4986738375667094
35.2,21.1,2013.0,7.0,11.0,11.0,7.0,38.0,33.0,15.0,0.0,-1.6405110616245868,1.0280932491266286,0.9643718829567288,0.7201132471225545,1.7625576568192365,1.0239193651544976,-0.7758271106237343,-0.5313163907353988
35.2,22.8,2013.0,7.0,11.0,11.0,7.0,33.0,31.0,21.0,0.0,-1.625648477723903,1.096051286496138,0.694750646251345,0.5481671759564452,1.7703447146134497,1.0772887175666903,2.039316265034134,1.5051991510847484
35.3,2.6,2013.0,7.0,11.0,8.017482517482517,29.173892773892774,29.049883449883453,64.22657342657342,42.739627039627045,344.28421603443354,-0.8121242937467013,0.3246092273252611,0.7274135572559701,0.6291587293936992,1.01119138829764,1.0702757567941206,-0.0972361703871966,0.4986738375667094
35.3,4.2,2013.0,7.0,11.0,6.5,38.0,51.5,60.5,54.0,577.1374000000001,-0.4520816329417845,0.0726449351567887,1.3803211844893335,1.4168019035315595,0.2059117423568165,0.2243574812602485,-0.7758271106237343,-0.5313163907353988
35.3,5.3,2013.0,7.0,11.0,6.5,38.0,49.5,59.5,54.0,436.735815,-0.4487422801613684,0.0936578591062664,1.341689350821751,1.4466878548043138,-0.2273436398831753,0.4299653175224281,-0.68135408800285,-0.3381779877900814
35.3,6.9,2013.0,7.0,11.0,8.017482517482517,29.173892773892774,29.049883449883453,64.22657342657342,42.739627039627045,344.28421603443354,-0.8121242937467013,0.3246092273252611,0.7274135572559701,0.6291587293936992,1.01119138829764,1.0702757567941206,-0.0972361703871966,0.4986738375667094
35.3,8.9,2013.0,7.0,11.0,8.017482517482517,29.173892773892774,29.049883449883453,64.22657342657342,42.739627039627045,344.28421603443354,-0.8121242937467013,0.3246092273252611,0.7274135572559701,0.6291587293936992,1.01119138829764,1.0702757567941206,-0.0972361703871966,0.4986738375667094
35.3,13.7,2013.0,7.0,11.0,8.017482517482517,29.173892773892774,29.049883449883453,64.22657342657342,42.739627039627045,344.28421603443354,-0.8121242937467013,0.3246092273252611,0.7274135572559701,0.6291587293936992,1.01119138829764,1.0702757567941206,-0.0972361703871966,0.4986738375667094
35.3,15.2,2013.0,7.0,11.0,8.017482517482517,29.173892773892774,29.049883449883453,64.22657342657342,42.739627039627045,344.28421603443354,-0.8121242937467013,0.3246092273252611,0.7274135572559701,0.6291587293936992,1.01119138829764,1.0702757567941206,-0.0972361703871966,0.4986738375667094
35.3,16.1,2013.0,7.0,11.0,8.017482517482517,29.173892773892774,29.049883449883453,64.22657342657342,42.739627039627045,344.28421603443354,-0.8121242937467013,0.3246092273252611,0.7274135572559701,0.6291587293936992,1.01119138829764,1.0702757567941206,-0.0972361703871966,0.4986738375667094
35.3,16.8,2013.0,7.0,11.0,8.017482517482517,29.173892773892774,29.049883449883453,64.22657342657342,42.739627039627045,344.28421603443354,-0.8121242937467013,0.3246092273252611,0.7274135572559701,0.6291587293936992,1.01119138829764,1.0702757567941206,-0.0972361703871966,0.4986738375667094
35.3,17.4,2013.0,7.0,11.0,11.0,7.0,54.0,39.0,6.0,0.0,-1.6580237978199537,0.8646784831299134,0.9582128637525408,0.7736000433072041,1.8554049704802724,1.6852472434853625,-0.7758271106237343,-0.5313163907353988
35.3,18.0,2013.0,7.0,11.0,8.017482517482517,29.173892773892774,29.049883449883453,64.22657342657342,42.739627039627045,344.28421603443354,-0.8121242937467013,0.3246092273252611,0.7274135572559701,0.6291587293936992,1.01119138829764,1.0702757567941206,-0.0972361703871966,0.4986738375667094
35.3,18.8,2013.0,7.0,11.0,11.0,7.0,48.0,37.0,9.0,0.0,-1.6518447411226629,0.9278553126613166,1.1116304470881824,0.8326160857018957,3.181859817138968,1.7428470210313165,0.239699978109705,-0.2117597461371983
35.3,21.2,2013.0,7.0,11.0,8.017482517482517,29.173892773892774,29.049883449883453,64.22657342657342,42.739627039627045,344.28421603443354,-0.8121242937467013,0.3246092273252611,0.7274135572559701,0.6291587293936992,1.01119138829764,1.0702757567941206,-0.0972361703871966,0.4986738375667094
35.4,3.7,2013.0,7.0,11.0,1.0,28.0,59.0,108.0,56.0,824.3859,0.6447535558939859,-1.1734183769453757,0.7965365955749271,0.1331280818433326,0.5978728262684847,-0.0369068164337149,-0.7758271106237343,-0.5313163907353988
35.4,5.7,2013.0,7.0,11.0,6.5,38.0,48.0,59.0,54.0,869.32987,-0.4482953610526187,0.0998128362565015,1.1764446580937689,1.2674981238596,-0.040736336300419,0.4138578118989135,-0.5846992854119554,-0.3776848430220043
35.4,7.3,2013.0,7.0,11.0,8.017482517482517,29.173892773892774,29.049883449883453,64.22657342657342,42.739627039627045,344.28421603443354,-0.8121242937467013,0.3246092273252611,0.7274135572559701,0.6291587293936992,1.01119138829764,1.0702757567941206,-0.0972361703871966,0.4986738375667094
35.4,8.4,2013.0,7.0,11.0,6.5,38.0,41.5,56.5,53.0,951.62503,-0.5228487936627674,0.2667363471148784,1.7695000055527408,1.2646472079129514,0.09865829340299276,-0.2957546385186219,-1.8025232086907552,-0.2547518940129038
35.4,8.5,2013.0,7.0,11.0,8.017482517482517,29.173892773892774,29.049883449883453,64.22657342657342,42.739627039627045,344.28421603443354,-0.9507548330622053,0.5737310471538408,1.0324399021737294,0.9721273453644972,1.98607047582529,0.9929581217099562,-0.4253117782659026,-0.13200767226570437
35.4,9.5,2013.0,7.0,11.0,6.5,38.0,38.5,55.5,52.5,363.87303,-0.4369517637323249,0.1637325438092359,1.1250683071700416,1.2344199555183009,0.7559569884676349,1.2829344779135847,-0.7588123509221181,-0.5313163907353988
35.4,12.1,2013.0,7.0,11.0,1.0,28.0,34.0,99.0,16.0,0.0,0.5704496726285878,-1.0783901539513772,1.086605655194136,0.7647655240231505,2.6519162402131724,2.4810991484049847,-0.5207204866730407,-0.5313163907353988
35.4,16.4,2013.0,7.0,11.0,8.017482517482517,29.173892773892774,29.049883449883453,64.22657342657342,42.739627039627045,344.28421603443354,-0.8121242937467013,0.3246092273252611,0.7274135572559701,0.6291587293936992,1.01119138829764,1.0702757567941206,-0.0972361703871966,0.4986738375667094
35.4,16.9,2013.0,7.0,11.0,11.5,27.5,41.5,23.0,50.0,0.0,-1.504824432235887,1.1978902774999516,0.8869259424894516,0.7391304785558128,1.5977933243997788,1.5481936413491382,-0.493543399075169,-0.2316347492467397
35.4,17.1,2013.0,7.0,11.0,8.017482517482517,29.173892773892774,29.049883449883453,64.22657342657342,42.739627039627045,344.28421603443354,-0.8121242937467013,0.3246092273252611,0.7274135572559701,0.6291587293936992,1.01119138829764,1.0702757567941206,-0.0972361703871966,0.4986738375667094
35.4,20.0,2013.0,7.0,11.0,8.017482517482517,29.173892773892774,29.049883449883453,64.22657342657342,42.739627039627045,344.28421603443354,-0.8121242937467013,0.3246092273252611,0.7274135572559701,0.6291587293936992,1.01119138829764,1.0702757567941206,-0.0972361703871966,0.4986738375667094
35.5,1.5,2013.0,7.0,11.0,1.0,29.0,1.0,109.0,67.0,860.49194,0.6586435761083648,-1.19955471834835,1.0921282289867718,0.0504074252745888,0.0954290885638482,0.2827304018734538,-0.7758271106237343,-0.5313163907353988
35.5,8.9,2013.0,7.0,11.0,12.0,48.0,38.0,10.0,77.0,917.8364,-1.4764552511277735,1.4202074879397606,1.540727582945489,2.1495530030546424,0.2220487803605982,0.757705192465372,-0.7758271106237343,-0.5313163907353988
35.5,18.0,2013.0,7.0,11.0,8.017482517482517,29.173892773892774,29.049883449883453,64.22657342657342,42.739627039627045,344.28421603443354,-0.8121242937467013,0.3246092273252611,0.7274135572559701,0.6291587293936992,1.01119138829764,1.0702757567941206,-0.0972361703871966,0.4986738375667094
35.5,18.4,2013.0,7.0,11.0,1.0,28.0,7.0,89.0,2.0,0.0,0.5025889356265415,-1.0137690022410288,0.9495332387491296,0.758855925109006,1.943478022212653,1.0481127157061303,-0.7758271106237343,-0.5313163907353988
35.5,20.2,2013.0,7.0,11.0,8.017482517482517,29.173892773892774,29.049883449883453,64.22657342657342,42.739627039627045,344.28421603443354,-0.8121242937467013,0.3246092273252611,0.7274135572559701,0.6291587293936992,1.01119138829764,1.0702757567941206,-0.0972361703871966,0.4986738375667094
35.6,7.9,2013.0,7.0,11.0,8.017482517482517,29.173892773892774,29.049883449883453,64.22657342657342,42.739627039627045,344.28421603443354,-0.8121242937467013,0.3246092273252611,0.7274135572559701,0.6291587293936992,1.01119138829764,1.0702757567941206,-0.0972361703871966,0.4986738375667094
35.6,9.4,2013.0,7.0,11.0,8.017482517482517,29.173892773892774,29.049883449883453,64.22657342657342,42.739627039627045,344.28421603443354,-0.8121242937467013,0.3246092273252611,0.7274135572559701,0.6291587293936992,1.01119138829764,1.0702757567941206,-0.0972361703871966,0.4986738375667094
35.6,13.9,2013.0,7.0,11.0,1.0,28.0,23.0,95.0,11.0,0.0,0.547856653219861,-1.0601503612124945,0.9274006481556716,0.7143150891280842,1.965947399973569,1.7268001809110138,-0.5188756664644207,-0.5313163907353988
35.6,14.2,2013.0,7.0,11.0,6.5,38.0,27.5,51.5,50.5,0.0,-0.4230813257069254,0.2285474153912905,0.9955949683762436,0.7723350273603593,2.023313089889877,1.4518198755885785,-0.6972089568353601,-0.5313163907353988
35.6,19.0,2013.0,7.0,11.0,8.017482517482517,29.173892773892774,29.049883449883453,64.22657342657342,42.739627039627045,344.28421603443354,-0.8121242937467013,0.3246092273252611,0.7274135572559701,0.6291587293936992,1.01119138829764,1.0702757567941206,-0.0972361703871966,0.4986738375667094
35.7,5.1,2013.0,7.0,11.0,8.017482517482517,29.173892773892774,29.049883449883453,64.22657342657342,42.739627039627045,344.28421603443354,-0.8121242937467013,0.3246092273252611,0.7274135572559701,0.6291587293936992,1.01119138829764,1.0702757567941206,-0.0972361703871966,0.4986738375667094
35.7,8.3,2013.0,7.0,11.0,12.0,48.0,43.0,12.0,75.0,827.0509,-1.4819413495866904,1.4015650704002471,1.5961396221394537,2.033993614613314,0.102547865342402,0.6766610324600724,-0.7758271106237343,-0.5313163907353988
35.7,12.7,2013.0,7.0,11.0,8.017482517482517,29.173892773892774,29.049883449883453,64.22657342657342,42.739627039627045,344.28421603443354,-0.8121242937467013,0.3246092273252611,0.7274135572559701,0.6291587293936992,1.01119138829764,1.0702757567941206,-0.0972361703871966,0.4986738375667094
35.7,13.0,2013.0,7.0,11.0,8.017482517482517,29.173892773892774,29.049883449883453,64.22657342657342,42.739627039627045,344.28421603443354,-0.8121242937467013,0.3246092273252611,0.7274135572559701,0.6291587293936992,1.01119138829764,1.0702757567941206,-0.0972361703871966,0.4986738375667094
35.7,20.5,2013.0,7.0,11.0,11.0,7.0,48.0,37.0,14.0,0.0,-1.6332992841393374,0.996320786070494,0.8995692528407508,0.6896155821059566,1.936731853585043,1.139544686517069,0.6258825477711816,0.3957856769352612
35.8,4.2,2013.0,7.0,11.0,12.0,48.0,53.0,16.0,56.0,594.7616,-1.5377851683180606,1.301051276150741,1.836287998307082,2.3234945127171795,-0.2683680361534433,0.3213308645939094,-0.7758271106237343,-0.5313163907353988
35.8,5.5,2013.0,7.0,11.0,8.017482517482517,29.173892773892774,29.049883449883453,64.22657342657342,42.739627039627045,344.28421603443354,-0.8121242937467013,0.3246092273252611,0.7274135572559701,0.6291587293936992,1.01119138829764,1.0702757567941206,-0.0972361703871966,0.4986738375667094
35.8,10.3,2013.0,7.0,11.0,8.017482517482517,29.173892773892774,29.049883449883453,64.22657342657342,42.739627039627045,344.28421603443354,-0.8121242937467013,0.3246092273252611,0.7274135572559701,0.6291587293936992,1.01119138829764,1.0702757567941206,-0.0972361703871966,0.4986738375667094
35.8,13.9,2013.0,7.0,11.0,8.017482517482517,29.173892773892774,29.049883449883453,64.22657342657342,42.739627039627045,344.28421603443354,-0.8121242937467013,0.3246092273252611,0.7274135572559701,0.6291587293936992,1.01119138829764,1.0702757567941206,-0.0972361703871966,0.4986738375667094
35.8,16.2,2013.0,7.0,11.0,8.017482517482517,29.173892773892774,29.049883449883453,64.22657342657342,42.739627039627045,344.28421603443354,-0.8121242937467013,0.3246092273252611,0.7274135572559701,0.6291587293936992,1.01119138829764,1.0702757567941206,-0.0972361703871966,0.4986738375667094
35.8,16.6,2013.0,7.0,11.0,8.017482517482517,29.173892773892774,29.049883449883453,64.22657342657342,42.739627039627045,344.28421603443354,-0.8121242937467013,0.3246092273252611,0.7274135572559701,0.6291587293936992,1.01119138829764,1.0702757567941206,-0.0972361703871966,0.4986738375667094
35.8,17.5,2013.0,7.0,11.0,8.017482517482517,29.173892773892774,29.049883449883453,64.22657342657342,42.739627039627045,344.28421603443354,-0.8121242937467013,0.3246092273252611,0.7274135572559701,0.6291587293936992,1.01119138829764,1.0702757567941206,-0.0972361703871966,0.4986738375667094
35.8,18.7,2013.0,7.0,11.0,8.017482517482517,29.173892773892774,29.049883449883453,64.22657342657342,42.739627039627045,344.28421603443354,-0.8121242937467013,0.3246092273252611,0.7274135572559701,0.6291587293936992,1.01119138829764,1.0702757567941206,-0.0972361703871966,0.4986738375667094
35.9,7.1,2013.0,7.0,11.0,12.0,48.0,48.0,14.0,70.0,950.0878,-1.497926763200085,1.369452476781386,1.6061545740664671,2.0490462141978445,-0.2304216170328981,0.4644987153846897,-0.7758271106237343,-0.5313163907353988
35.9,7.5,2013.0,7.0,11.0,6.5,38.0,43.5,57.5,54.0,873.25432,-0.4439944864279666,0.1239179309406199,0.8957254045244719,0.946164288560326,-0.0097985206171702,0.6678397079027875,-0.7233290634036811,-0.3715240514743973
35.9,9.5,2013.0,7.0,11.0,8.017482517482517,29.173892773892774,29.049883449883453,64.22657342657342,42.739627039627045,344.28421603443354,-0.8121242937467013,0.3246092273252611,0.7274135572559701,0.6291587293936992,1.01119138829764,1.0702757567941206,-0.0972361703871966,0.4986738375667094
35.9,12.2,2013.0,7.0,11.0,8.017482517482517,29.173892773892774,29.049883449883453,64.22657342657342,42.739627039627045,344.28421603443354,-0.8121242937467013,0.3246092273252611,0.7274135572559701,0.6291587293936992,1.01119138829764,1.0702757567941206,-0.0972361703871966,0.4986738375667094
35.9,14.3,2013.0,7.0,11.0,8.017482517482517,29.173892773892774,29.049883449883453,64.22657342657342,42.739627039627045,344.28421603443354,-0.8121242937467013,0.3246092273252611,0.7274135572559701,0.6291587293936992,1.01119138829764,1.0702757567941206,-0.0972361703871966,0.4986738375667094
35.9,16.6,2013.0,7.0,11.0,8.017482517482517,29.173892773892774,29.049883449883453,64.22657342657342,42.739627039627045,344.28421603443354,-0.8121242937467013,0.3246092273252611,0.7274135572559701,0.6291587293936992,1.01119138829764,1.0702757567941206,-0.0972361703871966,0.4986738375667094
35.9,18.9,2013.0,7.0,11.0,8.017482517482517,29.173892773892774,29.049883449883453,64.22657342657342,42.739627039627045,344.28421603443354,-0.8121242937467013,0.3246092273252611,0.7274135572559701,0.6291587293936992,1.01119138829764,1.0702757567941206,-0.0972361703871966,0.4986738375667094
35.9,19.1,2013.0,7.0,11.0,8.017482517482517,29.173892773892774,29.049883449883453,64.22657342657342,42.739627039627045,344.28421603443354,-0.8121242937467013,0.3246092273252611,0.7274135572559701,0.6291587293936992,1.01119138829764,1.0702757567941206,-0.0972361703871966,0.4986738375667094
35.9,21.8,2013.0,7.0,11.0,8.017482517482517,29.173892773892774,29.049883449883453,64.22657342657342,42.739627039627045,344.28421603443354,-0.8121242937467013,0.3246092273252611,0.7274135572559701,0.6291587293936992,1.01119138829764,1.0702757567941206,-0.0972361703871966,0.4986738375667094
36.0,12.1,2013.0,7.0,11.0,8.017482517482517,29.173892773892774,29.049883449883453,64.22657342657342,42.739627039627045,344.28421603443354,-0.8121242937467013,0.3246092273252611,0.7274135572559701,0.6291587293936992,1.01119138829764,1.0702757567941206,-0.0972361703871966,0.4986738375667094
36.0,17.8,2013.0,7.0,11.0,8.017482517482517,29.173892773892774,29.049883449883453,64.22657342657342,42.739627039627045,344.28421603443354,-0.8121242937467013,0.3246092273252611,0.7274135572559701,0.6291587293936992,1.01119138829764,1.0702757567941206,-0.0972361703871966,0.4986738375667094
36.1,8.1,2013.0,7.0,11.0,8.017482517482517,29.173892773892774,29.049883449883453,64.22657342657342,42.739627039627045,344.28421603443354,-0.8121242937467013,0.3246092273252611,0.7274135572559701,0.6291587293936992,1.01119138829764,1.0702757567941206,-0.0972361703871966,0.4986738375667094
36.1,10.5,2013.0,7.0,11.0,8.017482517482517,29.173892773892774,29.049883449883453,64.22657342657342,42.739627039627045,344.28421603443354,-0.8121242937467013,0.3246092273252611,0.7274135572559701,0.6291587293936992,1.01119138829764,1.0702757567941206,-0.0972361703871966,0.4986738375667094
36.1,16.8,2013.0,7.0,11.0,1.0,28.0,4.0,88.0,5.0,0.0,0.5097548046147239,-1.0315035299863888,1.0031124762832448,0.7653033475919931,1.84954883751686,1.5647921400625593,-0.7758271106237343,-0.5313163907353988
36.1,18.4,2013.0,7.0,11.0,8.017482517482517,29.173892773892774,29.049883449883453,64.22657342657342,42.739627039627045,344.28421603443354,-0.8121242937467013,0.3246092273252611,0.7274135572559701,0.6291587293936992,1.01119138829764,1.0702757567941206,-0.0972361703871966,0.4986738375667094
36.1,21.0,2013.0,7.0,11.0,8.017482517482517,29.173892773892774,29.049883449883453,64.22657342657342,42.739627039627045,344.28421603443354,-0.8121242937467013,0.3246092273252611,0.7274135572559701,0.6291587293936992,1.01119138829764,1.0702757567941206,-0.0972361703871966,0.4986738375667094
36.2,2.2,2013.0,7.0,11.0,8.017482517482517,29.173892773892774,29.049883449883453,64.22657342657342,42.739627039627045,344.28421603443354,-0.8121242937467013,0.3246092273252611,0.7274135572559701,0.6291587293936992,1.01119138829764,1.0702757567941206,-0.0972361703871966,0.4986738375667094
36.2,7.0,2013.0,7.0,11.0,6.5,38.0,45.0,58.0,54.5,903.385375,-0.4461576626319416,0.1115347007663049,1.089014480232788,1.0883633058318196,0.4413901625642561,0.795297799827954,-0.7758271106237343,-0.5313163907353988
36.2,13.3,2013.0,7.0,11.0,8.017482517482517,29.173892773892774,29.049883449883453,64.22657342657342,42.739627039627045,344.28421603443354,-0.8121242937467013,0.3246092273252611,0.7274135572559701,0.6291587293936992,1.01119138829764,1.0702757567941206,-0.0972361703871966,0.4986738375667094
36.2,14.4,2013.0,7.0,11.0,8.017482517482517,29.173892773892774,29.049883449883453,64.22657342657342,42.739627039627045,344.28421603443354,-0.8121242937467013,0.3246092273252611,0.7274135572559701,0.6291587293936992,1.01119138829764,1.0702757567941206,-0.0972361703871966,0.4986738375667094
36.2,14.7,2013.0,7.0,11.0,12.0,48.0,43.0,12.0,92.0,0.0,-1.377362432416552,1.506419485044184,1.0371723761400091,0.7882884410455651,1.9765139335496191,1.240890091266424,-0.7519152947636444,-0.5313163907353988
36.2,17.0,2013.0,7.0,11.0,11.0,8.0,10.0,45.0,6.0,0.0,-1.6397496153138962,0.8405025963959291,0.8268311957579678,0.6988692161531225,1.0939047872758454,1.4017664044459353,0.009929660430617,0.4309792211037655
36.2,19.4,2013.0,7.0,11.0,1.0,27.0,51.0,83.0,1.0,0.0,0.5155354630772131,-1.5433434928096061,1.7263638958198695,0.5376640423322623,1.0403629786943922,1.414301225122195,-0.47895085769414925,-0.5426073810633842
36.2,19.5,2013.0,7.0,11.0,8.017482517482517,29.173892773892774,29.049883449883453,64.22657342657342,42.739627039627045,344.28421603443354,-1.3677547911317487,1.2449051523300745,0.46327645522531774,0.6253592917704939,0.14139170229550824,0.6034381132853291,0.09195423282632802,1.0380580442869909
36.2,21.7,2013.0,7.0,11.0,8.017482517482517,29.173892773892774,29.049883449883453,64.22657342657342,42.739627039627045,344.28421603443354,-0.8121242937467013,0.3246092273252611,0.7274135572559701,0.6291587293936992,1.01119138829764,1.0702757567941206,-0.0972361703871966,0.4986738375667094
36.3,0.6,2013.0,7.0,11.0,8.017482517482517,29.173892773892774,29.049883449883453,64.22657342657342,42.739627039627045,344.28421603443354,-0.8121242937467013,0.3246092273252611,0.7274135572559701,0.6291587293936992,1.01119138829764,1.0702757567941206,-0.0972361703871966,0.4986738375667094
36.3,5.2,2013.0,7.0,11.0,6.5,38.0,49.5,59.5,55.5,1104.1317,-0.450991928755282,0.0788454920102726,1.07288230100757,0.7833277050344183,0.3353757895125629,0.2661702833763509,-0.7758271106237343,-0.5313163907353988
36.3,6.8,2013.0,7.0,11.0,8.017482517482517,29.173892773892774,29.049883449883453,64.22657342657342,42.739627039627045,344.28421603443354,-0.8121242937467013,0.3246092273252611,0.7274135572559701,0.6291587293936992,1.01119138829764,1.0702757567941206,-0.0972361703871966,0.4986738375667094
36.3,8.4,2013.0,7.0,11.0,8.017482517482517,29.173892773892774,29.049883449883453,64.22657342657342,42.739627039627045,344.28421603443354,-0.8121242937467013,0.3246092273252611,0.7274135572559701,0.6291587293936992,1.01119138829764,1.0702757567941206,-0.0972361703871966,0.4986738375667094
36.3,10.4,2013.0,7.0,11.0,8.017482517482517,29.173892773892774,29.049883449883453,64.22657342657342,42.739627039627045,344.28421603443354,-0.8121242937467013,0.3246092273252611,0.7274135572559701,0.6291587293936992,1.01119138829764,1.0702757567941206,-0.0972361703871966,0.4986738375667094
36.3,12.0,2013.0,7.0,11.0,8.017482517482517,29.173892773892774,29.049883449883453,64.22657342657342,42.739627039627045,344.28421603443354,-0.8121242937467013,0.3246092273252611,0.7274135572559701,0.6291587293936992,1.01119138829764,1.0702757567941206,-0.0972361703871966,0.4986738375667094
36.3,13.1,2013.0,7.0,11.0,8.0,28.0,29.666666666666668,52.333333333333336,34.333333333333336,0.0,-0.8330128127714992,0.3570858092290899,0.9065560538935022,0.6893531306647028,2.158950795679727,1.501209610087057,-0.7626252953277599,-0.5313163907353988
36.3,13.8,2013.0,7.0,11.0,1.0,28.0,12.0,91.0,12.0,0.0,0.5368033505558888,-1.063521358054308,1.018444567091574,0.7202061145556132,2.4982860276725694,1.4577394863719266,-0.7474466876869801,-0.5313163907353988
36.3,14.7,2013.0,7.0,11.0,11.0,8.0,20.0,49.0,2.0,0.0,-1.64298745367401,0.7332578231488878,0.8483786996677061,0.7162047395051107,1.8631153444107629,1.5833722047831529,0.6009091450107299,0.4916606699263876
36.3,15.2,2013.0,7.0,11.0,8.017482517482517,29.173892773892774,29.049883449883453,64.22657342657342,42.739627039627045,344.28421603443354,-0.8121242937467013,0.3246092273252611,0.7274135572559701,0.6291587293936992,1.01119138829764,1.0702757567941206,-0.0972361703871966,0.4986738375667094
36.3,15.4,2013.0,7.0,11.0,1.0,28.0,7.0,89.0,8.0,0.0,0.5212975187457485,-1.0465568525399909,1.0261856365197235,0.7523277483364041,2.6783467795247744,1.5573706182335243,-0.7363241618589728,-0.5313163907353988
36.3,16.3,2013.0,7.0,11.0,8.017482517482517,29.173892773892774,29.049883449883453,64.22657342657342,42.739627039627045,344.28421603443354,-0.8121242937467013,0.3246092273252611,0.7274135572559701,0.6291587293936992,1.01119138829764,1.0702757567941206,-0.0972361703871966,0.4986738375667094
36.3,17.9,2013.0,7.0,11.0,8.017482517482517,29.173892773892774,29.049883449883453,64.22657342657342,42.739627039627045,344.28421603443354,-0.8121242937467013,0.3246092273252611,0.7274135572559701,0.6291587293936992,1.01119138829764,1.0702757567941206,-0.0972361703871966,0.4986738375667094
36.3,18.6,2013.0,7.0,11.0,8.017482517482517,29.173892773892774,29.049883449883453,64.22657342657342,42.739627039627045,344.28421603443354,-0.8121242937467013,0.3246092273252611,0.7274135572559701,0.6291587293936992,1.01119138829764,1.0702757567941206,-0.0972361703871966,0.4986738375667094
36.3,19.9,2013.0,7.0,11.0,8.017482517482517,29.173892773892774,29.049883449883453,64.22657342657342,42.739627039627045,344.28421603443354,-0.8121242937467013,0.3246092273252611,0.7274135572559701,0.6291587293936992,1.01119138829764,1.0702757567941206,-0.0972361703871966,0.4986738375667094
36.3,20.1,2013.0,7.0,11.0,8.017482517482517,29.173892773892774,29.049883449883453,64.22657342657342,42.739627039627045,344.28421603443354,-0.8121242937467013,0.3246092273252611,0.7274135572559701,0.6291587293936992,1.01119138829764,1.0702757567941206,-0.0972361703871966,0.4986738375667094
36.3,21.5,2013.0,7.0,11.0,11.0,7.0,54.0,39.0,18.0,0.0,-1.6146183827639211,1.0284840374327395,0.7924550872631888,0.6301263195741085,1.6295297585247666,1.1557403558632966,1.3721379238166056,0.9992973583720632
36.3,23.3,2013.0,7.0,11.0,11.0,7.0,49.0,37.0,25.0,0.0,-1.5988154791189433,1.0955467942478534,1.1860824758330852,0.8922474757834682,1.0267322368793554,1.1297138775604705,0.6366882354172617,0.4215773358896195
36.4,5.9,2013.0,7.0,11.0,8.017482517482517,29.173892773892774,29.049883449883453,64.22657342657342,42.739627039627045,344.28421603443354,-0.8121242937467013,0.3246092273252611,0.7274135572559701,0.6291587293936992,1.01119138829764,1.0702757567941206,-0.0972361703871966,0.4986738375667094
36.4,7.4,2013.0,7.0,11.0,12.0,48.0,56.0,17.0,72.0,529.5509,-1.4855434805766747,1.3648004277902153,1.7736887583184362,2.143756460145965,-0.0901791248435964,0.8534818819574769,-0.7758271106237343,-0.5313163907353988
36.4,12.2,2013.0,7.0,11.0,12.0,48.0,48.0,14.0,87.0,0.0,-1.415598722611756,1.4603501311619382,0.9222345643562192,0.7095618916412536,2.027705818168697,1.3646419835931043,-0.7758271106237343,-0.5313163907353988
36.4,16.9,2013.0,7.0,11.0,8.017482517482517,29.173892773892774,29.049883449883453,64.22657342657342,42.739627039627045,344.28421603443354,-0.8121242937467013,0.3246092273252611,0.7274135572559701,0.6291587293936992,1.01119138829764,1.0702757567941206,-0.0972361703871966,0.4986738375667094
36.4,19.9,2013.0,7.0,11.0,11.0,8.0,2.0,42.0,13.0,0.0,-1.622797280153058,0.9610989354611724,1.280238129455207,0.8919866394280088,3.8289061909552062,1.764410186436171,-0.3020619288830959,-0.5313163907353988
36.4,20.1,2013.0,7.0,11.0,8.017482517482517,29.173892773892774,29.049883449883453,64.22657342657342,42.739627039627045,344.28421603443354,-0.8121242937467013,0.3246092273252611,0.7274135572559701,0.6291587293936992,1.01119138829764,1.0702757567941206,-0.0972361703871966,0.4986738375667094
36.4,21.5,2013.0,7.0,11.0,11.0,7.0,57.0,40.0,18.0,0.0,-1.611921506506789,1.0237713954022658,0.8477049940026317,0.6657470367239835,1.331504836283378,1.0150204982246858,-0.1730441137522341,0.05564439567281
36.5,5.2,2013.0,7.0,11.0,8.017482517482517,29.173892773892774,29.049883449883453,64.22657342657342,42.739627039627045,344.28421603443354,-0.8121242937467013,0.3246092273252611,0.7274135572559701,0.6291587293936992,1.01119138829764,1.0702757567941206,-0.0972361703871966,0.4986738375667094
36.5,9.0,2013.0,7.0,11.0,1.0,28.0,26.0,96.0,30.0,237.41292,0.5795879540202824,-1.1167505032122316,0.6027862983500089,0.2292159959723131,0.8788480342454081,1.7224012477307369,-0.75061344291811,-0.4251333239620649
36.5,12.2,2013.0,7.0,11.0,1.0,28.0,15.0,92.0,17.0,0.0,0.5491074889579995,-1.0810798961381465,1.1244922837912332,0.7598847347587219,3.578187921378421,2.464338006194231,-0.0480978451601842,-0.4568846679474885
36.5,16.3,2013.0,7.0,11.0,11.0,8.0,18.0,48.0,5.0,0.0,-1.6344390843478436,0.8087437483749412,0.9146274304339754,0.7622887899606063,1.8002127023998835,1.440199141059766,-0.7382774801312572,-0.3686026279353195
36.5,18.5,2013.0,7.0,11.0,8.017482517482517,29.173892773892774,29.049883449883453,64.22657342657342,42.739627039627045,344.28421603443354,-0.8121242937467013,0.3246092273252611,0.7274135572559701,0.6291587293936992,1.01119138829764,1.0702757567941206,-0.0972361703871966,0.4986738375667094
36.5,19.5,2013.0,7.0,11.0,11.0,8.0,4.0,43.0,12.0,0.0,-1.6234213536062267,0.9440840665826092,1.2545819273190022,0.8817122711600912,3.649557719056863,1.8352574592925577,-0.1479569822444142,-0.5313163907353988
36.5,21.1,2013.0,7.0,11.0,11.0,7.0,59.0,41.0,17.0,0.0,-1.6123984435574517,1.0093596967122125,1.1109154530340688,0.781846671362846,3.3019075258188866,1.5783097956053411,0.275786266349464,-0.1988554808225362
36.5,21.4,2013.0,7.0,11.0,8.017482517482517,29.173892773892774,29.049883449883453,64.22657342657342,42.739627039627045,344.28421603443354,-0.8121242937467013,0.3246092273252611,0.7274135572559701,0.6291587293936992,1.01119138829764,1.0702757567941206,-0.0972361703871966,0.4986738375667094
36.6,5.5,2013.0,7.0,11.0,1.0,28.0,34.0,99.0,48.0,960.49146,0.6073104710801752,-1.156364883070706,0.639660857898671,0.0179038237039118,0.946574971263242,0.2457309610798719,-0.7758271106237343,-0.5313163907353988
36.6,6.7,2013.0,7.0,11.0,8.017482517482517,29.173892773892774,29.049883449883453,64.22657342657342,42.739627039627045,344.28421603443354,-0.8121242937467013,0.3246092273252611,0.7274135572559701,0.6291587293936992,1.01119138829764,1.0702757567941206,-0.0972361703871966,0.4986738375667094
36.6,8.0,2013.0,7.0,11.0,1.0,28.0,26.0,96.0,35.0,246.20186,0.5849166897000065,-1.1282699023367613,0.6852019510103272,0.255763161140867,1.8794678640716072,1.380766626732564,-0.7758271106237343,-0.5313163907353988
36.6,8.7,2013.0,7.0,11.0,8.017482517482517,29.173892773892774,29.049883449883453,64.22657342657342,42.739627039627045,344.28421603443354,-0.8121242937467013,0.3246092273252611,0.7274135572559701,0.6291587293936992,1.01119138829764,1.0702757567941206,-0.0972361703871966,0.4986738375667094
36.6,10.3,2013.0,7.0,11.0,8.017482517482517,29.173892773892774,29.049883449883453,64.22657342657342,42.739627039627045,344.28421603443354,-0.8121242937467013,0.3246092273252611,0.7274135572559701,0.6291587293936992,1.01119138829764,1.0702757567941206,-0.0972361703871966,0.4986738375667094
36.6,10.5,2013.0,7.0,11.0,8.017482517482517,29.173892773892774,29.049883449883453,64.22657342657342,42.739627039627045,344.28421603443354,-0.8121242937467013,0.3246092273252611,0.7274135572559701,0.6291587293936992,1.01119138829764,1.0702757567941206,-0.0972361703871966,0.4986738375667094
36.6,11.6,2013.0,7.0,11.0,8.017482517482517,29.173892773892774,29.049883449883453,64.22657342657342,42.739627039627045,344.28421603443354,-0.8121242937467013,0.3246092273252611,0.7274135572559701,0.6291587293936992,1.01119138829764,1.0702757567941206,-0.0972361703871966,0.4986738375667094
36.6,15.3,2013.0,7.0,11.0,12.0,48.0,49.0,14.0,93.0,0.07112527,-1.364356927666787,1.5084434642780624,0.9817009219471824,0.8864485102461038,1.728639503915697,1.1738881381474686,-0.7758271106237343,-0.5313163907353988
36.6,16.6,2013.0,7.0,11.0,8.017482517482517,29.173892773892774,29.049883449883453,64.22657342657342,42.739627039627045,344.28421603443354,-0.8121242937467013,0.3246092273252611,0.7274135572559701,0.6291587293936992,1.01119138829764,1.0702757567941206,-0.0972361703871966,0.4986738375667094
36.6,16.9,2013.0,7.0,11.0,8.017482517482517,29.173892773892774,29.049883449883453,64.22657342657342,42.739627039627045,344.28421603443354,-0.8121242937467013,0.3246092273252611,0.7274135572559701,0.6291587293936992,1.01119138829764,1.0702757567941206,-0.0972361703871966,0.4986738375667094
36.6,17.8,2013.0,7.0,11.0,11.0,8.0,12.0,46.0,8.0,0.0,-1.6291329613027767,0.8724904468549297,0.9618039465651844,0.7641291802209718,1.829571308193192,1.484368710007418,-0.7758271106237343,-0.4664213366748295
36.6,19.8,2013.0,7.0,11.0,11.0,8.0,4.0,43.0,13.0,0.0,-1.6199883325048623,0.956544522217542,1.2716561867380616,0.8874684369239614,3.804787732990486,1.783357371935601,-0.2431111745129602,-0.5313163907353988
36.7,-0.8,2013.0,7.0,11.0,8.017482517482517,29.173892773892774,29.049883449883453,64.22657342657342,42.739627039627045,344.28421603443354,-0.8121242937467013,0.3246092273252611,0.7274135572559701,0.6291587293936992,1.01119138829764,1.0702757567941206,-0.0972361703871966,0.4986738375667094
36.7,3.9,2013.0,7.0,11.0,8.017482517482517,29.173892773892774,29.049883449883453,64.22657342657342,42.739627039627045,344.28421603443354,-0.8121242937467013,0.3246092273252611,0.7274135572559701,0.6291587293936992,1.01119138829764,1.0702757567941206,-0.0972361703871966,0.4986738375667094
36.7,6.9,2013.0,7.0,11.0,12.0,49.0,1.0,19.0,70.0,221.51683,-1.4891924236875282,1.3466889966214348,1.7096091785276066,1.9216821637003632,0.0007453095067675,0.9000783316802402,-0.7758271106237343,-0.5313163907353988
36.7,7.1,2013.0,7.0,11.0,12.0,49.0,1.0,19.0,71.0,233.5,-1.4857065075343343,1.3512134813193366,1.696532843608325,1.847661166752014,0.1280672494994696,0.9891771241796752,-0.7758271106237343,-0.5313163907353988
36.7,12.1,2013.0,7.0,11.0,12.0,48.0,54.0,16.0,87.0,15.363985,-1.4126792463448412,1.4525021059924783,0.9620154236797804,0.7308672958707954,2.207850545137242,1.183491793565724,-0.7383238941727311,-0.5313163907353988
36.7,13.2,2013.0,7.0,11.0,8.017482517482517,29.173892773892774,29.049883449883453,64.22657342657342,42.739627039627045,344.28421603443354,-0.8121242937467013,0.3246092273252611,0.7274135572559701,0.6291587293936992,1.01119138829764,1.0702757567941206,-0.0972361703871966,0.4986738375667094
36.7,15.0,2013.0,7.0,11.0,8.017482517482517,29.173892773892774,29.049883449883453,64.22657342657342,42.739627039627045,344.28421603443354,-0.8121242937467013,0.3246092273252611,0.7274135572559701,0.6291587293936992,1.01119138829764,1.0702757567941206,-0.0972361703871966,0.4986738375667094
36.7,16.6,2013.0,7.0,11.0,1.0,27.0,56.0,85.0,6.0,0.0,0.5029220862946474,-1.036173977673705,1.026103059741645,0.7779276656877555,2.228454870763408,1.734547511027976,-0.7535542635117843,-0.4489495086455735
36.7,18.2,2013.0,7.0,11.0,11.0,8.0,12.0,46.0,9.0,0.0,-1.6254094582084484,0.8887590646178685,0.9618744389367164,0.7600486659666428,1.8283281496221115,1.323396478867941,-0.7758271106237343,-0.5313163907353988
36.7,18.6,2013.0,7.0,11.0,8.017482517482517,29.173892773892774,29.049883449883453,64.22657342657342,42.739627039627045,344.28421603443354,-0.8121242937467013,0.3246092273252611,0.7274135572559701,0.6291587293936992,1.01119138829764,1.0702757567941206,-0.0972361703871966,0.4986738375667094
36.7,18.8,2013.0,7.0,11.0,8.017482517482517,29.173892773892774,29.049883449883453,64.22657342657342,42.739627039627045,344.28421603443354,-0.8121242937467013,0.3246092273252611,0.7274135572559701,0.6291587293936992,1.01119138829764,1.0702757567941206,-0.0972361703871966,0.4986738375667094
36.8,3.0,2013.0,7.0,11.0,12.0,49.0,12.0,23.0,51.0,134.18518,-1.5373429436451609,1.245694751086606,1.592393456109435,1.3688011500120176,0.7863517063999704,0.8718596848929251,-0.7758271106237343,-0.5313163907353988
36.8,7.7,2013.0,7.0,11.0,8.017482517482517,29.173892773892774,29.049883449883453,64.22657342657342,42.739627039627045,344.28421603443354,-0.8121242937467013,0.3246092273252611,0.7274135572559701,0.6291587293936992,1.01119138829764,1.0702757567941206,-0.0972361703871966,0.4986738375667094
36.8,8.3,2013.0,7.0,11.0,12.0,49.0,2.0,19.0,76.0,67.2155,-1.4663351714553086,1.375477804452789,1.5226916061719509,1.536034400836099,0.5766588010700935,1.0721938578834012,-0.7758271106237343,-0.5313163907353988
36.8,8.9,2013.0,7.0,11.0,1.0,28.0,21.0,94.0,31.0,504.06213,0.5740546908068177,-1.11902277898348,0.6910659092879528,0.3383085809011446,1.4750929825912975,1.4001472675782525,-0.7758271106237343,-0.5313163907353988
36.8,14.6,2013.0,7.0,11.0,8.017482517482517,29.173892773892774,29.049883449883453,64.22657342657342,42.739627039627045,344.28421603443354,-0.8121242937467013,0.3246092273252611,0.7274135572559701,0.6291587293936992,1.01119138829764,1.0702757567941206,-0.0972361703871966,0.4986738375667094
36.8,16.4,2013.0,7.0,11.0,8.017482517482517,29.173892773892774,29.049883449883453,64.22657342657342,42.739627039627045,344.28421603443354,-0.8121242937467013,0.3246092273252611,0.7274135572559701,0.6291587293936992,1.01119138829764,1.0702757567941206,-0.0972361703871966,0.4986738375667094
36.8,19.4,2013.0,7.0,11.0,11.0,8.0,10.0,45.0,12.0,0.0,-1.6177313557423096,0.9351906274982142,1.1616417635888765,0.8378433108687768,2.932531914009361,1.6374291430061874,-0.691424034741664,-0.5313163907353988
36.9,6.6,2013.0,7.0,11.0,12.0,49.0,7.0,21.0,69.0,143.69383,-1.4890658502364214,1.3331254778236468,1.5968928834809717,1.4292925732780064,0.8730683337232145,1.2391282503686294,-0.7297183755500879,-0.5313163907353988
36.9,8.8,2013.0,7.0,11.0,8.017482517482517,29.173892773892774,29.049883449883453,64.22657342657342,42.739627039627045,344.28421603443354,-0.8121242937467013,0.3246092273252611,0.7274135572559701,0.6291587293936992,1.01119138829764,1.0702757567941206,-0.0972361703871966,0.4986738375667094
36.9,19.2,2013.0,7.0,11.0,8.017482517482517,29.173892773892774,29.049883449883453,64.22657342657342,42.739627039627045,344.28421603443354,-0.8121242937467013,0.3246092273252611,0.7274135572559701,0.6291587293936992,1.01119138829764,1.0702757567941206,-0.0972361703871966,0.4986738375667094
36.9,19.9,2013.0,7.0,11.0,8.017482517482517,29.173892773892774,29.049883449883453,64.22657342657342,42.739627039627045,344.28421603443354,-0.8121242937467013,0.3246092273252611,0.7274135572559701,0.6291587293936992,1.01119138829764,1.0702757567941206,-0.0972361703871966,0.4986738375667094
36.9,24.7,2013.0,7.0,11.0,11.0,7.0,54.0,39.0,32.0,39.32653,-1.575065160055397,1.1304003029603604,1.1003315269653997,0.8132552447663234,1.3580771778872418,1.1184500334302536,-0.7758271106237343,-0.5313163907353988
37.0,-0.7,2013.0,7.0,11.0,12.0,49.0,25.0,28.0,32.0,0.0,-1.5741097872609362,1.1286435954524756,0.9155508805010556,0.6227284191023331,3.18290120915058,1.0671951768067076,0.4518349463642607,-0.0573218670772323
37.0,7.6,2013.0,7.0,11.0,8.017482517482517,29.173892773892774,29.049883449883453,64.22657342657342,42.739627039627045,344.28421603443354,-0.8121242937467013,0.3246092273252611,0.7274135572559701,0.6291587293936992,1.01119138829764,1.0702757567941206,-0.0972361703871966,0.4986738375667094
37.0,11.0,2013.0,7.0,11.0,8.017482517482517,29.173892773892774,29.049883449883453,64.22657342657342,42.739627039627045,344.28421603443354,-0.8121242937467013,0.3246092273252611,0.7274135572559701,0.6291587293936992,1.01119138829764,1.0702757567941206,-0.0972361703871966,0.4986738375667094
37.0,12.0,2013.0,7.0,11.0,12.0,48.0,59.0,18.0,87.0,0.0,-1.4098533722800597,1.4445689561888566,1.0588518014879,0.7754945389416091,3.220074780636047,1.2186081927784025,0.13295717298954,-0.3315470731138822
37.0,12.4,2013.0,7.0,11.0,1.0,28.0,7.0,89.0,17.0,0.0,0.5392303518506661,-1.0807600777359638,0.9313059255385768,0.6519194797129377,2.7966760153897807,1.5046101363498097,0.479669444829173,0.0689657441888333
37.0,16.5,2013.0,7.0,11.0,8.017482517482517,29.173892773892774,29.049883449883453,64.22657342657342,42.739627039627045,344.28421603443354,-0.8121242937467013,0.3246092273252611,0.7274135572559701,0.6291587293936992,1.01119138829764,1.0702757567941206,-0.0972361703871966,0.4986738375667094
37.0,19.1,2013.0,7.0,11.0,1.0,27.0,40.0,79.0,2.0,0.0,0.4703484317938413,-1.011688097441279,0.984784459684791,0.7470367272807263,1.8400244502199328,1.4345369839855378,-0.7758271106237343,-0.5313163907353988
37.0,19.7,2013.0,7.0,11.0,8.017482517482517,29.173892773892774,29.049883449883453,64.22657342657342,42.739627039627045,344.28421603443354,-0.8121242937467013,0.3246092273252611,0.7274135572559701,0.6291587293936992,1.01119138829764,1.0702757567941206,-0.0972361703871966,0.4986738375667094
37.0,20.3,2013.0,7.0,11.0,11.0,8.0,10.0,45.0,15.0,0.0,-1.6077104653118273,0.9706852694423728,1.2717830730068205,0.882682937721283,3.935574451084205,1.7806956485465513,-0.2882701829539407,-0.5313163907353988
37.1,0.6,2013.0,7.0,11.0,8.017482517482517,29.173892773892774,29.049883449883453,64.22657342657342,42.739627039627045,344.28421603443354,-0.8121242937467013,0.3246092273252611,0.7274135572559701,0.6291587293936992,1.01119138829764,1.0702757567941206,-0.0972361703871966,0.4986738375667094
37.1,16.5,2013.0,7.0,11.0,8.017482517482517,29.173892773892774,29.049883449883453,64.22657342657342,42.739627039627045,344.28421603443354,-0.8121242937467013,0.3246092273252611,0.7274135572559701,0.6291587293936992,1.01119138829764,1.0702757567941206,-0.0972361703871966,0.4986738375667094
37.1,16.8,2013.0,7.0,11.0,1.0,27.0,48.0,82.0,6.0,0.0,0.4932359884828383,-1.0357370945008528,1.0625576861627504,0.7925441921083556,2.2163028668770672,1.572105623863317,-0.7518550990844823,-0.5313163907353988
37.1,18.7,2013.0,7.0,11.0,8.017482517482517,29.173892773892774,29.049883449883453,64.22657342657342,42.739627039627045,344.28421603443354,-0.8121242937467013,0.3246092273252611,0.7274135572559701,0.6291587293936992,1.01119138829764,1.0702757567941206,-0.0972361703871966,0.4986738375667094
37.1,24.7,2013.0,7.0,11.0,8.017482517482517,29.173892773892774,29.049883449883453,64.22657342657342,42.739627039627045,344.28421603443354,-0.8121242937467013,0.3246092273252611,0.7274135572559701,0.6291587293936992,1.01119138829764,1.0702757567941206,-0.0972361703871966,0.4986738375667094
37.2,-0.2,2013.0,7.0,11.0,12.0,49.0,27.0,29.0,35.0,0.0,-1.5641239728616982,1.1406294873848526,0.8193922364935278,0.6128634750827708,2.019212388849466,0.8485308992141359,-0.6465621070646705,-0.3872745811859698
37.2,17.2,2013.0,7.0,11.0,8.017482517482517,29.173892773892774,29.049883449883453,64.22657342657342,42.739627039627045,344.28421603443354,-0.8121242937467013,0.3246092273252611,0.7274135572559701,0.6291587293936992,1.01119138829764,1.0702757567941206,-0.0972361703871966,0.4986738375667094
37.2,18.1,2013.0,7.0,11.0,8.017482517482517,29.173892773892774,29.049883449883453,64.22657342657342,42.739627039627045,344.28421603443354,-0.8121242937467013,0.3246092273252611,0.7274135572559701,0.6291587293936992,1.01119138829764,1.0702757567941206,-0.0972361703871966,0.4986738375667094
37.3,9.8,2013.0,7.0,11.0,8.017482517482517,29.173892773892774,29.049883449883453,64.22657342657342,42.739627039627045,344.28421603443354,-0.8121242937467013,0.3246092273252611,0.7274135572559701,0.6291587293936992,1.01119138829764,1.0702757567941206,-0.0972361703871966,0.4986738375667094
37.3,11.9,2013.0,7.0,11.0,8.017482517482517,29.173892773892774,29.049883449883453,64.22657342657342,42.739627039627045,344.28421603443354,-0.8121242937467013,0.3246092273252611,0.7274135572559701,0.6291587293936992,1.01119138829764,1.0702757567941206,-0.0972361703871966,0.4986738375667094
37.4,1.5,2013.0,7.0,11.0,1.0,28.0,29.0,97.0,69.0,0.0,0.6203885522489709,-1.2056597001082614,1.0672806750554291,0.7170962668624807,2.937113586299944,1.8176554710523212,-0.5453337667921555,-0.5313163907353988
37.4,5.5,2013.0,7.0,11.0,8.017482517482517,29.173892773892774,29.049883449883453,64.22657342657342,42.739627039627045,344.28421603443354,-0.8121242937467013,0.3246092273252611,0.7274135572559701,0.6291587293936992,1.01119138829764,1.0702757567941206,-0.0972361703871966,0.4986738375667094
37.4,11.2,2013.0,7.0,11.0,1.0,28.0,5.0,88.0,22.0,0.0,0.5432981135739844,-1.0955990677452787,0.8632495689594334,0.6363419772458982,1.6445401848592025,1.0529464074658172,-0.7758271106237343,-0.5313163907353988
37.4,11.4,2013.0,7.0,11.0,8.017482517482517,29.173892773892774,29.049883449883453,64.22657342657342,42.739627039627045,344.28421603443354,-0.8121242937467013,0.3246092273252611,0.7274135572559701,0.6291587293936992,1.01119138829764,1.0702757567941206,-0.0972361703871966,0.4986738375667094
37.4,16.3,2013.0,7.0,11.0,8.017482517482517,29.173892773892774,29.049883449883453,64.22657342657342,42.739627039627045,344.28421603443354,-0.8121242937467013,0.3246092273252611,0.7274135572559701,0.6291587293936992,1.01119138829764,1.0702757567941206,-0.0972361703871966,0.4986738375667094
37.5,4.3,2013.0,7.0,11.0,6.5,38.5,20.5,60.0,57.5,0.0,-0.4560136857977531,0.0462694720329217,0.987076972310416,0.6777564109043144,2.1425909428625154,1.205116862545285,-0.7074616773464341,-0.5313163907353988
37.5,4.5,2013.0,7.0,11.0,6.5,38.5,20.5,60.0,57.5,0.0,-0.4550832948954795,0.0495827582978284,0.9679423215748502,0.6690232382537284,2.1553792971065064,1.2096542642479309,-0.6945025922587957,-0.5313163907353988
37.5,6.0,2013.0,7.0,11.0,6.5,38.5,17.5,59.0,57.0,0.0,-0.4509433424462161,0.0760414693888507,0.9731819188474752,0.6859247072990331,2.043155856751396,1.0827594948525905,-0.7470313691938495,-0.5313163907353988
37.5,17.2,2013.0,7.0,11.0,8.017482517482517,29.173892773892774,29.049883449883453,64.22657342657342,42.739627039627045,344.28421603443354,-0.8121242937467013,0.3246092273252611,0.7274135572559701,0.6291587293936992,1.01119138829764,1.0702757567941206,-0.0972361703871966,0.4986738375667094
37.6,8.2,2013.0,7.0,11.0,12.0,49.0,15.0,24.0,76.0,0.0,-1.4575983194277895,1.3543469019307337,1.1147804490618056,0.7861395693988674,3.3382124325529974,1.8270322335788645,-0.0364534824898474,-0.4395883913000236
37.6,16.6,2013.0,7.0,11.0,12.0,49.0,5.0,20.0,95.0,0.0,-1.3333132405005446,1.5085759348903038,0.9956906365947512,0.8265780874672638,1.70959173501186,1.6097467766608,-0.7758271106237343,-0.5313163907353988
37.7,0.3,2013.0,7.0,11.0,8.017482517482517,29.173892773892774,29.049883449883453,64.22657342657342,42.739627039627045,344.28421603443354,-0.8121242937467013,0.3246092273252611,0.7274135572559701,0.6291587293936992,1.01119138829764,1.0702757567941206,-0.0972361703871966,0.4986738375667094
37.7,1.9,2013.0,7.0,11.0,12.0,49.0,30.0,30.0,47.0,0.0,-1.5323381681182875,1.1951711955257305,1.0027529651884322,0.6902608088799936,2.642568854359069,1.1430905232762374,-0.6372261179451766,-0.5313163907353988
37.7,6.7,2013.0,7.0,11.0,8.017482517482517,29.173892773892774,29.049883449883453,64.22657342657342,42.739627039627045,344.28421603443354,-0.8121242937467013,0.3246092273252611,0.7274135572559701,0.6291587293936992,1.01119138829764,1.0702757567941206,-0.0972361703871966,0.4986738375667094
37.7,17.7,2013.0,7.0,11.0,11.0,8.0,31.0,53.0,9.0,0.0,-1.6043941439185616,0.8617186235521469,1.0508458821495632,0.800555825181219,2.7844737270026383,1.853091683680429,-0.3491395609348309,-0.3803479631418804
37.7,26.6,2013.0,7.0,11.0,11.0,8.0,2.0,42.0,43.0,130.93729,-1.5406781309402455,1.1736804145070872,1.2767054546075487,0.9186541284880952,1.618069166524455,1.919233242272626,-0.7758271106237343,-0.5313163907353988
37.8,4.4,2013.0,7.0,11.0,12.0,49.0,25.0,28.0,60.0,0.0,-1.503091744615187,1.2616807648767645,0.9613467531841,0.6564982479341962,2.2833476946415208,1.517838604456227,0.6952383679705473,0.2281881672506081
37.8,4.8,2013.0,7.0,11.0,12.0,49.0,25.0,28.0,62.0,0.0,-1.4973905616517684,1.2706198327275977,1.0900899924156024,0.7415696618736836,2.693225209044605,1.7170527788761247,-0.364175260558517,-0.5313163907353988
37.8,6.0,2013.0,7.0,11.0,8.017482517482517,29.173892773892774,29.049883449883453,64.22657342657342,42.739627039627045,344.28421603443354,-0.8121242937467013,0.3246092273252611,0.7274135572559701,0.6291587293936992,1.01119138829764,1.0702757567941206,-0.0972361703871966,0.4986738375667094
37.8,7.6,2013.0,7.0,11.0,8.017482517482517,29.173892773892774,29.049883449883453,64.22657342657342,42.739627039627045,344.28421603443354,-0.8121242937467013,0.3246092273252611,0.7274135572559701,0.6291587293936992,1.01119138829764,1.0702757567941206,-0.0972361703871966,0.4986738375667094
37.8,9.2,2013.0,7.0,11.0,8.017482517482517,29.173892773892774,29.049883449883453,64.22657342657342,42.739627039627045,344.28421603443354,-0.8121242937467013,0.3246092273252611,0.7274135572559701,0.6291587293936992,1.01119138829764,1.0702757567941206,-0.0972361703871966,0.4986738375667094
37.8,10.8,2013.0,7.0,11.0,1.0,27.0,59.0,86.0,24.0,0.0,0.5392907403681713,-1.1008328589769467,0.8727640250485645,0.6569633926423885,1.5670183299301277,0.9382350435125394,-0.7758271106237343,-0.5313163907353988
37.8,11.4,2013.0,7.0,11.0,1.0,27.0,57.0,85.0,22.0,0.0,0.5333563563449997,-1.0952134310740882,0.7188701146881394,0.5809509949120911,1.287087656746116,0.9932501187487096,0.8845927375971518,0.7308887039779471
37.8,18.5,2013.0,7.0,11.0,8.017482517482517,29.173892773892774,29.049883449883453,64.22657342657342,42.739627039627045,344.28421603443354,-0.8121242937467013,0.3246092273252611,0.7274135572559701,0.6291587293936992,1.01119138829764,1.0702757567941206,-0.0972361703871966,0.4986738375667094
37.8,18.7,2013.0,7.0,11.0,8.017482517482517,29.173892773892774,29.049883449883453,64.22657342657342,42.739627039627045,344.28421603443354,-0.8121242937467013,0.3246092273252611,0.7274135572559701,0.6291587293936992,1.01119138829764,1.0702757567941206,-0.0972361703871966,0.4986738375667094
37.8,19.5,2013.0,7.0,11.0,8.017482517482517,29.173892773892774,29.049883449883453,64.22657342657342,42.739627039627045,344.28421603443354,-0.8121242937467013,0.3246092273252611,0.7274135572559701,0.6291587293936992,1.01119138829764,1.0702757567941206,-0.0972361703871966,0.4986738375667094
37.8,20.2,2013.0,7.0,11.0,8.017482517482517,29.173892773892774,29.049883449883453,64.22657342657342,42.739627039627045,344.28421603443354,-0.8121242937467013,0.3246092273252611,0.7274135572559701,0.6291587293936992,1.01119138829764,1.0702757567941206,-0.0972361703871966,0.4986738375667094
37.8,28.2,2013.0,7.0,11.0,11.0,8.0,0.0,41.0,52.0,193.51505,-1.520755099470638,1.2193476955495866,1.440914412990938,2.203388657770436,-0.1668864714286791,0.9837700098332364,-0.4358720213841414,-0.203971511539368
37.9,8.1,2013.0,7.0,11.0,12.0,49.0,20.0,26.0,76.0,0.0,-1.4540658997081957,1.3459873930084545,1.006216154698435,0.7405198561086652,2.5390959228335404,1.7741936880293625,-0.5046244811147407,-0.4308630666670937
37.9,9.3,2013.0,7.0,11.0,6.5,38.5,10.0,56.0,55.5,0.0,-0.4437032881478427,0.1269224564197268,0.9276931914975344,0.6936137269848734,1.9602397319987743,1.1742652286599158,-0.7557449246088939,-0.5313163907353988
37.9,10.3,2013.0,7.0,11.0,8.017482517482517,29.173892773892774,29.049883449883453,64.22657342657342,42.739627039627045,344.28421603443354,-0.8121242937467013,0.3246092273252611,0.7274135572559701,0.6291587293936992,1.01119138829764,1.0702757567941206,-0.0972361703871966,0.4986738375667094
37.9,14.1,2013.0,7.0,11.0,1.0,27.0,46.0,81.0,13.0,826.70337,0.5059833874192802,-1.0658872586573376,0.5339756733954656,0.1974375679223937,1.474994424969725,0.8919393800011899,-0.7758271106237343,-0.5313163907353988
37.9,15.1,2013.0,7.0,11.0,11.0,8.0,44.0,58.0,4.0,775.3062,-1.6065761529649485,0.755100877869713,0.9798499936775104,1.6597701611011102,0.95480930969209,1.187730298745026,-0.7758271106237343,-0.3014065635222229
37.9,19.8,2013.0,7.0,11.0,8.017482517482517,29.173892773892774,29.049883449883453,64.22657342657342,42.739627039627045,344.28421603443354,-0.8121242937467013,0.3246092273252611,0.7274135572559701,0.6291587293936992,1.01119138829764,1.0702757567941206,-0.0972361703871966,0.4986738375667094
38.0,5.9,2013.0,7.0,11.0,1.0,28.0,10.0,90.0,48.0,0.0,0.5772054727274619,-1.1561816811202958,0.9106607239844552,0.6959612541840268,1.724066631412754,0.7601797715738363,-0.7758271106237343,-0.5313163907353988
38.0,10.8,2013.0,7.0,11.0,8.017482517482517,29.173892773892774,29.049883449883453,64.22657342657342,42.739627039627045,344.28421603443354,-0.8121242937467013,0.3246092273252611,0.7274135572559701,0.6291587293936992,1.01119138829764,1.0702757567941206,-0.0972361703871966,0.4986738375667094
38.0,11.8,2013.0,7.0,11.0,8.017482517482517,29.173892773892774,29.049883449883453,64.22657342657342,42.739627039627045,344.28421603443354,-0.8121242937467013,0.3246092273252611,0.7274135572559701,0.6291587293936992,1.01119138829764,1.0702757567941206,-0.0972361703871966,0.4986738375667094
38.0,18.3,2013.0,7.0,11.0,1.0,27.0,27.0,74.0,4.0,0.0,0.4611841436683301,-1.022896668993142,1.0857325568210123,0.7661771090056465,2.6327450228598663,1.71067241001199,-0.6820517663062523,-0.5313163907353988
38.0,18.8,2013.0,7.0,11.0,11.0,8.0,31.0,53.0,12.0,0.0,-1.5944013870437708,0.902687981521088,0.939917072238215,0.7428568852501719,2.46699146859838,1.4852966120114346,-0.7307417665413974,-0.3881543588468698
38.1,5.5,2013.0,7.0,11.0,8.017482517482517,29.173892773892774,29.049883449883453,64.22657342657342,42.739627039627045,344.28421603443354,-0.8121242937467013,0.3246092273252611,0.7274135572559701,0.6291587293936992,1.01119138829764,1.0702757567941206,-0.0972361703871966,0.4986738375667094
38.1,19.4,2013.0,7.0,11.0,8.017482517482517,29.173892773892774,29.049883449883453,64.22657342657342,42.739627039627045,344.28421603443354,-0.8121242937467013,0.3246092273252611,0.7274135572559701,0.6291587293936992,1.01119138829764,1.0702757567941206,-0.0972361703871966,0.4986738375667094
38.2,-1.2,2013.0,7.0,11.0,6.5,38.5,34.0,65.0,56.0,270.236365,-0.465709888768422,-0.07471919469601,1.131141224977569,1.1398054034033755,0.7631744485790127,0.9470892747069048,-0.7758271106237343,-0.5313163907353988
38.2,13.1,2013.0,7.0,11.0,8.017482517482517,29.173892773892774,29.049883449883453,64.22657342657342,42.739627039627045,344.28421603443354,-0.8121242937467013,0.3246092273252611,0.7274135572559701,0.6291587293936992,1.01119138829764,1.0702757567941206,-0.0972361703871966,0.4986738375667094
38.2,19.8,2013.0,7.0,11.0,11.0,8.0,31.0,53.0,15.0,0.0,-1.5849393658952746,0.9373902529512864,1.1261236786752744,0.834033323484669,3.06895326184046,1.4734631246706058,-0.6556676900846058,-0.4393006875437998
38.3,-3.6,2013.0,7.0,11.0,8.017482517482517,29.173892773892774,29.049883449883453,64.22657342657342,42.739627039627045,344.28421603443354,-0.8121242937467013,0.3246092273252611,0.7274135572559701,0.6291587293936992,1.01119138829764,1.0702757567941206,-0.0972361703871966,0.4986738375667094
38.3,1.2,2013.0,7.0,11.0,12.0,49.0,41.0,34.0,44.0,0.0,-1.530407697082955,1.1633172875746625,1.0556947502771186,0.7865336503321928,2.3307941382183537,1.417649428159068,-0.6837753052782067,-0.5313163907353988
38.3,1.4,2013.0,7.0,11.0,12.0,49.0,41.0,34.0,45.0,0.0,-1.5280587380292314,1.16797264833114,1.0608980943300983,0.7863535682663481,2.288906143360185,1.4008482766905566,-0.6805489710147614,-0.5313163907353988
38.3,5.1,2013.0,7.0,11.0,8.017482517482517,29.173892773892774,29.049883449883453,64.22657342657342,42.739627039627045,344.28421603443354,-0.8121242937467013,0.3246092273252611,0.7274135572559701,0.6291587293936992,1.01119138829764,1.0702757567941206,-0.0972361703871966,0.4986738375667094
38.3,7.0,2013.0,7.0,11.0,6.5,38.5,15.0,58.0,57.5,0.0,-0.4505185290612104,0.0838977985031703,0.8763999208688267,0.6899910895526735,1.6156573961547342,1.3056962920097237,-0.7196000703679675,-0.3477281737441602
38.3,7.5,2013.0,7.0,11.0,8.017482517482517,29.173892773892774,29.049883449883453,64.22657342657342,42.739627039627045,344.28421603443354,-0.8121242937467013,0.3246092273252611,0.7274135572559701,0.6291587293936992,1.01119138829764,1.0702757567941206,-0.0972361703871966,0.4986738375667094
38.3,10.7,2013.0,7.0,11.0,8.017482517482517,29.173892773892774,29.049883449883453,64.22657342657342,42.739627039627045,344.28421603443354,-0.8121242937467013,0.3246092273252611,0.7274135572559701,0.6291587293936992,1.01119138829764,1.0702757567941206,-0.0972361703871966,0.4986738375667094
38.3,10.9,2013.0,7.0,11.0,8.017482517482517,29.173892773892774,29.049883449883453,64.22657342657342,42.739627039627045,344.28421603443354,-0.8121242937467013,0.3246092273252611,0.7274135572559701,0.6291587293936992,1.01119138829764,1.0702757567941206,-0.0972361703871966,0.4986738375667094
38.3,17.3,2013.0,7.0,11.0,1.0,27.0,27.0,74.0,6.0,0.0,0.4671782550208597,-1.0339342185314424,0.7384770643129744,0.581631753573557,0.8691207489877453,1.6265463642495297,0.5315445407940048,0.6874368277433625
38.3,18.1,2013.0,7.0,11.0,8.017482517482517,29.173892773892774,29.049883449883453,64.22657342657342,42.739627039627045,344.28421603443354,-0.8121242937467013,0.3246092273252611,0.7274135572559701,0.6291587293936992,1.01119138829764,1.0702757567941206,-0.0972361703871966,0.4986738375667094
38.3,18.3,2013.0,7.0,11.0,8.017482517482517,29.173892773892774,29.049883449883453,64.22657342657342,42.739627039627045,344.28421603443354,-0.8121242937467013,0.3246092273252611,0.7274135572559701,0.6291587293936992,1.01119138829764,1.0702757567941206,-0.0972361703871966,0.4986738375667094
38.3,19.4,2013.0,7.0,11.0,11.0,8.0,34.0,54.0,14.0,0.0,-1.58511301594251,0.9225712071285922,1.1782487592880635,0.8420498018149063,3.707755491750194,1.7659671590825174,0.0745193346079234,-0.2738982020174608
38.3,20.5,2013.0,7.0,11.0,1.0,27.0,14.0,69.0,1.0,171.25284,0.4342189074337965,-1.0022150135677477,0.8842955699974071,0.6458693683348617,2.059393602039159,1.1620438339714807,-0.7758271106237343,-0.5313163907353988
38.4,-1.2,2013.0,7.0,11.0,8.017482517482517,29.173892773892774,29.049883449883453,64.22657342657342,42.739627039627045,344.28421603443354,-0.8121242937467013,0.3246092273252611,0.7274135572559701,0.6291587293936992,1.01119138829764,1.0702757567941206,-0.0972361703871966,0.4986738375667094
38.4,1.6,2013.0,7.0,11.0,8.017482517482517,29.173892773892774,29.049883449883453,64.22657342657342,42.739627039627045,344.28421603443354,-0.8121242937467013,0.3246092273252611,0.7274135572559701,0.6291587293936992,1.01119138829764,1.0702757567941206,-0.0972361703871966,0.4986738375667094
38.4,5.4,2013.0,7.0,11.0,8.017482517482517,29.173892773892774,29.049883449883453,64.22657342657342,42.739627039627045,344.28421603443354,-0.8121242937467013,0.3246092273252611,0.7274135572559701,0.6291587293936992,1.01119138829764,1.0702757567941206,-0.0972361703871966,0.4986738375667094
38.4,6.4,2013.0,7.0,11.0,6.5,38.5,16.5,58.5,58.0,0.0,-0.4516601144777157,0.0736497676809275,0.8824139271944305,0.6897213702253535,1.579989782612664,1.3223005249490118,-0.125627204547594,0.0573364771249177
38.4,6.7,2013.0,7.0,11.0,12.0,49.0,31.0,30.0,71.0,0.0,-1.4652418086943877,1.3040035309341012,0.9028018315924584,0.6991922333115858,1.654932734062477,1.7267041326277333,-0.6905625521708267,-0.2670834309897326
38.4,8.0,2013.0,7.0,11.0,6.5,38.0,42.5,57.0,57.0,0.0,-0.4486393441865475,0.0997569532834115,0.8231842225650385,0.6509403339513345,1.8793693064500352,1.322078519181618,-0.0027470229129982,0.0966962761435023
38.4,9.4,2013.0,7.0,11.0,1.0,27.0,54.0,84.0,31.0,0.0,0.5407964861769178,-1.1181813330140038,0.9232426052691308,0.6749554483689635,1.920718251459605,1.099071608080923,-0.7758271106237343,-0.5313163907353988
38.4,10.4,2013.0,7.0,11.0,8.017482517482517,29.173892773892774,29.049883449883453,64.22657342657342,42.739627039627045,344.28421603443354,-0.8121242937467013,0.3246092273252611,0.7274135572559701,0.6291587293936992,1.01119138829764,1.0702757567941206,-0.0972361703871966,0.4986738375667094
38.4,12.3,2013.0,7.0,11.0,12.0,49.0,23.0,27.0,88.0,0.0,-1.3886568703980515,1.4184169268309694,1.0160528616288629,0.8401383477796833,2.256484960045525,1.909310034085572,-0.6073924963094185,0.4967269837302973
38.4,16.2,2013.0,7.0,11.0,8.017482517482517,29.173892773892774,29.049883449883453,64.22657342657342,42.739627039627045,344.28421603443354,-0.8121242937467013,0.3246092273252611,0.7274135572559701,0.6291587293936992,1.01119138829764,1.0702757567941206,-0.0972361703871966,0.4986738375667094
38.4,16.5,2013.0,7.0,11.0,11.0,8.0,47.0,59.0,7.0,240.61389,-1.592811471983801,0.8092292286372096,0.9541988267107052,1.284744009950115,0.8506600516307729,1.568493452536727,-0.6101833573946767,0.0328189183093305
38.4,17.5,2013.0,7.0,11.0,8.017482517482517,29.173892773892774,29.049883449883453,64.22657342657342,42.739627039627045,344.28421603443354,-0.8121242937467013,0.3246092273252611,0.7274135572559701,0.6291587293936992,1.01119138829764,1.0702757567941206,-0.0972361703871966,0.4986738375667094
38.4,17.8,2013.0,7.0,11.0,11.0,8.0,42.0,57.0,10.0,0.0,-1.5889639740721424,0.8615424867010559,0.8539284633750757,0.6779998850875065,2.2836076655106674,1.8941202000858328,0.7017338618926238,0.6173742785837386
38.5,-0.6,2013.0,7.0,11.0,12.0,49.0,49.0,37.0,35.0,449.83987,-1.5445620382792469,1.1045313682071516,1.4856629704397903,1.8088587305912456,0.4013124725905894,1.0830298505699123,-0.7758271106237343,-0.5313163907353988
38.5,12.6,2013.0,7.0,11.0,8.017482517482517,29.173892773892774,29.049883449883453,64.22657342657342,42.739627039627045,344.28421603443354,-0.8121242937467013,0.3246092273252611,0.7274135572559701,0.6291587293936992,1.01119138829764,1.0702757567941206,-0.0972361703871966,0.4986738375667094
38.5,18.0,2013.0,7.0,11.0,1.0,27.0,22.0,72.0,5.0,0.0,0.4577724128253272,-1.0280397914502095,1.1128086767266565,0.7661189659171225,2.8838145296747544,1.926994907954257,-0.3855348567802376,-0.4452108160390814
38.5,23.7,2013.0,7.0,11.0,11.0,8.0,23.0,50.0,30.0,72.42507,-1.552615331959894,1.0685418013367036,1.1808942372882871,1.524920187956169,0.104535988792865,1.3286202283099346,-0.4393219773076069,-0.3424325238397975
38.6,-3.5,2013.0,7.0,11.0,8.017482517482517,29.173892773892774,29.049883449883453,64.22657342657342,42.739627039627045,344.28421603443354,-0.8121242937467013,0.3246092273252611,0.7274135572559701,0.6291587293936992,1.01119138829764,1.0702757567941206,-0.0972361703871966,0.4986738375667094
38.6,2.1,2013.0,7.0,11.0,6.5,38.5,26.0,62.0,58.5,0.0,-0.4618472937273872,-0.0104446069591398,1.0074830033182638,0.7627971382137446,2.113436115008708,1.7046404605309646,-0.2810738215563302,-0.3360697886069861
38.6,4.2,2013.0,7.0,11.0,12.0,49.0,39.0,33.0,60.0,0.0,-1.492569442152768,1.240114549203928,1.0386265330613351,0.7578658775183091,1.9628870852547533,2.0714715957992977,-0.5254747808927838,-0.4434364739451155
38.6,6.2,2013.0,7.0,11.0,8.017482517482517,29.173892773892774,29.049883449883453,64.22657342657342,42.739627039627045,344.28421603443354,-0.8121242937467013,0.3246092273252611,0.7274135572559701,0.6291587293936992,1.01119138829764,1.0702757567941206,-0.0972361703871966,0.4986738375667094
38.6,8.7,2013.0,7.0,11.0,8.017482517482517,29.173892773892774,29.049883449883453,64.22657342657342,42.739627039627045,344.28421603443354,-0.8121242937467013,0.3246092273252611,0.7274135572559701,0.6291587293936992,1.01119138829764,1.0702757567941206,-0.0972361703871966,0.4986738375667094
38.6,11.0,2013.0,7.0,11.0,8.017482517482517,29.173892773892774,29.049883449883453,64.22657342657342,42.739627039627045,344.28421603443354,-0.8121242937467013,0.3246092273252611,0.7274135572559701,0.6291587293936992,1.01119138829764,1.0702757567941206,-0.0972361703871966,0.4986738375667094
38.6,11.4,2013.0,7.0,11.0,1.0,27.0,43.0,80.0,23.0,0.0,0.5181418660724151,-1.0973622147968145,1.0140619556500088,0.7769739575273816,2.215638608621472,1.7727830684659531,-0.73744377094596,-0.4010735456504941
38.6,18.2,2013.0,7.0,11.0,8.017482517482517,29.173892773892774,29.049883449883453,64.22657342657342,42.739627039627045,344.28421603443354,-0.8121242937467013,0.3246092273252611,0.7274135572559701,0.6291587293936992,1.01119138829764,1.0702757567941206,-0.0972361703871966,0.4986738375667094
38.6,19.5,2013.0,7.0,11.0,8.017482517482517,29.173892773892774,29.049883449883453,64.22657342657342,42.739627039627045,344.28421603443354,-0.8121242937467013,0.3246092273252611,0.7274135572559701,0.6291587293936992,1.01119138829764,1.0702757567941206,-0.0972361703871966,0.4986738375667094
38.7,-0.0,2013.0,7.0,11.0,8.017482517482517,29.173892773892774,29.049883449883453,64.22657342657342,42.739627039627045,344.28421603443354,-0.8121242937467013,0.3246092273252611,0.7274135572559701,0.6291587293936992,1.01119138829764,1.0702757567941206,-0.0972361703871966,0.4986738375667094
38.7,5.6,2013.0,7.0,11.0,1.0,28.0,0.0,86.0,51.0,0.0,0.5665265347928131,-1.1625185355148189,0.9858418452577768,0.757696293510111,1.9186535698566705,1.2584058054720175,-0.7043683503207172,-0.4267310010153902
38.7,7.9,2013.0,7.0,11.0,12.0,49.0,34.0,31.0,76.0,0.0,-1.4447276089017709,1.3258479348926433,0.6390546235034935,0.569112416054302,0.5906332409767543,1.4571652818452838,0.6321271454386331,0.9479949570590708
38.7,8.4,2013.0,7.0,11.0,8.017482517482517,29.173892773892774,29.049883449883453,64.22657342657342,42.739627039627045,344.28421603443354,-0.8121242937467013,0.3246092273252611,0.7274135572559701,0.6291587293936992,1.01119138829764,1.0702757567941206,-0.0972361703871966,0.4986738375667094
38.7,12.4,2013.0,7.0,11.0,8.017482517482517,29.173892773892774,29.049883449883453,64.22657342657342,42.739627039627045,344.28421603443354,-0.8121242937467013,0.3246092273252611,0.7274135572559701,0.6291587293936992,1.01119138829764,1.0702757567941206,-0.0972361703871966,0.4986738375667094
38.7,13.7,2013.0,7.0,11.0,8.017482517482517,29.173892773892774,29.049883449883453,64.22657342657342,42.739627039627045,344.28421603443354,-0.8121242937467013,0.3246092273252611,0.7274135572559701,0.6291587293936992,1.01119138829764,1.0702757567941206,-0.0972361703871966,0.4986738375667094
38.7,14.2,2013.0,7.0,11.0,8.017482517482517,29.173892773892774,29.049883449883453,64.22657342657342,42.739627039627045,344.28421603443354,-0.8121242937467013,0.3246092273252611,0.7274135572559701,0.6291587293936992,1.01119138829764,1.0702757567941206,-0.0972361703871966,0.4986738375667094
38.7,16.1,2013.0,7.0,11.0,8.017482517482517,29.173892773892774,29.049883449883453,64.22657342657342,42.739627039627045,344.28421603443354,-0.8121242937467013,0.3246092273252611,0.7274135572559701,0.6291587293936992,1.01119138829764,1.0702757567941206,-0.0972361703871966,0.4986738375667094
38.7,19.0,2013.0,7.0,11.0,8.017482517482517,29.173892773892774,29.049883449883453,64.22657342657342,42.739627039627045,344.28421603443354,-0.8121242937467013,0.3246092273252611,0.7274135572559701,0.6291587293936992,1.01119138829764,1.0702757567941206,-0.0972361703871966,0.4986738375667094
38.7,19.9,2013.0,7.0,11.0,11.0,8.0,39.0,56.0,16.0,0.0,-1.5733611018814997,0.9358289395964569,1.1618210156193445,0.847414309274138,3.7723989831788423,1.7225571144156813,0.0383019261492406,-0.2432560391517884
38.7,21.1,2013.0,7.0,11.0,11.0,8.0,34.0,54.0,20.0,295.88077,-1.5676780575129374,0.9806049877977128,1.268486044086857,1.4124262323486858,0.8573876149930864,1.2208433679568975,-0.3919265757032601,-0.4572196470350786
38.8,-0.5,2013.0,7.0,11.0,12.0,49.0,54.0,39.0,36.0,614.27246,-1.5371774482517493,1.101399419491446,1.496742357176948,1.9107924477455691,0.4701529598786856,1.1697851692159449,-0.7758271106237343,-0.5313163907353988
38.8,4.5,2013.0,7.0,11.0,6.5,38.5,20.5,60.0,59.5,0.0,-0.4565054885619403,0.0345030090836639,0.970812368130104,0.7468235359561352,1.7212421510026996,1.7755708796624303,-0.7758271106237343,-0.2918955288351847
38.8,4.9,2013.0,7.0,11.0,8.017482517482517,29.173892773892774,29.049883449883453,64.22657342657342,42.739627039627045,344.28421603443354,-0.8121242937467013,0.3246092273252611,0.7274135572559701,0.6291587293936992,1.01119138829764,1.0702757567941206,-0.0972361703871966,0.4986738375667094
38.8,6.1,2013.0,7.0,11.0,12.0,49.0,39.0,33.0,69.0,0.0,-1.465959859022973,1.2819293885896996,0.935405560460132,0.7130666278106104,1.6333498720507025,1.7925077628636925,-0.7460061463597238,-0.3777276637179727
38.8,6.3,2013.0,7.0,11.0,12.0,49.0,39.0,33.0,70.0,0.0,-1.4626910329783296,1.286798542195377,0.7598030207693232,0.6211706688556283,1.0241058774024614,1.6046400575558302,0.1751231047617163,0.6931832047651924
38.8,8.1,2013.0,7.0,11.0,1.0,27.0,52.0,83.0,38.0,0.0,0.544563495451376,-1.134075291994452,0.8665566682181846,0.6387129231890408,2.564271612427625,1.1425735306849547,0.5416020861776576,0.4418177647242245
38.8,12.0,2013.0,7.0,11.0,1.0,27.0,38.0,78.0,21.0,0.0,0.5088306839800524,-1.0913523788275652,1.0707811248189594,0.8323697851185673,2.997782087940186,2.1541463611240155,0.3253840285675086,0.1140954218951174
38.8,13.1,2013.0,7.0,11.0,8.017482517482517,29.173892773892774,29.049883449883453,64.22657342657342,42.739627039627045,344.28421603443354,-0.8121242937467013,0.3246092273252611,0.7274135572559701,0.6291587293936992,1.01119138829764,1.0702757567941206,-0.0972361703871966,0.4986738375667094
38.8,13.3,2013.0,7.0,11.0,8.017482517482517,29.173892773892774,29.049883449883453,64.22657342657342,42.739627039627045,344.28421603443354,-0.8121242937467013,0.3246092273252611,0.7274135572559701,0.6291587293936992,1.01119138829764,1.0702757567941206,-0.0972361703871966,0.4986738375667094
38.8,13.6,2013.0,7.0,11.0,8.017482517482517,29.173892773892774,29.049883449883453,64.22657342657342,42.739627039627045,344.28421603443354,-0.8121242937467013,0.3246092273252611,0.7274135572559701,0.6291587293936992,1.01119138829764,1.0702757567941206,-0.0972361703871966,0.4986738375667094
38.8,18.0,2013.0,7.0,11.0,8.017482517482517,29.173892773892774,29.049883449883453,64.22657342657342,42.739627039627045,344.28421603443354,-0.8121242937467013,0.3246092273252611,0.7274135572559701,0.6291587293936992,1.01119138829764,1.0702757567941206,-0.0972361703871966,0.4986738375667094
38.8,20.8,2013.0,7.0,11.0,6.0,17.5,20.0,60.0,10.0,154.401025,-0.5732549841283198,-0.0162976860372372,0.993344247656599,0.833327934764868,1.4165042479042302,1.2065904934315794,-0.6682402894436319,-0.4713021332615642
38.9,-5.0,2013.0,7.0,11.0,8.017482517482517,29.173892773892774,29.049883449883453,64.22657342657342,42.739627039627045,344.28421603443354,-0.8121242937467013,0.3246092273252611,0.7274135572559701,0.6291587293936992,1.01119138829764,1.0702757567941206,-0.0972361703871966,0.4986738375667094
38.9,-0.2,2013.0,7.0,11.0,6.5,38.5,31.0,64.0,57.5,277.9631,-0.4650998765831982,-0.0593161619918891,1.1637202815152057,1.03725310839059,2.0339922607477243,1.9069008121196656,-0.4848482073325966,-0.3521927493170302
38.9,5.7,2013.0,7.0,11.0,8.017482517482517,29.173892773892774,29.049883449883453,64.22657342657342,42.739627039627045,344.28421603443354,-0.8121242937467013,0.3246092273252611,0.7274135572559701,0.6291587293936992,1.01119138829764,1.0702757567941206,-0.0972361703871966,0.4986738375667094
38.9,6.5,2013.0,7.0,11.0,12.0,49.0,39.0,33.0,71.0,0.0,-1.4593708987334113,1.2916892836045304,0.911748320573816,0.7014372025629279,1.5974660980108093,1.7239778991976735,-0.6654350759802612,-0.1346668790757577
38.9,11.3,2013.0,7.0,11.0,12.0,49.0,31.0,30.0,86.0,0.0,-1.3969594320104453,1.3922556981250105,0.9585915084910585,0.7758845821604547,2.376313428301946,1.988794745301537,-0.4492561933219031,1.6277531376618974
38.9,11.5,2013.0,7.0,11.0,1.0,27.0,38.0,78.0,23.0,0.0,0.5115148874643506,-1.097057287072711,1.0333537036707054,0.8060035095587523,2.2724520490077214,1.995910789279812,-0.715619597315671,-0.1959640093178371
38.9,18.8,2013.0,7.0,11.0,1.0,27.0,11.0,68.0,4.0,0.0,0.4417081855847065,-1.0212566828135985,1.1000898388344285,0.7898655723217749,3.2513834193704607,1.6783677363241232,-0.6406645773996912,-0.5313163907353988
38.9,19.6,2013.0,7.0,11.0,8.017482517482517,29.173892773892774,29.049883449883453,64.22657342657342,42.739627039627045,344.28421603443354,-0.8121242937467013,0.3246092273252611,0.7274135572559701,0.6291587293936992,1.01119138829764,1.0702757567941206,-0.0972361703871966,0.4986738375667094
39.0,6.1,2013.0,7.0,11.0,8.017482517482517,29.173892773892774,29.049883449883453,64.22657342657342,42.739627039627045,344.28421603443354,-0.8121242937467013,0.3246092273252611,0.7274135572559701,0.6291587293936992,1.01119138829764,1.0702757567941206,-0.0972361703871966,0.4986738375667094
39.0,6.5,2013.0,7.0,11.0,6.5,38.0,46.5,58.5,59.0,0.0,-0.4522435799588025,0.0670134745066515,0.9140393226486204,0.7091363165349747,1.9582803964250208,1.540179148436076,-0.0869704435696749,0.0660816500325032
39.0,6.9,2013.0,7.0,11.0,8.017482517482517,29.173892773892774,29.049883449883453,64.22657342657342,42.739627039627045,344.28421603443354,-0.8121242937467013,0.3246092273252611,0.7274135572559701,0.6291587293936992,1.01119138829764,1.0702757567941206,-0.0972361703871966,0.4986738375667094
39.0,10.5,2013.0,7.0,11.0,8.017482517482517,29.173892773892774,29.049883449883453,64.22657342657342,42.739627039627045,344.28421603443354,-0.8121242937467013,0.3246092273252611,0.7274135572559701,0.6291587293936992,1.01119138829764,1.0702757567941206,-0.0972361703871966,0.4986738375667094
39.0,13.2,2013.0,7.0,11.0,11.5,29.0,21.0,49.0,46.0,0.0,-1.4749698258347714,1.053274869920863,0.8432634710791426,0.7545965401031804,1.4050744551606598,1.584882652005983,-0.4131453219722557,1.1949643314331757
39.0,18.0,2013.0,7.0,11.0,11.0,8.0,50.0,60.0,11.0,0.0,-1.5766057064003265,0.864681304263322,0.9419754494869657,0.707295118731715,2.1627283768987344,2.0679179396412186,-0.7128555098270425,-0.2674383135217139
39.1,6.0,2013.0,7.0,11.0,12.0,49.0,44.0,35.0,69.0,0.0,-1.4619148642115465,1.2737861256761067,0.9404346876520376,0.7125869473302916,1.6104105856297906,1.8711186562514373,-0.7009158629229021,-0.2275832859372828
39.1,8.4,2013.0,7.0,11.0,12.0,49.0,39.0,33.0,78.0,19.271667,-1.4326787111643424,1.3291888927965514,1.1760806153464949,1.0887065115626935,1.0827637532781311,1.9151648090196225,-0.7195397939111583,-0.3232429245068869
39.1,10.8,2013.0,7.0,11.0,12.0,49.0,36.0,32.0,85.0,0.0,-1.3995318065393338,1.377700857578952,1.0413696933478302,0.8027862586604301,2.637836077143575,2.013056515593635,-0.4360555367216858,1.1514334213447583
39.1,11.6,2013.0,7.0,11.0,6.0,18.0,27.0,74.0,11.5,0.0,-0.5349109092452108,-0.2377678327723468,1.01518882656065,0.8088359662670543,2.2809048107369283,2.1181961533408744,-0.5083686574789528,0.9707502598018464
39.2,6.4,2013.0,7.0,11.0,8.017482517482517,29.173892773892774,29.049883449883453,64.22657342657342,42.739627039627045,344.28421603443354,-0.8121242937467013,0.3246092273252611,0.7274135572559701,0.6291587293936992,1.01119138829764,1.0702757567941206,-0.0972361703871966,0.4986738375667094
39.2,6.6,2013.0,7.0,11.0,8.017482517482517,29.173892773892774,29.049883449883453,64.22657342657342,42.739627039627045,344.28421603443354,-0.8121242937467013,0.3246092273252611,0.7274135572559701,0.6291587293936992,1.01119138829764,1.0702757567941206,-0.0972361703871966,0.4986738375667094
39.2,6.8,2013.0,7.0,11.0,8.017482517482517,29.173892773892774,29.049883449883453,64.22657342657342,42.739627039627045,344.28421603443354,-0.8121242937467013,0.3246092273252611,0.7274135572559701,0.6291587293936992,1.01119138829764,1.0702757567941206,-0.0972361703871966,0.4986738375667094
39.2,9.4,2013.0,7.0,11.0,8.017482517482517,29.173892773892774,29.049883449883453,64.22657342657342,42.739627039627045,344.28421603443354,-0.8121242937467013,0.3246092273252611,0.7274135572559701,0.6291587293936992,1.01119138829764,1.0702757567941206,-0.0972361703871966,0.4986738375667094
39.2,11.4,2013.0,7.0,11.0,8.017482517482517,29.173892773892774,29.049883449883453,64.22657342657342,42.739627039627045,344.28421603443354,-0.8121242937467013,0.3246092273252611,0.7274135572559701,0.6291587293936992,1.01119138829764,1.0702757567941206,-0.0972361703871966,0.4986738375667094
39.3,5.8,2013.0,7.0,11.0,1.0,27.0,49.0,82.0,51.0,0.0,0.5531351386003471,-1.162317683081907,0.8871021734182816,0.7093002477428955,1.492693060717042,1.2600722497031072,-0.7758271106237343,-0.3796522535303322
39.3,7.5,2013.0,7.0,11.0,6.5,38.0,44.0,57.5,58.5,0.0,-0.4513327712455084,0.0809723690187891,0.7291640149996487,0.6052285607709724,1.3597825767319454,1.2974212827896348,-0.0570578717155808,0.7357171143346674
39.3,10.6,2013.0,7.0,11.0,8.017482517482517,29.173892773892774,29.049883449883453,64.22657342657342,42.739627039627045,344.28421603443354,-0.8121242937467013,0.3246092273252611,0.7274135572559701,0.6291587293936992,1.01119138829764,1.0702757567941206,-0.0972361703871966,0.4986738375667094
39.3,12.3,2013.0,7.0,11.0,11.0,9.0,19.0,71.0,1.0,0.0,-1.574776992220951,0.6494674624310145,0.9748651759762847,0.8097287049387657,1.9641195583694129,1.9081246132107776,-0.6153229411276027,1.3541937469381873
39.3,18.4,2013.0,7.0,11.0,1.0,27.0,6.0,66.0,5.0,0.0,0.4382325398874097,-1.02632180706481,1.0984101063241951,0.7746086643845117,3.129176745648604,1.8079538125010572,-0.6573106654923222,-0.5313163907353988
39.4,10.7,2013.0,7.0,11.0,8.017482517482517,29.173892773892774,29.049883449883453,64.22657342657342,42.739627039627045,344.28421603443354,-0.8121242937467013,0.3246092273252611,0.7274135572559701,0.6291587293936992,1.01119138829764,1.0702757567941206,-0.0972361703871966,0.4986738375667094
39.4,25.2,2013.0,7.0,11.0,8.017482517482517,29.173892773892774,29.049883449883453,64.22657342657342,42.739627039627045,344.28421603443354,-0.8121242937467013,0.3246092273252611,0.7274135572559701,0.6291587293936992,1.01119138829764,1.0702757567941206,-0.0972361703871966,0.4986738375667094
39.5,5.9,2013.0,7.0,11.0,8.017482517482517,29.173892773892774,29.049883449883453,64.22657342657342,42.739627039627045,344.28421603443354,-0.8121242937467013,0.3246092273252611,0.7274135572559701,0.6291587293936992,1.01119138829764,1.0702757567941206,-0.0972361703871966,0.4986738375667094
39.5,6.5,2013.0,7.0,11.0,8.017482517482517,29.173892773892774,29.049883449883453,64.22657342657342,42.739627039627045,344.28421603443354,-0.8121242937467013,0.3246092273252611,0.7274135572559701,0.6291587293936992,1.01119138829764,1.0702757567941206,-0.0972361703871966,0.4986738375667094
39.5,6.7,2013.0,7.0,11.0,8.017482517482517,29.173892773892774,29.049883449883453,64.22657342657342,42.739627039627045,344.28421603443354,-0.8121242937467013,0.3246092273252611,0.7274135572559701,0.6291587293936992,1.01119138829764,1.0702757567941206,-0.0972361703871966,0.4986738375667094
39.5,6.9,2013.0,7.0,11.0,8.017482517482517,29.173892773892774,29.049883449883453,64.22657342657342,42.739627039627045,344.28421603443354,-0.8121242937467013,0.3246092273252611,0.7274135572559701,0.6291587293936992,1.01119138829764,1.0702757567941206,-0.0972361703871966,0.4986738375667094
39.5,7.5,2013.0,7.0,11.0,8.017482517482517,29.173892773892774,29.049883449883453,64.22657342657342,42.739627039627045,344.28421603443354,-0.8121242937467013,0.3246092273252611,0.7274135572559701,0.6291587293936992,1.01119138829764,1.0702757567941206,-0.0972361703871966,0.4986738375667094
39.5,11.5,2013.0,7.0,11.0,8.017482517482517,29.173892773892774,29.049883449883453,64.22657342657342,42.739627039627045,344.28421603443354,-0.8121242937467013,0.3246092273252611,0.7274135572559701,0.6291587293936992,1.01119138829764,1.0702757567941206,-0.0972361703871966,0.4986738375667094
39.5,13.1,2013.0,7.0,11.0,8.017482517482517,29.173892773892774,29.049883449883453,64.22657342657342,42.739627039627045,344.28421603443354,-0.8121242937467013,0.3246092273252611,0.7274135572559701,0.6291587293936992,1.01119138829764,1.0702757567941206,-0.0972361703871966,0.4986738375667094
39.5,18.0,2013.0,7.0,11.0,8.017482517482517,29.173892773892774,29.049883449883453,64.22657342657342,42.739627039627045,344.28421603443354,-0.8121242937467013,0.3246092273252611,0.7274135572559701,0.6291587293936992,1.01119138829764,1.0702757567941206,-0.0972361703871966,0.4986738375667094
39.5,24.3,2013.0,7.0,11.0,8.017482517482517,29.173892773892774,29.049883449883453,64.22657342657342,42.739627039627045,344.28421603443354,-0.8121242937467013,0.3246092273252611,0.7274135572559701,0.6291587293936992,1.01119138829764,1.0702757567941206,-0.0972361703871966,0.4986738375667094
39.6,-2.6,2013.0,7.0,11.0,12.0,50.0,13.0,46.0,28.0,813.80457,-1.5378651280047428,1.0259556886085508,1.2796943311605264,1.9314598930871396,-1.029880664771819,-0.007988072797302,-0.6800366729973129,-0.1962456957238258
39.6,3.3,2013.0,7.0,11.0,12.0,49.0,57.0,40.0,57.0,89.179016,-1.4850370986138268,1.1975567704678374,1.2450926470768462,1.4074477303938246,1.1854609206675362,2.4790645408085377,-0.3253942432546355,1.1822812582678757
39.6,5.3,2013.0,7.0,11.0,8.017482517482517,29.173892773892774,29.049883449883453,64.22657342657342,42.739627039627045,344.28421603443354,-0.8121242937467013,0.3246092273252611,0.7274135572559701,0.6291587293936992,1.01119138829764,1.0702757567941206,-0.0972361703871966,0.4986738375667094
39.6,6.1,2013.0,7.0,11.0,6.5,38.0,48.0,59.0,60.0,0.0,-0.4534604747053501,0.053474125462699,0.8472951312138627,0.6752405110113087,1.4202654657086016,1.488704306056522,-0.5152810876541407,0.3392001960780183
39.6,7.3,2013.0,7.0,11.0,8.017482517482517,29.173892773892774,29.049883449883453,64.22657342657342,42.739627039627045,344.28421603443354,-0.8121242937467013,0.3246092273252611,0.7274135572559701,0.6291587293936992,1.01119138829764,1.0702757567941206,-0.0972361703871966,0.4986738375667094
39.6,10.7,2013.0,7.0,11.0,12.0,49.0,44.0,35.0,85.0,0.0,-1.3942745232587896,1.3666999091801824,1.145199921445852,0.8461287009834378,3.0146193501887626,2.3279572633342336,-0.3411705591359263,0.9880355474077842
39.6,11.1,2013.0,7.0,11.0,12.0,49.0,44.0,35.0,86.0,0.0,-1.3882596946776269,1.3741452482200245,1.11745110290901,0.843114143352051,2.855343696743107,2.38906391096812,-0.1039464951083624,1.7212371641220263
39.6,22.3,2013.0,7.0,11.0,11.0,8.0,45.0,58.0,26.0,111.66187,-1.5410748879081768,1.0101978186505856,1.2657620174440611,1.8632087901318928,0.4040388982240793,1.6606519758297429,0.9815420254735376,-0.3272322224299345
39.7,-3.0,2013.0,7.0,11.0,8.017482517482517,29.173892773892774,29.049883449883453,64.22657342657342,42.739627039627045,344.28421603443354,-0.8121242937467013,0.3246092273252611,0.7274135572559701,0.6291587293936992,1.01119138829764,1.0702757567941206,-0.0972361703871966,0.4986738375667094
39.7,5.7,2013.0,7.0,11.0,8.017482517482517,29.173892773892774,29.049883449883453,64.22657342657342,42.739627039627045,344.28421603443354,-0.8121242937467013,0.3246092273252611,0.7274135572559701,0.6291587293936992,1.01119138829764,1.0702757567941206,-0.0972361703871966,0.4986738375667094
39.7,10.6,2013.0,7.0,11.0,8.017482517482517,29.173892773892774,29.049883449883453,64.22657342657342,42.739627039627045,344.28421603443354,-0.8121242937467013,0.3246092273252611,0.7274135572559701,0.6291587293936992,1.01119138829764,1.0702757567941206,-0.0972361703871966,0.4986738375667094
39.7,11.2,2013.0,7.0,11.0,8.017482517482517,29.173892773892774,29.049883449883453,64.22657342657342,42.739627039627045,344.28421603443354,-0.8121242937467013,0.3246092273252611,0.7274135572559701,0.6291587293936992,1.01119138829764,1.0702757567941206,-0.0972361703871966,0.4986738375667094
39.7,22.7,2013.0,7.0,11.0,8.017482517482517,29.173892773892774,29.049883449883453,64.22657342657342,42.739627039627045,344.28421603443354,-0.8121242937467013,0.3246092273252611,0.7274135572559701,0.6291587293936992,1.01119138829764,1.0702757567941206,-0.0972361703871966,0.4986738375667094
39.8,11.0,2013.0,7.0,11.0,8.017482517482517,29.173892773892774,29.049883449883453,64.22657342657342,42.739627039627045,344.28421603443354,-0.8121242937467013,0.3246092273252611,0.7274135572559701,0.6291587293936992,1.01119138829764,1.0702757567941206,-0.0972361703871966,0.4986738375667094
39.8,13.3,2013.0,7.0,11.0,8.017482517482517,29.173892773892774,29.049883449883453,64.22657342657342,42.739627039627045,344.28421603443354,-0.8121242937467013,0.3246092273252611,0.7274135572559701,0.6291587293936992,1.01119138829764,1.0702757567941206,-0.0972361703871966,0.4986738375667094
39.9,2.3,2013.0,7.0,11.0,8.017482517482517,29.173892773892774,29.049883449883453,64.22657342657342,42.739627039627045,344.28421603443354,-0.8121242937467013,0.3246092273252611,0.7274135572559701,0.6291587293936992,1.01119138829764,1.0702757567941206,-0.0972361703871966,0.4986738375667094
39.9,3.2,2013.0,7.0,11.0,12.0,50.0,3.0,42.0,57.0,20.28221,-1.4804233938368134,1.189637971647208,1.1515895514083354,1.26390052025718,1.3862231729437071,2.6771872574638795,0.0452806734484519,2.570958673805193
39.9,4.7,2013.0,7.0,11.0,8.017482517482517,29.173892773892774,29.049883449883453,64.22657342657342,42.739627039627045,344.28421603443354,-0.8121242937467013,0.3246092273252611,0.7274135572559701,0.6291587293936992,1.01119138829764,1.0702757567941206,-0.0972361703871966,0.4986738375667094
39.9,6.0,2013.0,7.0,11.0,6.5,38.0,47.5,59.0,60.5,0.0,-0.4542744634341914,0.0485583986241812,0.8589117705254865,0.6765624587323318,1.896118193688452,1.6888487934617666,0.7112450656739617,1.5808137964006734
39.9,6.3,2013.0,7.0,11.0,8.017482517482517,29.173892773892774,29.049883449883453,64.22657342657342,42.739627039627045,344.28421603443354,-0.8121242937467013,0.3246092273252611,0.7274135572559701,0.6291587293936992,1.01119138829764,1.0702757567941206,-0.0972361703871966,0.4986738375667094
39.9,7.0,2013.0,7.0,11.0,1.0,27.0,36.0,77.0,46.0,0.0,0.5319041667762302,-1.150972188433336,0.8250890271472375,0.6683077552477233,1.712552989264096,1.1775180334449225,-0.5374390980848744,0.3328750500389189
39.9,8.6,2013.0,7.0,11.0,8.017482517482517,29.173892773892774,29.049883449883453,64.22657342657342,42.739627039627045,344.28421603443354,-0.8121242937467013,0.3246092273252611,0.7274135572559701,0.6291587293936992,1.01119138829764,1.0702757567941206,-0.0972361703871966,0.4986738375667094
39.9,10.8,2013.0,7.0,11.0,8.017482517482517,29.173892773892774,29.049883449883453,64.22657342657342,42.739627039627045,344.28421603443354,-0.8121242937467013,0.3246092273252611,0.7274135572559701,0.6291587293936992,1.01119138829764,1.0702757567941206,-0.0972361703871966,0.4986738375667094
39.9,11.1,2013.0,7.0,11.0,11.5,29.0,42.5,57.0,43.0,0.0,-1.4712891236532153,0.9885925364129352,1.026184125968906,0.795196162979366,2.063008177668066,2.1554486168508604,-0.4652191033608932,1.234416401834601
39.9,12.7,2013.0,7.0,11.0,11.0,9.0,27.0,74.0,2.0,0.0,-1.5615810212053902,0.668325758005291,1.08025630658681,0.8446056750812723,2.6205839677633818,2.1486759096464034,-0.4044247757594763,0.7979756157106088
39.9,18.1,2013.0,7.0,11.0,8.017482517482517,29.173892773892774,29.049883449883453,64.22657342657342,42.739627039627045,344.28421603443354,-0.8121242937467013,0.3246092273252611,0.7274135572559701,0.6291587293936992,1.01119138829764,1.0702757567941206,-0.0972361703871966,0.4986738375667094
39.9,22.1,2013.0,7.0,11.0,8.017482517482517,29.173892773892774,29.049883449883453,64.22657342657342,42.739627039627045,344.28421603443354,-0.8121242937467013,0.3246092273252611,0.7274135572559701,0.6291587293936992,1.01119138829764,1.0702757567941206,-0.0972361703871966,0.4986738375667094
40.0,0.0,2013.0,7.0,11.0,12.0,50.0,13.0,46.0,41.0,162.78456,-1.5080919359042348,1.0986396150697582,1.1301719548689968,1.2481623167538052,1.2931442991564772,2.098661470336654,0.5664123666458911,2.699980157169537
40.0,1.6,2013.0,7.0,11.0,12.0,50.0,8.0,44.0,49.0,0.0,-1.4949373552667309,1.144936376836351,0.9830070448882918,0.7874655548343702,1.826705091647472,2.217665553968345,-0.1900855046964297,2.046701011936503
40.0,1.8,2013.0,7.0,11.0,12.0,50.0,8.0,44.0,50.0,0.0,-1.492584164608861,1.1496390835709067,0.9788953255601844,0.7882884410455651,1.8105177565717625,2.238142865511196,-0.1567337605140502,2.143209430473686
40.0,6.6,2013.0,7.0,11.0,1.0,27.0,36.0,77.0,48.0,0.0,0.5337010557660884,-1.155348759880033,0.756636906253636,0.6359002512816954,1.7807339953241723,1.2061780853007211,0.7007017619232992,1.099617941490409
40.0,14.2,2013.0,7.0,11.0,12.0,49.0,47.0,36.0,92.0,0.0,-1.341364220022674,1.423592848030364,0.8949097070824513,0.7436305113446965,1.8769207026834769,2.372648125542569,-0.43331472467202,3.292156895666924
40.0,16.5,2013.0,7.0,11.0,8.017482517482517,29.173892773892774,29.049883449883453,64.22657342657342,42.739627039627045,344.28421603443354,-0.8121242937467013,0.3246092273252611,0.7274135572559701,0.6291587293936992,1.01119138829764,1.0702757567941206,-0.0972361703871966,0.4986738375667094
40.0,23.8,2013.0,7.0,11.0,8.017482517482517,29.173892773892774,29.049883449883453,64.22657342657342,42.739627039627045,344.28421603443354,-0.8121242937467013,0.3246092273252611,0.7274135572559701,0.6291587293936992,1.01119138829764,1.0702757567941206,-0.0972361703871966,0.4986738375667094
40.0,28.5,2013.0,7.0,11.0,11.0,8.0,35.0,54.0,57.0,217.74922,-1.479061500529438,1.187090856152952,1.0397544110058587,1.492623317366916,-0.0392005470769212,1.336193967771089,-0.1163205491905933,0.1930762229701515
40.1,-4.4,2013.0,7.0,11.0,8.017482517482517,29.173892773892774,29.049883449883453,64.22657342657342,42.739627039627045,344.28421603443354,-0.8121242937467013,0.3246092273252611,0.7274135572559701,0.6291587293936992,1.01119138829764,1.0702757567941206,-0.0972361703871966,0.4986738375667094
40.1,-1.6,2013.0,7.0,11.0,12.0,50.0,18.0,48.0,33.0,1249.0171,-1.5208024846212351,1.048484278747723,1.001015831747096,1.6586347557890988,-0.864933673903198,0.2054713522339763,-0.3458633210933634,0.1534551150647906
40.1,-0.4,2013.0,7.0,11.0,12.0,50.0,16.0,47.0,39.0,813.35425,-1.5099500729561908,1.0847168310652535,1.151670114118661,1.5021878554291013,0.7159501367844728,1.4047048042330923,0.726758070703229,2.062150847343637
40.1,1.2,2013.0,7.0,11.0,12.0,50.0,10.0,45.0,47.0,0.0,-1.4971007188073475,1.1316087293231367,0.9719588762013855,0.7932144527121748,1.8754923714381928,2.2468935548316584,-0.143494569003508,2.409039348783097
40.1,4.4,2013.0,7.0,11.0,6.5,38.5,21.0,60.0,61.0,0.0,-0.458900312033521,0.0185944660700719,0.9767735051770572,0.742285548651131,2.024450273875517,2.1731793645264856,0.8937026905553713,2.161316201858237
40.1,5.1,2013.0,7.0,11.0,8.017482517482517,29.173892773892774,29.049883449883453,64.22657342657342,42.739627039627045,344.28421603443354,-0.8121242937467013,0.3246092273252611,0.7274135572559701,0.6291587293936992,1.01119138829764,1.0702757567941206,-0.0972361703871966,0.4986738375667094
40.1,6.3,2013.0,7.0,11.0,8.017482517482517,29.173892773892774,29.049883449883453,64.22657342657342,42.739627039627045,344.28421603443354,-0.8121242937467013,0.3246092273252611,0.7274135572559701,0.6291587293936992,1.01119138829764,1.0702757567941206,-0.0972361703871966,0.4986738375667094
40.1,7.1,2013.0,7.0,11.0,8.017482517482517,29.173892773892774,29.049883449883453,64.22657342657342,42.739627039627045,344.28421603443354,-0.8121242937467013,0.3246092273252611,0.7274135572559701,0.6291587293936992,1.01119138829764,1.0702757567941206,-0.0972361703871966,0.4986738375667094
40.1,10.7,2013.0,7.0,11.0,8.017482517482517,29.173892773892774,29.049883449883453,64.22657342657342,42.739627039627045,344.28421603443354,-0.8121242937467013,0.3246092273252611,0.7274135572559701,0.6291587293936992,1.01119138829764,1.0702757567941206,-0.0972361703871966,0.4986738375667094
40.1,13.9,2013.0,7.0,11.0,8.017482517482517,29.173892773892774,29.049883449883453,64.22657342657342,42.739627039627045,344.28421603443354,-0.8121242937467013,0.3246092273252611,0.7274135572559701,0.6291587293936992,1.01119138829764,1.0702757567941206,-0.0972361703871966,0.4986738375667094
40.1,15.5,2013.0,7.0,11.0,1.0,27.0,6.0,66.0,12.0,216.30988,0.454758166257218,-1.0587514715472297,0.4386659589479685,0.1406640721503526,0.995156587445682,1.6183750923883171,-0.5818939284910147,0.1109451016889459
40.1,16.6,2013.0,7.0,11.0,11.0,9.0,14.0,69.0,9.0,176.65102,-1.555143781556159,0.8087042525072174,1.086550268330786,1.2078449301198309,0.518849224722955,1.5432404431094398,-0.2354429701326238,0.1622523784669475
40.1,18.2,2013.0,7.0,11.0,1.0,26.0,55.0,62.0,6.0,86.80078,0.4280330515183852,-1.0305122082381188,1.0120488949258146,0.6422959910193298,1.681092742759764,1.5815998076968292,-0.1773698008937912,-0.4089725687755716
40.1,18.6,2013.0,7.0,11.0,11.0,9.0,6.0,66.0,14.0,7.9690576,-1.549607807471288,0.8793287515799747,0.8392942470449196,0.9205591221801468,0.2935289022338,1.5079746933775755,0.6004874680366918,0.8961542017677003
40.1,20.2,2013.0,7.0,11.0,11.0,9.0,1.0,64.0,19.0,833.041,-1.5417337178183184,0.9347490587907442,0.9701220464060244,1.3919267559295163,-0.7925676396948647,0.4115048244435039,-0.4376255142966988,-0.0010496540920837
40.1,20.6,2013.0,7.0,11.0,8.017482517482517,29.173892773892774,29.049883449883453,64.22657342657342,42.739627039627045,344.28421603443354,-0.8121242937467013,0.3246092273252611,0.7274135572559701,0.6291587293936992,1.01119138829764,1.0702757567941206,-0.0972361703871966,0.4986738375667094
40.1,21.4,2013.0,7.0,11.0,11.0,8.0,55.0,62.0,23.0,676.74835,-1.5373383594073355,0.9737216675961003,0.7737705806715518,1.503806978935916,-0.7756112534638882,0.4127342945988256,0.2707475068037304,-0.1532614792249866
40.2,-0.4,2013.0,7.0,11.0,8.017482517482517,29.173892773892774,29.049883449883453,64.22657342657342,42.739627039627045,344.28421603443354,-0.8121242937467013,0.3246092273252611,0.7274135572559701,0.6291587293936992,1.01119138829764,1.0702757567941206,-0.0972361703871966,0.4986738375667094
40.2,2.4,2013.0,7.0,11.0,8.017482517482517,29.173892773892774,29.049883449883453,64.22657342657342,42.739627039627045,344.28421603443354,-0.8121242937467013,0.3246092273252611,0.7274135572559701,0.6291587293936992,1.01119138829764,1.0702757567941206,-0.0972361703871966,0.4986738375667094
40.2,3.9,2013.0,7.0,11.0,12.0,50.0,5.0,43.0,61.0,0.0,-1.4678445537988682,1.2041417864759587,0.8724599008170965,0.7751335672670209,1.0891913695931603,2.682154660944931,1.8836166881888048,4.486490385384557
40.2,6.7,2013.0,7.0,11.0,12.0,50.0,0.0,41.0,73.0,0.0,-1.436036929846578,1.2709651149252446,1.020626809507443,0.7562750180128625,2.6397783159870567,2.0301042387744497,-0.0729557756120329,1.6203872081450563
40.2,7.5,2013.0,7.0,11.0,8.017482517482517,29.173892773892774,29.049883449883453,64.22657342657342,42.739627039627045,344.28421603443354,-0.8121242937467013,0.3246092273252611,0.7274135572559701,0.6291587293936992,1.01119138829764,1.0702757567941206,-0.0972361703871966,0.4986738375667094
40.2,8.5,2013.0,7.0,11.0,12.0,49.0,58.0,40.0,79.0,118.18384,-1.4147191440186462,1.3089028584014553,1.1732427938753744,1.1755553274166393,1.1135828723972367,1.8599679327587888,-0.4445845968736309,0.7204554654618012
40.2,11.8,2013.0,7.0,11.0,6.0,18.0,26.0,73.5,12.5,0.0,-0.5343411413785872,-0.2307110680621797,1.0563996739924444,0.8228084772279632,2.274892230120395,1.946127087399572,-0.570330977991618,0.4339532387216294
40.2,19.8,2013.0,7.0,11.0,8.017482517482517,29.173892773892774,29.049883449883453,64.22657342657342,42.739627039627045,344.28421603443354,-0.8121242937467013,0.3246092273252611,0.7274135572559701,0.6291587293936992,1.01119138829764,1.0702757567941206,-0.0972361703871966,0.4986738375667094
40.2,22.5,2013.0,7.0,11.0,1.0,26.0,34.0,54.0,0.0,358.63596,0.3813865803199195,-0.988864723392478,0.8336055126622447,0.3018084495373482,0.8080170349930608,1.864483765952774,-0.1507748861851257,-0.5313163907353988
40.2,27.3,2013.0,7.0,11.0,8.017482517482517,29.173892773892774,29.049883449883453,64.22657342657342,42.739627039627045,344.28421603443354,-0.8121242937467013,0.3246092273252611,0.7274135572559701,0.6291587293936992,1.01119138829764,1.0702757567941206,-0.0972361703871966,0.4986738375667094
40.3,1.9,2013.0,7.0,11.0,12.0,50.0,13.0,46.0,51.0,0.0,-1.4854651518207571,1.1463614171817365,0.8374010233523318,0.720531554342768,1.331325320615515,2.3054736243543275,0.5969326335944035,3.759509156362573
40.3,2.8,2013.0,7.0,11.0,1.0,27.0,39.0,78.0,67.0,0.0,0.5544676531143519,-1.2002082645670005,0.7199113877190613,0.6231354207220013,1.480563433433558,2.345980977822363,2.390138331407764,7.075379625970863
40.3,5.1,2013.0,7.0,11.0,1.0,27.0,33.0,76.0,56.0,0.0,0.5374830519718979,-1.173063993526036,0.9722569582295776,0.7272373905525322,2.4512951616730034,1.672333245538452,-0.1708292833651493,0.4430469592642271
40.3,6.7,2013.0,7.0,11.0,6.5,38.5,16.5,58.5,60.5,0.0,-0.4534879801323015,0.0560212593556515,1.0103037052134436,0.7525280189746504,2.8605397199222407,1.849336221868808,0.2738680731114191,1.1417193780683164
40.3,11.5,2013.0,7.0,11.0,12.0,49.0,55.0,39.0,87.0,0.0,-1.374725525924431,1.3680027821831673,0.9799809080817864,0.7700420093066973,1.803097272788396,1.9550325356567997,-0.4732782296193124,1.3077925351273472
40.3,16.7,2013.0,7.0,11.0,8.017482517482517,29.173892773892774,29.049883449883453,64.22657342657342,42.739627039627045,344.28421603443354,-0.8121242937467013,0.3246092273252611,0.7274135572559701,0.6291587293936992,1.01119138829764,1.0702757567941206,-0.0972361703871966,0.4986738375667094
40.3,17.8,2013.0,7.0,11.0,11.0,9.0,11.0,68.0,12.0,11.981572,-1.5492966523289011,0.8502698508892176,1.176909404228944,1.718322673873407,0.3715186544428389,1.6530971332492883,-0.6504929548329658,-0.1786942782943298
40.3,19.7,2013.0,7.0,11.0,8.017482517482517,29.173892773892774,29.049883449883453,64.22657342657342,42.739627039627045,344.28421603443354,-0.8121242937467013,0.3246092273252611,0.7274135572559701,0.6291587293936992,1.01119138829764,1.0702757567941206,-0.0972361703871966,0.4986738375667094
40.4,-3.5,2013.0,7.0,11.0,1.0,27.0,47.0,81.0,87.0,663.0791,0.5894028512832963,-1.2744375465805815,0.995905134810988,0.3318304717881026,0.4383442417837947,0.6044088742661436,-0.7109784249074236,-0.3367873896979338
40.4,-1.5,2013.0,7.0,11.0,8.017482517482517,29.173892773892774,29.049883449883453,64.22657342657342,42.739627039627045,344.28421603443354,-0.8121242937467013,0.3246092273252611,0.7274135572559701,0.6291587293936992,1.01119138829764,1.0702757567941206,-0.0972361703871966,0.4986738375667094
40.4,5.4,2013.0,7.0,11.0,12.0,50.0,5.0,43.0,68.0,0.0,-1.448106897446318,1.237609260078907,1.0318562442925756,0.7488698496550217,2.5816335934420724,2.3413032830709355,0.4602035326714329,3.682161828518169
40.4,6.6,2013.0,7.0,11.0,8.017482517482517,29.173892773892774,29.049883449883453,64.22657342657342,42.739627039627045,344.28421603443354,-0.8121242937467013,0.3246092273252611,0.7274135572559701,0.6291587293936992,1.01119138829764,1.0702757567941206,-0.0972361703871966,0.4986738375667094
40.4,7.2,2013.0,7.0,11.0,12.0,50.0,3.0,42.0,75.0,0.0,-1.42678175039034,1.2780985347364486,1.0352771383796626,0.7540744636208075,2.8502674763871347,2.061150380207711,-0.1811503051287908,1.4279710796805016
40.4,10.6,2013.0,7.0,11.0,12.0,49.0,58.0,40.0,85.0,0.0,-1.384977644870026,1.3491187284342885,1.2161484793255894,0.8639366369296884,3.314945291186856,2.416506221766963,0.3580926414286556,0.5665872010920416
40.4,10.8,2013.0,7.0,11.0,11.0,9.0,43.0,80.0,0.0,0.0,-1.548045155402615,0.6043213551213042,1.0936005125179205,0.8047776594423737,2.596963326356601,2.2430242556042352,-0.1865379314142197,0.6687226119091858
40.4,18.3,2013.0,7.0,11.0,8.017482517482517,29.173892773892774,29.049883449883453,64.22657342657342,42.739627039627045,344.28421603443354,-0.8121242937467013,0.3246092273252611,0.7274135572559701,0.6291587293936992,1.01119138829764,1.0702757567941206,-0.0972361703871966,0.4986738375667094
40.4,20.3,2013.0,7.0,11.0,8.017482517482517,29.173892773892774,29.049883449883453,64.22657342657342,42.739627039627045,344.28421603443354,-0.8121242937467013,0.3246092273252611,0.7274135572559701,0.6291587293936992,1.01119138829764,1.0702757567941206,-0.0972361703871966,0.4986738375667094
40.5,0.1,2013.0,7.0,11.0,8.017482517482517,29.173892773892774,29.049883449883453,64.22657342657342,42.739627039627045,344.28421603443354,-0.8121242937467013,0.3246092273252611,0.7274135572559701,0.6291587293936992,1.01119138829764,1.0702757567941206,-0.0972361703871966,0.4986738375667094
40.5,1.8,2013.0,7.0,11.0,12.0,50.0,16.0,47.0,51.0,0.0,-1.4830358584070675,1.1425063997075486,0.8706834930544796,0.7434730404799423,1.5772451917032593,2.422487801286675,0.0738313121024977,3.790817596427344
40.5,2.7,2013.0,7.0,11.0,8.017482517482517,29.173892773892774,29.049883449883453,64.22657342657342,42.739627039627045,344.28421603443354,-0.8121242937467013,0.3246092273252611,0.7274135572559701,0.6291587293936992,1.01119138829764,1.0702757567941206,-0.0972361703871966,0.4986738375667094
40.5,5.8,2013.0,7.0,11.0,8.017482517482517,29.173892773892774,29.049883449883453,64.22657342657342,42.739627039627045,344.28421603443354,-0.8121242937467013,0.3246092273252611,0.7274135572559701,0.6291587293936992,1.01119138829764,1.0702757567941206,-0.0972361703871966,0.4986738375667094
40.5,6.6,2013.0,7.0,11.0,6.5,38.5,16.5,58.5,61.0,0.0,-0.4536695864769162,0.0531055811802267,1.0372005730886196,0.7660531511710835,2.9241599217595664,1.865364425755041,0.0161328540363448,1.0294877131783555
40.5,7.4,2013.0,7.0,11.0,1.0,27.0,25.0,73.0,45.0,0.0,0.5176253679309047,-1.148357574255824,0.947383221417389,0.7031225445872261,2.1965689659597856,1.5106755137611767,-0.5688947304597821,0.0487483904169097
40.5,7.6,2013.0,7.0,11.0,8.017482517482517,29.173892773892774,29.049883449883453,64.22657342657342,42.739627039627045,344.28421603443354,-0.8121242937467013,0.3246092273252611,0.7274135572559701,0.6291587293936992,1.01119138829764,1.0702757567941206,-0.0972361703871966,0.4986738375667094
40.5,12.4,2013.0,7.0,11.0,11.5,29.0,48.0,59.0,45.5,0.0,-1.453749631377465,1.0205524821827834,0.9186560694670602,0.7378230666069184,1.9100477546781467,2.080082513364239,0.396749038245051,2.8845453756505526
40.5,22.7,2013.0,7.0,11.0,6.0,17.0,43.0,57.5,14.5,18.0165385,-0.5726956630344326,0.0114482714308449,1.071526329889448,0.9981571303870652,0.8125021610421045,2.02313839241691,0.6551082094677769,-0.3672028402331384
40.6,6.3,2013.0,7.0,11.0,8.017482517482517,29.173892773892774,29.049883449883453,64.22657342657342,42.739627039627045,344.28421603443354,-0.8121242937467013,0.3246092273252611,0.7274135572559701,0.6291587293936992,1.01119138829764,1.0702757567941206,-0.0972361703871966,0.4986738375667094
40.6,11.5,2013.0,7.0,11.0,1.0,27.0,11.0,68.0,26.0,0.0,0.4820196368216018,-1.1033360874479996,1.1084129738446624,0.823694351785056,2.658676488501008,2.140042250662965,-0.3181938429746713,-0.0201531373167274
40.7,7.3,2013.0,7.0,11.0,8.017482517482517,29.173892773892774,29.049883449883453,64.22657342657342,42.739627039627045,344.28421603443354,-0.8121242937467013,0.3246092273252611,0.7274135572559701,0.6291587293936992,1.01119138829764,1.0702757567941206,-0.0972361703871966,0.4986738375667094
40.7,10.6,2013.0,7.0,11.0,8.017482517482517,29.173892773892774,29.049883449883453,64.22657342657342,42.739627039627045,344.28421603443354,-0.8121242937467013,0.3246092273252611,0.7274135572559701,0.6291587293936992,1.01119138829764,1.0702757567941206,-0.0972361703871966,0.4986738375667094
40.7,10.9,2013.0,7.0,11.0,12.0,50.0,3.0,42.0,86.0,0.0,-1.3752240838275294,1.35001732075399,0.8497955963355103,0.6789285594180982,1.3786023054246446,1.7669681724663446,0.1774068389231624,2.0822359669573585
40.8,2.8,2013.0,7.0,11.0,8.017482517482517,29.173892773892774,29.049883449883453,64.22657342657342,42.739627039627045,344.28421603443354,-0.8121242937467013,0.3246092273252611,0.7274135572559701,0.6291587293936992,1.01119138829764,1.0702757567941206,-0.0972361703871966,0.4986738375667094
40.8,5.5,2013.0,7.0,11.0,1.0,27.0,25.0,73.0,55.0,0.0,0.5265170261434445,-1.1705120207759976,0.9831883109865188,0.7256529913902523,3.194474187010184,1.911994303408146,0.4628802302225339,0.7443829005587156
40.8,6.5,2013.0,7.0,11.0,1.0,27.0,22.0,72.0,50.0,0.0,0.518729221543772,-1.1592205324335096,0.9136203965549402,0.7003849741692226,2.921574921284582,1.5902444138387426,0.4824721201970754,0.5354594739868862
40.8,6.7,2013.0,7.0,11.0,1.0,27.0,22.0,72.0,49.0,0.0,0.5178510534853775,-1.1570369997066652,0.7771592496745107,0.6306811015437738,2.0975352758763184,1.35518402964121,0.651500229513425,0.9218053703487687
40.8,7.5,2013.0,7.0,11.0,1.0,27.0,20.0,71.0,45.0,0.0,0.510941416944099,-1.1481311966984609,0.9436471257261638,0.6970554748083322,2.323012611719228,1.5606318288723595,-0.6463577131331011,-0.2602400486805032
40.8,10.3,2013.0,7.0,11.0,8.017482517482517,29.173892773892774,29.049883449883453,64.22657342657342,42.739627039627045,344.28421603443354,-0.8121242937467013,0.3246092273252611,0.7274135572559701,0.6291587293936992,1.01119138829764,1.0702757567941206,-0.0972361703871966,0.4986738375667094
40.8,10.5,2013.0,7.0,11.0,8.017482517482517,29.173892773892774,29.049883449883453,64.22657342657342,42.739627039627045,344.28421603443354,-0.8121242937467013,0.3246092273252611,0.7274135572559701,0.6291587293936992,1.01119138829764,1.0702757567941206,-0.0972361703871966,0.4986738375667094
40.8,11.6,2013.0,7.0,11.0,8.017482517482517,29.173892773892774,29.049883449883453,64.22657342657342,42.739627039627045,344.28421603443354,-0.8121242937467013,0.3246092273252611,0.7274135572559701,0.6291587293936992,1.01119138829764,1.0702757567941206,-0.0972361703871966,0.4986738375667094
40.8,16.4,2013.0,7.0,11.0,8.017482517482517,29.173892773892774,29.049883449883453,64.22657342657342,42.739627039627045,344.28421603443354,-0.8121242937467013,0.3246092273252611,0.7274135572559701,0.6291587293936992,1.01119138829764,1.0702757567941206,-0.0972361703871966,0.4986738375667094
40.8,16.6,2013.0,7.0,11.0,8.017482517482517,29.173892773892774,29.049883449883453,64.22657342657342,42.739627039627045,344.28421603443354,-0.8121242937467013,0.3246092273252611,0.7274135572559701,0.6291587293936992,1.01119138829764,1.0702757567941206,-0.0972361703871966,0.4986738375667094
40.8,19.8,2013.0,7.0,11.0,1.0,26.0,36.0,55.0,4.0,131.5958,0.3993899401606099,-1.016825577631529,0.2336902550734346,-0.0558094994009991,-0.5308328908288522,0.8150083541459976,-0.5800959769740134,0.5343419660861062
40.8,21.6,2013.0,7.0,11.0,11.0,9.0,6.0,66.0,25.0,773.9361,-1.521198470202994,0.9735864985084248,0.6651992370710285,1.323344560386842,-0.534180380331749,0.8218000233928114,1.2187358751298325,0.0133891638342064
40.8,22.9,2013.0,7.0,11.0,8.017482517482517,29.173892773892774,29.049883449883453,64.22657342657342,42.739627039627045,344.28421603443354,-0.8121242937467013,0.3246092273252611,0.7274135572559701,0.6291587293936992,1.01119138829764,1.0702757567941206,-0.0972361703871966,0.4986738375667094
40.9,3.3,2013.0,7.0,11.0,12.0,50.0,19.0,48.0,59.0,0.0,-1.4614757912021517,1.1756775316445944,0.8015365187843401,0.669192822261922,1.630758460301866,2.9311574243693874,0.3863227296602722,4.923827294807401
40.9,4.4,2013.0,7.0,11.0,12.0,50.0,16.0,47.0,64.0,0.0,-1.4506548300533406,1.2031281409763666,0.9085550161433892,0.6339968726754319,2.039384142057482,2.6193432540252943,0.2318092600031962,6.582493849362918
40.9,6.0,2013.0,7.0,11.0,12.0,50.0,13.0,46.0,71.0,0.0,-1.4321286467045256,1.2417723943845291,0.9423238832091082,0.6820295241393769,2.1370753616807847,2.1150321638951564,0.4509148315810697,2.1259781899634085
40.9,6.2,2013.0,7.0,11.0,8.017482517482517,29.173892773892774,29.049883449883453,64.22657342657342,42.739627039627045,344.28421603443354,-0.8121242937467013,0.3246092273252611,0.7274135572559701,0.6291587293936992,1.01119138829764,1.0702757567941206,-0.0972361703871966,0.4986738375667094
40.9,7.1,2013.0,7.0,11.0,6.5,38.5,15.5,58.0,61.0,0.0,-0.4538588405644411,0.0573737720408347,0.8943915881516873,0.6769791508667548,2.223049412638434,1.7212173907357249,-0.0498723711595343,0.7753987806475101
40.9,8.7,2013.0,7.0,11.0,1.0,27.0,14.0,69.0,39.0,33.625767,0.4987848998158028,-1.1345979376229325,0.7875347197302192,0.4106951110276586,1.5808903151664038,1.072026001453461,-0.7758271106237343,-0.4670431932556261
40.9,11.2,2013.0,7.0,11.0,8.017482517482517,29.173892773892774,29.049883449883453,64.22657342657342,42.739627039627045,344.28421603443354,-0.8121242937467013,0.3246092273252611,0.7274135572559701,0.6291587293936992,1.01119138829764,1.0702757567941206,-0.0972361703871966,0.4986738375667094
40.9,11.9,2013.0,7.0,11.0,8.017482517482517,29.173892773892774,29.049883449883453,64.22657342657342,42.739627039627045,344.28421603443354,-0.8121242937467013,0.3246092273252611,0.7274135572559701,0.6291587293936992,1.01119138829764,1.0702757567941206,-0.0972361703871966,0.4986738375667094
40.9,22.3,2013.0,7.0,11.0,11.0,9.0,6.0,66.0,28.0,564.2302,-1.514215133222833,0.9935953258816094,1.064478099770072,1.5383932336358022,0.6567295773448272,1.6896941356456223,1.3973553368683251,-0.1191889712543082
41.0,0.1,2013.0,7.0,11.0,12.0,50.0,29.0,52.0,43.0,450.73483,-1.4883189059857738,1.0857001800451949,1.1040555382500723,1.5045168091416437,1.1170695996828546,1.499274048210139,-0.0535675291756182,4.531054060093793
41.0,0.8,2013.0,7.0,11.0,8.017482517482517,29.173892773892774,29.049883449883453,64.22657342657342,42.739627039627045,344.28421603443354,-0.8121242937467013,0.3246092273252611,0.7274135572559701,0.6291587293936992,1.01119138829764,1.0702757567941206,-0.0972361703871966,0.4986738375667094
41.0,4.9,2013.0,7.0,11.0,1.0,27.0,23.0,72.0,58.0,0.0,0.5258659762138431,-1.1774009832444272,0.6957959474177843,0.5530649236216917,1.5295820219279688,1.63082188125034,0.5432286081056217,1.7482782251358333
41.0,5.5,2013.0,7.0,11.0,12.0,50.0,16.0,47.0,69.0,0.0,-1.436179658328098,1.227852186197485,0.9561504583682784,0.671906166393042,2.415779218756477,2.242255348044728,0.7326662493339768,3.1456945267969085
41.0,10.9,2013.0,7.0,11.0,6.5,38.5,7.0,55.0,57.5,0.0,-0.4463430708084066,0.1163408020402944,0.8855050176861328,0.683283638257121,1.505701346796416,1.7744987097485196,-0.0929780382963902,1.619976899274024
41.0,22.0,2013.0,7.0,11.0,11.0,9.0,9.0,67.0,27.0,627.0343,-1.5137246858943492,0.9835199545568865,0.8692303431670299,1.377739034786781,0.6012398764421939,1.4014296489995337,1.415689214306482,-0.1960798016118042
41.1,5.0,2013.0,7.0,11.0,12.0,50.0,19.0,48.0,67.0,0.0,-1.4399083186899793,1.2141180501574496,0.8880840314503415,0.6254046162602269,2.035284823840842,2.04154232517705,0.161234337374492,5.070706451784843
41.1,6.5,2013.0,7.0,11.0,12.0,50.0,16.0,47.0,73.0,0.0,-1.4232292746302606,1.2489401584285365,0.9277561311149723,0.668398200052095,2.145742398239036,2.0925487855618803,0.275812154923239,1.4865471615802934
41.1,7.2,2013.0,7.0,11.0,8.017482517482517,29.173892773892774,29.049883449883453,64.22657342657342,42.739627039627045,344.28421603443354,-0.8121242937467013,0.3246092273252611,0.7274135572559701,0.6291587293936992,1.01119138829764,1.0702757567941206,-0.0972361703871966,0.4986738375667094
41.1,11.3,2013.0,7.0,11.0,12.0,50.0,8.0,44.0,87.0,0.0,-1.3653584954731788,1.3511979037566009,0.7736698772836506,0.6378448145756602,1.3446245653876552,1.8295618091263308,1.1561868297089148,4.370874762873119
41.1,14.5,2013.0,7.0,11.0,8.017482517482517,29.173892773892774,29.049883449883453,64.22657342657342,42.739627039627045,344.28421603443354,-0.8121242937467013,0.3246092273252611,0.7274135572559701,0.6291587293936992,1.01119138829764,1.0702757567941206,-0.0972361703871966,0.4986738375667094
41.1,16.5,2013.0,7.0,11.0,11.0,9.0,30.0,75.0,10.0,178.54193,-1.53338758390698,0.8046643894657641,1.2284564473951662,1.4827486828325966,0.7809514024363285,1.6903285495438742,-0.5114737855450765,-0.1580090274284957
41.1,21.3,2013.0,7.0,11.0,8.017482517482517,29.173892773892774,29.049883449883453,64.22657342657342,42.739627039627045,344.28421603443354,-0.8121242937467013,0.3246092273252611,0.7274135572559701,0.6291587293936992,1.01119138829764,1.0702757567941206,-0.0972361703871966,0.4986738375667094
41.1,22.4,2013.0,7.0,11.0,11.0,9.0,9.0,67.0,29.0,435.72894,-1.5091990293390265,0.9962296511955911,0.9054170985763124,1.434037695335877,-0.3026349372122953,1.5098318006187603,1.7063675772991571,0.4024673734285819
41.2,-5.0,2013.0,7.0,11.0,8.017482517482517,29.173892773892774,29.049883449883453,64.22657342657342,42.739627039627045,344.28421603443354,-0.8121242937467013,0.3246092273252611,0.7274135572559701,0.6291587293936992,1.01119138829764,1.0702757567941206,-0.0972361703871966,0.4986738375667094
41.2,-0.7,2013.0,7.0,11.0,8.017482517482517,29.173892773892774,29.049883449883453,64.22657342657342,42.739627039627045,344.28421603443354,-0.8121242937467013,0.3246092273252611,0.7274135572559701,0.6291587293936992,1.01119138829764,1.0702757567941206,-0.0972361703871966,0.4986738375667094
41.2,-0.3,2013.0,7.0,11.0,8.017482517482517,29.173892773892774,29.049883449883453,64.22657342657342,42.739627039627045,344.28421603443354,-0.8121242937467013,0.3246092273252611,0.7274135572559701,0.6291587293936992,1.01119138829764,1.0702757567941206,-0.0972361703871966,0.4986738375667094
41.2,1.3,2013.0,7.0,11.0,8.017482517482517,29.173892773892774,29.049883449883453,64.22657342657342,42.739627039627045,344.28421603443354,-0.8121242937467013,0.3246092273252611,0.7274135572559701,0.6291587293936992,1.01119138829764,1.0702757567941206,-0.0972361703871966,0.4986738375667094
41.2,1.8,2013.0,7.0,11.0,1.0,27.0,25.0,73.0,72.0,66.22316,0.5427930539874325,-1.2143680851068344,0.8470322953714339,0.5120805065554838,1.6251323789296226,2.1229258470950554,-0.6043403813329857,2.889584425340924
41.2,3.4,2013.0,7.0,11.0,12.0,50.0,24.0,50.0,60.0,0.0,-1.454205123892532,1.1729983135120203,0.8425459594403263,0.6310848729918563,1.7511677145425515,2.620756349731692,0.2542216361547079,4.690642143031254
41.2,4.0,2013.0,7.0,11.0,8.017482517482517,29.173892773892774,29.049883449883453,64.22657342657342,42.739627039627045,344.28421603443354,-0.8121242937467013,0.3246092273252611,0.7274135572559701,0.6291587293936992,1.01119138829764,1.0702757567941206,-0.0972361703871966,0.4986738375667094
41.2,4.5,2013.0,7.0,11.0,12.0,50.0,21.0,49.0,65.0,0.0,-1.4433488773362293,1.200538585823003,0.8793681532272848,0.6092941354817187,2.086658109796564,2.270290499604282,0.1598534810174489,5.877995249872902
41.2,6.1,2013.0,7.0,11.0,8.017482517482517,29.173892773892774,29.049883449883453,64.22657342657342,42.739627039627045,344.28421603443354,-0.8121242937467013,0.3246092273252611,0.7274135572559701,0.6291587293936992,1.01119138829764,1.0702757567941206,-0.0972361703871966,0.4986738375667094
41.2,11.3,2013.0,7.0,11.0,12.0,50.0,11.0,45.0,87.0,0.0,-1.3634423281414452,1.347898404248005,0.84058123634233,0.6686679193794175,1.4486330268467265,1.8663682410901443,0.3394639035082866,3.865832976527704
41.2,14.5,2013.0,7.0,11.0,8.017482517482517,29.173892773892774,29.049883449883453,64.22657342657342,42.739627039627045,344.28421603443354,-0.8121242937467013,0.3246092273252611,0.7274135572559701,0.6291587293936992,1.01119138829764,1.0702757567941206,-0.0972361703871966,0.4986738375667094
41.2,25.6,2013.0,7.0,11.0,11.0,9.0,1.0,64.0,44.0,244.7508,-1.4845724596627148,1.0882715818183617,1.271668271144608,1.7310713535751725,0.199914900789034,1.4986064018665186,-0.6603924629434951,-0.5313163907353988
41.3,-1.0,2013.0,7.0,11.0,8.017482517482517,29.173892773892774,29.049883449883453,64.22657342657342,42.739627039627045,344.28421603443354,-0.8121242937467013,0.3246092273252611,0.7274135572559701,0.6291587293936992,1.01119138829764,1.0702757567941206,-0.0972361703871966,0.4986738375667094
41.3,0.9,2013.0,7.0,11.0,12.0,50.0,32.0,53.0,48.0,770.1688,-1.4748520241464262,1.1060661874395326,1.1161580714083292,1.2596811086247124,1.034927856242586,2.000662377350941,0.3614648654196097,5.783889473322396
41.3,6.3,2013.0,7.0,11.0,8.017482517482517,29.173892773892774,29.049883449883453,64.22657342657342,42.739627039627045,344.28421603443354,-0.8121242937467013,0.3246092273252611,0.7274135572559701,0.6291587293936992,1.01119138829764,1.0702757567941206,-0.0972361703871966,0.4986738375667094
41.3,7.7,2013.0,7.0,11.0,8.017482517482517,29.173892773892774,29.049883449883453,64.22657342657342,42.739627039627045,344.28421603443354,-0.8121242937467013,0.3246092273252611,0.7274135572559701,0.6291587293936992,1.01119138829764,1.0702757567941206,-0.0972361703871966,0.4986738375667094
41.3,10.4,2013.0,7.0,11.0,12.0,50.0,14.0,46.0,85.0,0.0,-1.373349990101605,1.3287640055735856,0.9408515996779594,0.6878357575628068,1.527568630515853,1.802903523391557,-0.241545125468324,1.8669849566139247
41.3,10.8,2013.0,7.0,11.0,8.017482517482517,29.173892773892774,29.049883449883453,64.22657342657342,42.739627039627045,344.28421603443354,-0.8121242937467013,0.3246092273252611,0.7274135572559701,0.6291587293936992,1.01119138829764,1.0702757567941206,-0.0972361703871966,0.4986738375667094
41.3,14.0,2013.0,7.0,11.0,1.0,26.0,53.0,61.0,18.0,229.39435,0.4483172019147538,-1.0785659228285451,0.6444019734011727,0.2286830176608444,1.5392263377593085,2.23279908829593,-0.3207239268892952,1.9962561792582767
41.3,17.8,2013.0,7.0,11.0,8.017482517482517,29.173892773892774,29.049883449883453,64.22657342657342,42.739627039627045,344.28421603443354,-0.8121242937467013,0.3246092273252611,0.7274135572559701,0.6291587293936992,1.01119138829764,1.0702757567941206,-0.0972361703871966,0.4986738375667094
41.3,18.0,2013.0,7.0,11.0,11.0,9.0,27.0,74.0,14.0,0.0,-1.5253708759705151,0.8537576303883593,0.8134477155055767,0.6984549466473888,1.525375723435873,1.9228360303205243,1.178006063984719,1.8234536616203751
41.3,19.6,2013.0,7.0,11.0,8.017482517482517,29.173892773892774,29.049883449883453,64.22657342657342,42.739627039627045,344.28421603443354,-0.8121242937467013,0.3246092273252611,0.7274135572559701,0.6291587293936992,1.01119138829764,1.0702757567941206,-0.0972361703871966,0.4986738375667094
41.3,20.6,2013.0,7.0,11.0,8.017482517482517,29.173892773892774,29.049883449883453,64.22657342657342,42.739627039627045,344.28421603443354,-0.8121242937467013,0.3246092273252611,0.7274135572559701,0.6291587293936992,1.01119138829764,1.0702757567941206,-0.0972361703871966,0.4986738375667094
41.3,21.5,2013.0,7.0,11.0,8.017482517482517,29.173892773892774,29.049883449883453,64.22657342657342,42.739627039627045,344.28421603443354,-0.8121242937467013,0.3246092273252611,0.7274135572559701,0.6291587293936992,1.01119138829764,1.0702757567941206,-0.0972361703871966,0.4986738375667094
41.3,22.8,2013.0,7.0,11.0,11.0,9.0,11.0,68.0,31.0,679.44275,-1.501899732582604,1.0050404188053097,0.8666694560126381,1.2786179895398029,0.2104641867813088,1.5636482923253043,2.0498904121623336,0.3435766957339896
41.3,24.4,2013.0,7.0,11.0,8.017482517482517,29.173892773892774,29.049883449883453,64.22657342657342,42.739627039627045,344.28421603443354,-0.8121242937467013,0.3246092273252611,0.7274135572559701,0.6291587293936992,1.01119138829764,1.0702757567941206,-0.0972361703871966,0.4986738375667094
41.4,0.3,2013.0,7.0,11.0,12.0,50.0,34.0,54.0,45.0,227.01593,-1.4788513528964402,1.088052146702344,1.160330605478373,1.4321884221036585,1.0465649468407128,1.7754193788085444,0.0859322229715654,4.721755949400791
41.4,0.6,2013.0,7.0,11.0,8.017482517482517,29.173892773892774,29.049883449883453,64.22657342657342,42.739627039627045,344.28421603443354,-0.8121242937467013,0.3246092273252611,0.7274135572559701,0.6291587293936992,1.01119138829764,1.0702757567941206,-0.0972361703871966,0.4986738375667094
41.4,2.2,2013.0,7.0,11.0,8.017482517482517,29.173892773892774,29.049883449883453,64.22657342657342,42.739627039627045,344.28421603443354,-0.8121242937467013,0.3246092273252611,0.7274135572559701,0.6291587293936992,1.01119138829764,1.0702757567941206,-0.0972361703871966,0.4986738375667094
41.4,5.4,2013.0,7.0,11.0,8.017482517482517,29.173892773892774,29.049883449883453,64.22657342657342,42.739627039627045,344.28421603443354,-0.8121242937467013,0.3246092273252611,0.7274135572559701,0.6291587293936992,1.01119138829764,1.0702757567941206,-0.0972361703871966,0.4986738375667094
41.4,7.0,2013.0,7.0,11.0,8.017482517482517,29.173892773892774,29.049883449883453,64.22657342657342,42.739627039627045,344.28421603443354,-0.8121242937467013,0.3246092273252611,0.7274135572559701,0.6291587293936992,1.01119138829764,1.0702757567941206,-0.0972361703871966,0.4986738375667094
41.4,7.3,2013.0,7.0,11.0,12.0,50.0,19.0,48.0,76.0,0.0,-1.4103200388748256,1.2622903750090213,0.6277204571949417,0.5194146111384624,0.9934240349705457,1.5637374334728813,1.2620251900266055,1.898277102361428
41.4,13.6,2013.0,7.0,11.0,8.017482517482517,29.173892773892774,29.049883449883453,64.22657342657342,42.739627039627045,344.28421603443354,-0.8121242937467013,0.3246092273252611,0.7274135572559701,0.6291587293936992,1.01119138829764,1.0702757567941206,-0.0972361703871966,0.4986738375667094
41.4,22.5,2013.0,7.0,11.0,11.0,9.0,14.0,69.0,30.0,545.47656,-1.5013645228165091,0.9954289399393788,0.8371835040344596,1.2188703132811824,0.4647277650871463,1.5184341820065583,1.8482694050677888,0.1394492512614835
41.4,23.1,2013.0,7.0,11.0,8.017482517482517,29.173892773892774,29.049883449883453,64.22657342657342,42.739627039627045,344.28421603443354,-0.8121242937467013,0.3246092273252611,0.7274135572559701,0.6291587293936992,1.01119138829764,1.0702757567941206,-0.0972361703871966,0.4986738375667094
41.4,24.7,2013.0,7.0,11.0,8.017482517482517,29.173892773892774,29.049883449883453,64.22657342657342,42.739627039627045,344.28421603443354,-0.8121242937467013,0.3246092273252611,0.7274135572559701,0.6291587293936992,1.01119138829764,1.0702757567941206,-0.0972361703871966,0.4986738375667094
41.4,26.0,2013.0,7.0,11.0,8.017482517482517,29.173892773892774,29.049883449883453,64.22657342657342,42.739627039627045,344.28421603443354,-0.8121242937467013,0.3246092273252611,0.7274135572559701,0.6291587293936992,1.01119138829764,1.0702757567941206,-0.0972361703871966,0.4986738375667094
41.4,26.3,2013.0,7.0,11.0,11.0,9.0,4.0,65.0,48.0,105.616615,-1.4733007445138964,1.1037797201406578,1.1980339539094846,1.8280378743751804,-0.3819476997796879,1.3212567003561506,-0.6873806897540624,-0.3458414682194474
41.5,-2.5,2013.0,7.0,11.0,8.017482517482517,29.173892773892774,29.049883449883453,64.22657342657342,42.739627039627045,344.28421603443354,-0.8121242937467013,0.3246092273252611,0.7274135572559701,0.6291587293936992,1.01119138829764,1.0702757567941206,-0.0972361703871966,0.4986738375667094
41.5,-0.1,2013.0,7.0,11.0,12.0,50.0,37.0,55.0,43.0,335.28253,-1.4805003120580154,1.074812076982778,1.176903362025668,1.519463620606777,1.1343899702728877,1.760126459066505,-0.0720369188413783,4.334254311228319
41.5,0.9,2013.0,7.0,11.0,12.0,50.0,34.0,54.0,48.0,388.67627,-1.4722981408460731,1.1024556273081194,1.1368495965208842,1.3305631863356668,0.8929867787584397,1.8674879790140928,0.3628165447139669,5.331743338934277
41.5,3.8,2013.0,7.0,11.0,1.0,27.0,17.0,70.0,64.0,0.0,0.5246784823002706,-1.191933352849594,0.8199128730089916,0.5693021886348992,2.2274464150998217,2.1794856445859456,0.6010198280435366,2.204086346952661
41.5,4.6,2013.0,7.0,11.0,12.0,50.0,27.0,51.0,66.0,0.0,-1.43589832277118,1.198309890430023,0.6861525909921358,0.4991347863870509,1.6739515893783528,1.9435085661895013,1.7793749002725543,4.92441748267693
41.5,5.4,2013.0,7.0,11.0,12.0,50.0,24.0,50.0,69.0,0.0,-1.4294847095784324,1.2169513267057417,0.9242516532159248,0.624172305800677,2.4992328848226726,2.299309070900116,0.4343131270535383,2.3271118423168797
41.5,6.2,2013.0,7.0,11.0,8.017482517482517,29.173892773892774,29.049883449883453,64.22657342657342,42.739627039627045,344.28421603443354,-0.8121242937467013,0.3246092273252611,0.7274135572559701,0.6291587293936992,1.01119138829764,1.0702757567941206,-0.0972361703871966,0.4986738375667094
41.5,6.4,2013.0,7.0,11.0,8.017482517482517,29.173892773892774,29.049883449883453,64.22657342657342,42.739627039627045,344.28421603443354,-0.8121242937467013,0.3246092273252611,0.7274135572559701,0.6291587293936992,1.01119138829764,1.0702757567941206,-0.0972361703871966,0.4986738375667094
41.5,7.0,2013.0,7.0,11.0,8.017482517482517,29.173892773892774,29.049883449883453,64.22657342657342,42.739627039627045,344.28421603443354,-0.8121242937467013,0.3246092273252611,0.7274135572559701,0.6291587293936992,1.01119138829764,1.0702757567941206,-0.0972361703871966,0.4986738375667094
41.5,7.2,2013.0,7.0,11.0,12.0,50.0,22.0,49.0,76.0,0.0,-1.4081467575119906,1.2588289669743535,0.7217492245483046,0.5639425264330461,1.322376690852772,1.6064915608944628,0.3630146927236453,1.1253123477480058
41.5,8.0,2013.0,7.0,11.0,8.017482517482517,29.173892773892774,29.049883449883453,64.22657342657342,42.739627039627045,344.28421603443354,-0.8121242937467013,0.3246092273252611,0.7274135572559701,0.6291587293936992,1.01119138829764,1.0702757567941206,-0.0972361703871966,0.4986738375667094
41.5,10.4,2013.0,7.0,11.0,6.5,38.5,8.5,55.5,58.5,0.0,-0.4480744801320208,0.1039579643714968,0.941693983517773,0.6803034011988196,1.7896689225604463,1.9013118315869055,0.1565458581772775,1.4636076175808568
41.5,11.0,2013.0,7.0,11.0,11.0,9.0,59.0,86.0,1.0,0.0,-1.5250832150469824,0.6192040604326587,0.9362484478168868,0.71396623059694,2.633140259036171,2.1277491129895285,0.849342917342112,3.3131319159465247
41.5,19.7,2013.0,7.0,11.0,8.017482517482517,29.173892773892774,29.049883449883453,64.22657342657342,42.739627039627045,344.28421603443354,-0.8121242937467013,0.3246092273252611,0.7274135572559701,0.6291587293936992,1.01119138829764,1.0702757567941206,-0.0972361703871966,0.4986738375667094
41.5,19.9,2013.0,7.0,11.0,8.017482517482517,29.173892773892774,29.049883449883453,64.22657342657342,42.739627039627045,344.28421603443354,-0.8121242937467013,0.3246092273252611,0.7274135572559701,0.6291587293936992,1.01119138829764,1.0702757567941206,-0.0972361703871966,0.4986738375667094
41.5,20.7,2013.0,7.0,11.0,8.017482517482517,29.173892773892774,29.049883449883453,64.22657342657342,42.739627039627045,344.28421603443354,-0.8121242937467013,0.3246092273252611,0.7274135572559701,0.6291587293936992,1.01119138829764,1.0702757567941206,-0.0972361703871966,0.4986738375667094
41.5,21.0,2013.0,7.0,11.0,11.0,9.0,19.0,71.0,24.0,889.43317,-1.5092582717970755,0.9492861139305292,0.4426477709056762,0.9366591049010038,-0.5023704051243382,0.8107423507471946,1.7552212802779186,0.0933283145378141
41.5,25.7,2013.0,7.0,11.0,11.0,9.0,6.0,66.0,45.0,378.71112,-1.477251255538993,1.085823205993415,0.8918583944289706,1.5751445108403055,-0.801756428233438,1.027466505146818,-0.573733936111652,-0.1576487562246622
41.6,-1.7,2013.0,7.0,11.0,8.017482517482517,29.173892773892774,29.049883449883453,64.22657342657342,42.739627039627045,344.28421603443354,-0.8121242937467013,0.3246092273252611,0.7274135572559701,0.6291587293936992,1.01119138829764,1.0702757567941206,-0.0972361703871966,0.4986738375667094
41.6,0.4,2013.0,7.0,11.0,8.017482517482517,29.173892773892774,29.049883449883453,64.22657342657342,42.739627039627045,344.28421603443354,-0.8121242937467013,0.3246092273252611,0.7274135572559701,0.6291587293936992,1.01119138829764,1.0702757567941206,-0.0972361703871966,0.4986738375667094
41.6,5.2,2013.0,7.0,11.0,8.017482517482517,29.173892773892774,29.049883449883453,64.22657342657342,42.739627039627045,344.28421603443354,-0.8121242937467013,0.3246092273252611,0.7274135572559701,0.6291587293936992,1.01119138829764,1.0702757567941206,-0.0972361703871966,0.4986738375667094
41.6,6.0,2013.0,7.0,11.0,8.017482517482517,29.173892773892774,29.049883449883453,64.22657342657342,42.739627039627045,344.28421603443354,-0.8121242937467013,0.3246092273252611,0.7274135572559701,0.6291587293936992,1.01119138829764,1.0702757567941206,-0.0972361703871966,0.4986738375667094
41.6,6.8,2013.0,7.0,11.0,8.017482517482517,29.173892773892774,29.049883449883453,64.22657342657342,42.739627039627045,344.28421603443354,-0.8121242937467013,0.3246092273252611,0.7274135572559701,0.6291587293936992,1.01119138829764,1.0702757567941206,-0.0972361703871966,0.4986738375667094
41.6,7.8,2013.0,7.0,11.0,12.0,50.0,22.0,49.0,78.0,0.0,-1.4003850037253438,1.2708095846138356,0.8195271790333214,0.6301634665473348,2.039954368296577,1.6932099980423017,1.0036554581196924,1.0848076901114485
41.6,8.8,2013.0,7.0,11.0,8.017482517482517,29.173892773892774,29.049883449883453,64.22657342657342,42.739627039627045,344.28421603443354,-0.8121242937467013,0.3246092273252611,0.7274135572559701,0.6291587293936992,1.01119138829764,1.0702757567941206,-0.0972361703871966,0.4986738375667094
41.6,9.0,2013.0,7.0,11.0,8.017482517482517,29.173892773892774,29.049883449883453,64.22657342657342,42.739627039627045,344.28421603443354,-0.8121242937467013,0.3246092273252611,0.7274135572559701,0.6291587293936992,1.01119138829764,1.0702757567941206,-0.0972361703871966,0.4986738375667094
41.6,10.4,2013.0,7.0,11.0,8.017482517482517,29.173892773892774,29.049883449883453,64.22657342657342,42.739627039627045,344.28421603443354,-0.8121242937467013,0.3246092273252611,0.7274135572559701,0.6291587293936992,1.01119138829764,1.0702757567941206,-0.0972361703871966,0.4986738375667094
41.6,13.8,2013.0,7.0,11.0,1.0,26.0,47.0,59.0,19.0,711.7419,0.4431506777273069,-1.0811973043511436,0.3430118389138405,-0.1136449140815026,0.1273675406708083,1.3829538429310766,-0.2586540959631585,1.1964804727493086
41.6,17.9,2013.0,7.0,11.0,11.0,9.0,32.0,76.0,14.0,0.0,-1.5192160738584488,0.8478509129781018,0.748972371400289,0.6468747592405882,1.3084146963600602,1.968346104888024,1.2187744983217397,2.332664547906306
41.6,19.7,2013.0,7.0,11.0,8.017482517482517,29.173892773892774,29.049883449883453,64.22657342657342,42.739627039627045,344.28421603443354,-0.8121242937467013,0.3246092273252611,0.7274135572559701,0.6291587293936992,1.01119138829764,1.0702757567941206,-0.0972361703871966,0.4986738375667094
41.7,-1.1,2013.0,7.0,11.0,8.017482517482517,29.173892773892774,29.049883449883453,64.22657342657342,42.739627039627045,344.28421603443354,-0.8121242937467013,0.3246092273252611,0.7274135572559701,0.6291587293936992,1.01119138829764,1.0702757567941206,-0.0972361703871966,0.4986738375667094
41.7,15.9,2013.0,7.0,11.0,1.0,26.0,39.0,56.0,13.0,281.7703,0.4236542228110994,-1.0596203683713536,0.920777386333252,0.4332740104044564,1.3091743694559277,1.7141538670534646,-0.7758271106237343,-0.5313163907353988
41.7,22.1,2013.0,7.0,11.0,8.017482517482517,29.173892773892774,29.049883449883453,64.22657342657342,42.739627039627045,344.28421603443354,-0.8121242937467013,0.3246092273252611,0.7274135572559701,0.6291587293936992,1.01119138829764,1.0702757567941206,-0.0972361703871966,0.4986738375667094
41.7,23.3,2013.0,7.0,11.0,8.017482517482517,29.173892773892774,29.049883449883453,64.22657342657342,42.739627039627045,344.28421603443354,-0.8121242937467013,0.3246092273252611,0.7274135572559701,0.6291587293936992,1.01119138829764,1.0702757567941206,-0.0972361703871966,0.4986738375667094
41.8,1.2,2013.0,7.0,11.0,8.017482517482517,29.173892773892774,29.049883449883453,64.22657342657342,42.739627039627045,344.28421603443354,-0.8121242937467013,0.3246092273252611,0.7274135572559701,0.6291587293936992,1.01119138829764,1.0702757567941206,-0.0972361703871966,0.4986738375667094
41.8,2.1,2013.0,7.0,11.0,8.017482517482517,29.173892773892774,29.049883449883453,64.22657342657342,42.739627039627045,344.28421603443354,-0.8121242937467013,0.3246092273252611,0.7274135572559701,0.6291587293936992,1.01119138829764,1.0702757567941206,-0.0972361703871966,0.4986738375667094
41.8,2.8,2013.0,7.0,11.0,8.017482517482517,29.173892773892774,29.049883449883453,64.22657342657342,42.739627039627045,344.28421603443354,-0.8121242937467013,0.3246092273252611,0.7274135572559701,0.6291587293936992,1.01119138829764,1.0702757567941206,-0.0972361703871966,0.4986738375667094
41.8,7.6,2013.0,7.0,11.0,1.0,27.0,4.0,65.0,46.0,0.0,0.4917350913871761,-1.149461618682473,0.8255119813764296,0.6446120240455295,2.190236010217517,1.3053210260236892,-0.7758271106237343,-0.5313163907353988
41.8,10.3,2013.0,7.0,11.0,6.5,38.0,38.5,55.5,59.0,0.0,-0.4488861106231347,0.0997099016844711,1.0077725255584855,0.7098158638820969,1.872215707654676,1.9200248260889736,-0.6465664803135142,0.9541215241253308
41.8,12.3,2013.0,7.0,11.0,11.0,9.0,59.0,86.0,3.0,27.144384,-1.519017452938829,0.66396256854359,0.7552139673825556,0.8634141566758708,0.7353697595717412,1.990815538626577,-0.0468384201184953,8.441305940646433
41.8,15.3,2013.0,7.0,11.0,8.017482517482517,29.173892773892774,29.049883449883453,64.22657342657342,42.739627039627045,344.28421603443354,-0.8121242937467013,0.3246092273252611,0.7274135572559701,0.6291587293936992,1.01119138829764,1.0702757567941206,-0.0972361703871966,0.4986738375667094
41.8,15.5,2013.0,7.0,11.0,8.017482517482517,29.173892773892774,29.049883449883453,64.22657342657342,42.739627039627045,344.28421603443354,-0.8121242937467013,0.3246092273252611,0.7274135572559701,0.6291587293936992,1.01119138829764,1.0702757567941206,-0.0972361703871966,0.4986738375667094
41.8,15.8,2013.0,7.0,11.0,8.017482517482517,29.173892773892774,29.049883449883453,64.22657342657342,42.739627039627045,344.28421603443354,-0.8121242937467013,0.3246092273252611,0.7274135572559701,0.6291587293936992,1.01119138829764,1.0702757567941206,-0.0972361703871966,0.4986738375667094
41.8,17.1,2013.0,7.0,11.0,11.0,9.0,38.0,78.0,12.0,0.0,-1.5184428804383312,0.8201831990318241,0.9706003874985668,0.7470367272807263,2.66266505510463,2.4307888751697977,1.1976882218763447,2.112704094967461
41.8,19.8,2013.0,7.0,11.0,1.0,26.0,20.0,49.0,5.0,291.4552,0.3828170388382287,-1.0203179813363017,0.5145338773267933,0.0455645905262806,0.8937503489031194,1.5683636505148164,-0.5285822704912128,-0.5313163907353988
41.9,0.5,2013.0,7.0,11.0,12.0,50.0,42.0,57.0,47.0,566.2268,-1.4667740681478638,1.0869537445425124,1.088873495489724,1.2883973340123676,0.6502524307965085,1.540977769711443,0.7435176668392744,3.41195188225574
41.9,5.1,2013.0,7.0,11.0,8.017482517482517,29.173892773892774,29.049883449883453,64.22657342657342,42.739627039627045,344.28421603443354,-0.8121242937467013,0.3246092273252611,0.7274135572559701,0.6291587293936992,1.01119138829764,1.0702757567941206,-0.0972361703871966,0.4986738375667094
41.9,13.7,2013.0,7.0,11.0,8.017482517482517,29.173892773892774,29.049883449883453,64.22657342657342,42.739627039627045,344.28421603443354,-0.8121242937467013,0.3246092273252611,0.7274135572559701,0.6291587293936992,1.01119138829764,1.0702757567941206,-0.0972361703871966,0.4986738375667094
41.9,16.2,2013.0,7.0,11.0,8.017482517482517,29.173892773892774,29.049883449883453,64.22657342657342,42.739627039627045,344.28421603443354,-0.8121242937467013,0.3246092273252611,0.7274135572559701,0.6291587293936992,1.01119138829764,1.0702757567941206,-0.0972361703871966,0.4986738375667094
41.9,17.1,2013.0,7.0,11.0,8.017482517482517,29.173892773892774,29.049883449883453,64.22657342657342,42.739627039627045,344.28421603443354,-0.8121242937467013,0.3246092273252611,0.7274135572559701,0.6291587293936992,1.01119138829764,1.0702757567941206,-0.0972361703871966,0.4986738375667094
41.9,23.2,2013.0,7.0,11.0,11.0,9.0,19.0,71.0,34.0,959.1699,-1.4871674909054702,1.011730307381455,0.5280160468993327,0.7857527563516028,0.4908342207910786,1.070653696944712,2.41721594773368,-0.0531759255955094
42.0,-6.0,2013.0,7.0,11.0,12.0,51.0,3.0,65.0,19.0,760.68915,-1.505334164218684,0.8933164216528823,1.161269161053635,1.5671999038278293,0.1384326450723112,0.6446570146603045,-0.5272300173665759,1.2454535565033271
42.0,4.4,2013.0,7.0,11.0,8.017482517482517,29.173892773892774,29.049883449883453,64.22657342657342,42.739627039627045,344.28421603443354,-0.8121242937467013,0.3246092273252611,0.7274135572559701,0.6291587293936992,1.01119138829764,1.0702757567941206,-0.0972361703871966,0.4986738375667094
42.1,0.2,2013.0,7.0,11.0,8.017482517482517,29.173892773892774,29.049883449883453,64.22657342657342,42.739627039627045,344.28421603443354,-0.8121242937467013,0.3246092273252611,0.7274135572559701,0.6291587293936992,1.01119138829764,1.0702757567941206,-0.0972361703871966,0.4986738375667094
42.1,6.8,2013.0,7.0,11.0,12.0,50.0,32.0,53.0,75.0,0.0,-1.403070838140407,1.239189462761778,0.6108888929407297,0.4923280073152684,1.2755791687587903,1.3582909374748833,0.8746372236513186,1.324707319468018
42.1,12.9,2013.0,7.0,11.0,1.0,26.0,42.0,57.0,23.0,710.2641,0.4418635647994558,-1.0925964005344824,0.4607371204748058,-0.0306400024133053,0.7423741391109707,1.2695755561686812,-0.3021929828908337,2.4383611651583523
42.1,17.2,2013.0,7.0,11.0,11.0,9.0,43.0,80.0,13.0,0.0,-1.509573967098078,0.8254502551061214,0.9584102423928316,0.7422060056758623,1.8132024460695868,2.3552652107951357,-0.176662864059529,2.0444212829887407
42.1,24.0,2013.0,7.0,11.0,8.017482517482517,29.173892773892774,29.049883449883453,64.22657342657342,42.739627039627045,344.28421603443354,-0.8121242937467013,0.3246092273252611,0.7274135572559701,0.6291587293936992,1.01119138829764,1.0702757567941206,-0.0972361703871966,0.4986738375667094
42.2,7.2,2013.0,7.0,11.0,8.017482517482517,29.173892773892774,29.049883449883453,64.22657342657342,42.739627039627045,344.28421603443354,-0.8121242937467013,0.3246092273252611,0.7274135572559701,0.6291587293936992,1.01119138829764,1.0702757567941206,-0.0972361703871966,0.4986738375667094
42.2,7.4,2013.0,7.0,11.0,12.0,50.0,32.0,53.0,77.0,0.0,-1.3956803635383932,1.2510567444330096,0.846503602584941,0.6313836638634407,1.9109947375395024,1.4157446225845307,-0.7366885749851705,0.3970589431129123
42.2,8.6,2013.0,7.0,11.0,8.017482517482517,29.173892773892774,29.049883449883453,64.22657342657342,42.739627039627045,344.28421603443354,-0.8121242937467013,0.3246092273252611,0.7274135572559701,0.6291587293936992,1.01119138829764,1.0702757567941206,-0.0972361703871966,0.4986738375667094
42.2,13.1,2013.0,7.0,11.0,8.017482517482517,29.173892773892774,29.049883449883453,64.22657342657342,42.739627039627045,344.28421603443354,-0.8121242937467013,0.3246092273252611,0.7274135572559701,0.6291587293936992,1.01119138829764,1.0702757567941206,-0.0972361703871966,0.4986738375667094
42.3,2.0,2013.0,7.0,11.0,12.0,50.0,45.0,58.0,55.0,1698.2307,-1.4466115984103076,1.121033036121255,0.5284651840093822,0.5614674074562994,0.385309933055328,0.8741808734594335,1.7038597182726765,1.7738043636997594
42.3,2.7,2013.0,7.0,11.0,12.0,50.0,43.0,57.0,58.0,468.2544,-1.4421650199574705,1.1385240632560405,0.9541555242539072,0.8637670529214948,0.8117202370546316,1.7528394308987267,1.7843515537257024,2.2435975002918958
42.3,5.7,2013.0,7.0,11.0,12.0,50.0,37.0,55.0,71.0,0.0,-1.411876960646217,1.2101088516095706,0.9107835821176964,0.6337885266082193,3.191469436664754,2.4398698037709026,0.9182768619338816,0.3576528047239414
42.3,6.1,2013.0,7.0,11.0,8.017482517482517,29.173892773892774,29.049883449883453,64.22657342657342,42.739627039627045,344.28421603443354,-0.8121242937467013,0.3246092273252611,0.7274135572559701,0.6291587293936992,1.01119138829764,1.0702757567941206,-0.0972361703871966,0.4986738375667094
42.3,6.8,2013.0,7.0,11.0,12.0,50.0,35.0,54.0,75.0,0.0,-1.4008558137658362,1.235781533603904,0.8048879275337715,0.5955061480725861,1.963020464893131,1.5015884599642584,-0.6009783538646949,0.2540122865377904
42.3,13.8,2013.0,7.0,11.0,1.0,26.0,37.0,55.0,20.0,678.0528,0.4313116631476175,-1.083204553037328,0.5427711072949656,-0.1394935546448739,0.7067548615452962,0.7279797475080518,-0.726013149019634,-0.3159067353266018
42.3,18.9,2013.0,7.0,11.0,6.0,17.5,29.5,63.5,12.5,472.615635,-0.5575488563885851,-0.0767473197694199,0.8225694283818878,0.6367409034366045,0.99319360624562,1.706720355479434,-0.2836896599921842,-0.2411285145235088
42.4,3.2,2013.0,7.0,11.0,8.017482517482517,29.173892773892774,29.049883449883453,64.22657342657342,42.739627039627045,344.28421603443354,-0.8121242937467013,0.3246092273252611,0.7274135572559701,0.6291587293936992,1.01119138829764,1.0702757567941206,-0.0972361703871966,0.4986738375667094
42.4,6.7,2013.0,7.0,11.0,12.0,50.0,38.0,55.0,75.0,0.0,-1.398628050499617,1.2323967868031718,0.7341709874462172,0.55627732926264,2.064462028297507,1.5276137653572477,0.8863836398298702,1.097739091237938
42.4,7.9,2013.0,7.0,11.0,8.017482517482517,29.173892773892774,29.049883449883453,64.22657342657342,42.739627039627045,344.28421603443354,-0.8121242937467013,0.3246092273252611,0.7274135572559701,0.6291587293936992,1.01119138829764,1.0702757567941206,-0.0972361703871966,0.4986738375667094
42.4,11.5,2013.0,7.0,11.0,1.0,26.0,42.0,57.0,29.0,61.156715,0.4487826783708536,-1.1085638929705215,0.8205170933364104,0.3736515032947377,1.32557629363881,2.044154786352965,-0.4898805741883097,1.0958859654784754
42.4,21.0,2013.0,7.0,11.0,8.017482517482517,29.173892773892774,29.049883449883453,64.22657342657342,42.739627039627045,344.28421603443354,-0.8121242937467013,0.3246092273252611,0.7274135572559701,0.6291587293936992,1.01119138829764,1.0702757567941206,-0.0972361703871966,0.4986738375667094
42.4,21.7,2013.0,7.0,11.0,8.017482517482517,29.173892773892774,29.049883449883453,64.22657342657342,42.739627039627045,344.28421603443354,-0.8121242937467013,0.3246092273252611,0.7274135572559701,0.6291587293936992,1.01119138829764,1.0702757567941206,-0.0972361703871966,0.4986738375667094
42.5,2.3,2013.0,7.0,11.0,8.017482517482517,29.173892773892774,29.049883449883453,64.22657342657342,42.739627039627045,344.28421603443354,-0.8121242937467013,0.3246092273252611,0.7274135572559701,0.6291587293936992,1.01119138829764,1.0702757567941206,-0.0972361703871966,0.4986738375667094
42.5,4.8,2013.0,7.0,11.0,6.5,38.0,51.0,60.0,64.5,0.0,-0.4589384295302457,0.0018899279993794,0.7878116540469562,0.5726530878825391,2.252726570744324,2.2821242475917414,0.0695615038914713,0.1229116194222407
42.5,11.1,2013.0,7.0,11.0,12.0,50.0,32.0,53.0,87.0,17.403355,-1.3475993344551014,1.3223649390544994,1.2063822647666935,0.8650946534427905,1.2667429248553406,2.0285010013512177,-0.142268381977254,3.4032183206529787
42.5,14.1,2013.0,7.0,11.0,8.017482517482517,29.173892773892774,29.049883449883453,64.22657342657342,42.739627039627045,344.28421603443354,-0.8121242937467013,0.3246092273252611,0.7274135572559701,0.6291587293936992,1.01119138829764,1.0702757567941206,-0.0972361703871966,0.4986738375667094
42.5,15.9,2013.0,7.0,11.0,1.0,26.0,26.0,51.0,14.0,0.0,0.4089050987965901,-1.0616915831911342,0.689058890767035,0.5669191295483126,1.0681724482578812,1.57885037671667,0.653198038818451,0.7091406017401201
42.5,21.6,2013.0,7.0,11.0,8.017482517482517,29.173892773892774,29.049883449883453,64.22657342657342,42.739627039627045,344.28421603443354,-0.8121242937467013,0.3246092273252611,0.7274135572559701,0.6291587293936992,1.01119138829764,1.0702757567941206,-0.0972361703871966,0.4986738375667094
42.5,25.7,2013.0,7.0,11.0,11.0,9.0,22.0,72.0,47.0,419.18295,-1.4573188572372904,1.0744409139525546,0.8987888015844991,1.4451389875294696,-0.874212723120711,0.5597448586607334,-0.4733247540127632,-0.1251273325410442
42.6,-0.4,2013.0,7.0,11.0,8.017482517482517,29.173892773892774,29.049883449883453,64.22657342657342,42.739627039627045,344.28421603443354,-0.8121242937467013,0.3246092273252611,0.7274135572559701,0.6291587293936992,1.01119138829764,1.0702757567941206,-0.0972361703871966,0.4986738375667094
42.6,6.4,2013.0,7.0,11.0,12.0,50.0,40.0,56.0,74.0,0.0,-1.3998369228299703,1.223287224368065,0.6394141345983119,0.5257360569296491,1.240980917981903,1.366776549172288,0.7816721497592455,1.1395423546400227
42.6,8.0,2013.0,7.0,11.0,8.017482517482517,29.173892773892774,29.049883449883453,64.22657342657342,42.739627039627045,344.28421603443354,-0.8121242937467013,0.3246092273252611,0.7274135572559701,0.6291587293936992,1.01119138829764,1.0702757567941206,-0.0972361703871966,0.4986738375667094
42.6,13.9,2013.0,7.0,11.0,8.017482517482517,29.173892773892774,29.049883449883453,64.22657342657342,42.739627039627045,344.28421603443354,-0.8121242937467013,0.3246092273252611,0.7274135572559701,0.6291587293936992,1.01119138829764,1.0702757567941206,-0.0972361703871966,0.4986738375667094
42.6,20.0,2013.0,7.0,11.0,11.0,9.0,41.0,79.0,22.0,1613.8228,-1.490401847008005,0.9091502168969374,0.271073366731014,0.6795099903033385,-0.3959278469771896,0.5981207743091499,0.2439163726533643,-0.0564799448360941
42.7,2.5,2013.0,7.0,11.0,12.0,50.0,51.0,60.0,58.0,477.10376,-1.4346627825188625,1.128287642011065,1.0070701194278595,1.0171323695897232,0.4857222984395368,1.3671582661624235,0.5834739740722503,0.5917929061333272
42.7,6.3,2013.0,7.0,11.0,8.017482517482517,29.173892773892774,29.049883449883453,64.22657342657342,42.739627039627045,344.28421603443354,-0.8121242937467013,0.3246092273252611,0.7274135572559701,0.6291587293936992,1.01119138829764,1.0702757567941206,-0.0972361703871966,0.4986738375667094
42.7,7.0,2013.0,7.0,11.0,8.017482517482517,29.173892773892774,29.049883449883453,64.22657342657342,42.739627039627045,344.28421603443354,-0.8121242937467013,0.3246092273252611,0.7274135572559701,0.6291587293936992,1.01119138829764,1.0702757567941206,-0.0972361703871966,0.4986738375667094
42.7,9.5,2013.0,7.0,11.0,8.017482517482517,29.173892773892774,29.049883449883453,64.22657342657342,42.739627039627045,344.28421603443354,-0.8121242937467013,0.3246092273252611,0.7274135572559701,0.6291587293936992,1.01119138829764,1.0702757567941206,-0.0972361703871966,0.4986738375667094
42.7,13.6,2013.0,7.0,11.0,8.017482517482517,29.173892773892774,29.049883449883453,64.22657342657342,42.739627039627045,344.28421603443354,-0.8121242937467013,0.3246092273252611,0.7274135572559701,0.6291587293936992,1.01119138829764,1.0702757567941206,-0.0972361703871966,0.4986738375667094
42.7,18.1,2013.0,7.0,11.0,11.0,9.0,48.0,82.0,16.0,164.9612,-1.4957093805877872,0.8498656928639082,1.0182683361627412,0.963811927241686,0.9664647541330096,1.9617378005456552,-0.1686135039510634,0.4056197464621256
42.7,19.1,2013.0,7.0,11.0,1.0,26.0,10.0,45.0,7.0,1056.2706,0.3749829731078102,-1.0293148210930292,0.097352973360123,-0.306821287987807,0.8132514001040557,1.1306107626154764,-0.4781270734128426,-0.5313163907353988
42.7,19.5,2013.0,7.0,11.0,8.017482517482517,29.173892773892774,29.049883449883453,64.22657342657342,42.739627039627045,344.28421603443354,-0.8121242937467013,0.3246092273252611,0.7274135572559701,0.6291587293936992,1.01119138829764,1.0702757567941206,-0.0972361703871966,0.4986738375667094
42.7,21.2,2013.0,7.0,11.0,8.017482517482517,29.173892773892774,29.049883449883453,64.22657342657342,42.739627039627045,344.28421603443354,-0.8121242937467013,0.3246092273252611,0.7274135572559701,0.6291587293936992,1.01119138829764,1.0702757567941206,-0.0972361703871966,0.4986738375667094
42.8,-0.7,2013.0,7.0,11.0,8.017482517482517,29.173892773892774,29.049883449883453,64.22657342657342,42.739627039627045,344.28421603443354,-0.8121242937467013,0.3246092273252611,0.7274135572559701,0.6291587293936992,1.01119138829764,1.0702757567941206,-0.0972361703871966,0.4986738375667094
42.8,2.2,2013.0,7.0,11.0,1.0,26.0,59.0,63.0,72.0,946.72504,0.5091025204672461,-1.213767551664675,0.5367812697824635,-0.0936582274013982,0.98182088641046,1.2197404417406066,-0.083058234250274,1.047949623698309
42.8,2.9,2013.0,7.0,11.0,12.0,50.0,51.0,60.0,60.0,19.562147,-1.4299077818346488,1.1377980507061751,1.159760624302835,1.1355335014826589,0.7537562872900307,1.7820029217210305,0.0851495184699803,0.6238066848530393
42.8,11.7,2013.0,7.0,11.0,8.017482517482517,29.173892773892774,29.049883449883453,64.22657342657342,42.739627039627045,344.28421603443354,-0.8121242937467013,0.3246092273252611,0.7274135572559701,0.6291587293936992,1.01119138829764,1.0702757567941206,-0.0972361703871966,0.4986738375667094
42.8,13.3,2013.0,7.0,11.0,8.017482517482517,29.173892773892774,29.049883449883453,64.22657342657342,42.739627039627045,344.28421603443354,-0.8121242937467013,0.3246092273252611,0.7274135572559701,0.6291587293936992,1.01119138829764,1.0702757567941206,-0.0972361703871966,0.4986738375667094
42.8,16.8,2013.0,7.0,11.0,8.017482517482517,29.173892773892774,29.049883449883453,64.22657342657342,42.739627039627045,344.28421603443354,-0.8121242937467013,0.3246092273252611,0.7274135572559701,0.6291587293936992,1.01119138829764,1.0702757567941206,-0.0972361703871966,0.4986738375667094
42.8,18.1,2013.0,7.0,11.0,8.017482517482517,29.173892773892774,29.049883449883453,64.22657342657342,42.739627039627045,344.28421603443354,-0.8121242937467013,0.3246092273252611,0.7274135572559701,0.6291587293936992,1.01119138829764,1.0702757567941206,-0.0972361703871966,0.4986738375667094
42.8,20.8,2013.0,7.0,11.0,8.017482517482517,29.173892773892774,29.049883449883453,64.22657342657342,42.739627039627045,344.28421603443354,-0.8121242937467013,0.3246092273252611,0.7274135572559701,0.6291587293936992,1.01119138829764,1.0702757567941206,-0.0972361703871966,0.4986738375667094
42.8,21.5,2013.0,7.0,11.0,8.017482517482517,29.173892773892774,29.049883449883453,64.22657342657342,42.739627039627045,344.28421603443354,-0.8121242937467013,0.3246092273252611,0.7274135572559701,0.6291587293936992,1.01119138829764,1.0702757567941206,-0.0972361703871966,0.4986738375667094
42.8,24.7,2013.0,7.0,11.0,8.017482517482517,29.173892773892774,29.049883449883453,64.22657342657342,42.739627039627045,344.28421603443354,-0.8121242937467013,0.3246092273252611,0.7274135572559701,0.6291587293936992,1.01119138829764,1.0702757567941206,-0.0972361703871966,0.4986738375667094
42.8,25.6,2013.0,7.0,11.0,11.0,9.0,28.0,74.0,47.0,683.1698,-1.4520725276403958,1.0676062889667386,0.8363496799826163,1.2205265837612185,-0.7662986141998394,0.4974570908214532,-0.461365115744492,-0.1070529124328633
42.9,7.7,2013.0,7.0,11.0,8.017482517482517,29.173892773892774,29.049883449883453,64.22657342657342,42.739627039627045,344.28421603443354,-0.8121242937467013,0.3246092273252611,0.7274135572559701,0.6291587293936992,1.01119138829764,1.0702757567941206,-0.0972361703871966,0.4986738375667094
42.9,9.3,2013.0,7.0,11.0,8.017482517482517,29.173892773892774,29.049883449883453,64.22657342657342,42.739627039627045,344.28421603443354,-0.8121242937467013,0.3246092273252611,0.7274135572559701,0.6291587293936992,1.01119138829764,1.0702757567941206,-0.0972361703871966,0.4986738375667094
42.9,10.8,2013.0,7.0,11.0,1.0,26.0,37.0,55.0,33.0,45.125683,0.4462349000410658,-1.1178683221293946,0.8965944747620783,0.4643321101909922,1.921289986233725,1.978618058266476,-0.5176245619617883,0.9615916025558868
42.9,13.7,2013.0,7.0,11.0,8.017482517482517,29.173892773892774,29.049883449883453,64.22657342657342,42.739627039627045,344.28421603443354,-0.8121242937467013,0.3246092273252611,0.7274135572559701,0.6291587293936992,1.01119138829764,1.0702757567941206,-0.0972361703871966,0.4986738375667094
42.9,19.2,2013.0,7.0,11.0,11.0,9.0,49.0,82.0,20.0,1574.8246,-1.4860586343022844,0.8845844004626622,0.4305371814763901,0.6370219283644699,0.508140888854643,0.703697386132157,-0.0904031294087595,-0.285107011545022
42.9,22.4,2013.0,7.0,11.0,11.0,9.0,38.0,78.0,32.0,984.5906,-1.471752991218155,0.9771683566738528,0.5884209600655579,0.9145582709187412,-0.5595336747826674,0.7486068005400343,0.8673800362440541,-0.0799057459042522
42.9,24.0,2013.0,7.0,11.0,8.017482517482517,29.173892773892774,29.049883449883453,64.22657342657342,42.739627039627045,344.28421603443354,-0.8121242937467013,0.3246092273252611,0.7274135572559701,0.6291587293936992,1.01119138829764,1.0702757567941206,-0.0972361703871966,0.4986738375667094
43.0,7.3,2013.0,7.0,11.0,8.017482517482517,29.173892773892774,29.049883449883453,64.22657342657342,42.739627039627045,344.28421603443354,-0.8121242937467013,0.3246092273252611,0.7274135572559701,0.6291587293936992,1.01119138829764,1.0702757567941206,-0.0972361703871966,0.4986738375667094
43.0,8.1,2013.0,7.0,11.0,12.0,50.0,46.0,58.0,80.0,0.0,-1.372512308797465,1.2539504913626298,0.8915029114696696,0.6543816780033462,1.9116627671326585,1.3247140475843182,-0.7511746047909192,1.2511183336371092
43.0,13.2,2013.0,7.0,11.0,8.017482517482517,29.173892773892774,29.049883449883453,64.22657342657342,42.739627039627045,344.28421603443354,-0.8121242937467013,0.3246092273252611,0.7274135572559701,0.6291587293936992,1.01119138829764,1.0702757567941206,-0.0972361703871966,0.4986738375667094
43.0,18.0,2013.0,7.0,11.0,8.017482517482517,29.173892773892774,29.049883449883453,64.22657342657342,42.739627039627045,344.28421603443354,-0.8121242937467013,0.3246092273252611,0.7274135572559701,0.6291587293936992,1.01119138829764,1.0702757567941206,-0.0972361703871966,0.4986738375667094
43.0,20.8,2013.0,7.0,11.0,8.017482517482517,29.173892773892774,29.049883449883453,64.22657342657342,42.739627039627045,344.28421603443354,-0.8121242937467013,0.3246092273252611,0.7274135572559701,0.6291587293936992,1.01119138829764,1.0702757567941206,-0.0972361703871966,0.4986738375667094
43.0,21.6,2013.0,7.0,11.0,8.017482517482517,29.173892773892774,29.049883449883453,64.22657342657342,42.739627039627045,344.28421603443354,-0.8121242937467013,0.3246092273252611,0.7274135572559701,0.6291587293936992,1.01119138829764,1.0702757567941206,-0.0972361703871966,0.4986738375667094
43.0,22.4,2013.0,7.0,11.0,8.017482517482517,29.173892773892774,29.049883449883453,64.22657342657342,42.739627039627045,344.28421603443354,-0.8121242937467013,0.3246092273252611,0.7274135572559701,0.6291587293936992,1.01119138829764,1.0702757567941206,-0.0972361703871966,0.4986738375667094
43.0,22.7,2013.0,7.0,11.0,8.017482517482517,29.173892773892774,29.049883449883453,64.22657342657342,42.739627039627045,344.28421603443354,-0.8121242937467013,0.3246092273252611,0.7274135572559701,0.6291587293936992,1.01119138829764,1.0702757567941206,-0.0972361703871966,0.4986738375667094
43.0,23.2,2013.0,7.0,11.0,8.017482517482517,29.173892773892774,29.049883449883453,64.22657342657342,42.739627039627045,344.28421603443354,-0.8121242937467013,0.3246092273252611,0.7274135572559701,0.6291587293936992,1.01119138829764,1.0702757567941206,-0.0972361703871966,0.4986738375667094
43.1,-2.4,2013.0,7.0,11.0,12.0,51.0,9.0,67.0,35.0,463.33798,-1.4645289156333554,0.9927282566613024,0.969405038284152,0.982835215246664,1.3641324374738308,1.1114597514511193,-0.3453482422060975,0.4636529838236626
43.1,-1.1,2013.0,7.0,11.0,12.0,51.0,6.0,66.0,41.0,566.84686,-1.455198515005495,1.0271988271780532,0.9623578151986528,0.8871292689075696,1.3989298148738951,1.4521122559461643,-0.382946308388265,2.8531576451285274
43.1,1.2,2013.0,7.0,11.0,8.017482517482517,29.173892773892774,29.049883449883453,64.22657342657342,42.739627039627045,344.28421603443354,-0.8121242937467013,0.3246092273252611,0.7274135572559701,0.6291587293936992,1.01119138829764,1.0702757567941206,-0.0972361703871966,0.4986738375667094
43.1,1.7,2013.0,7.0,11.0,8.017482517482517,29.173892773892774,29.049883449883453,64.22657342657342,42.739627039627045,344.28421603443354,-0.8121242937467013,0.3246092273252611,0.7274135572559701,0.6291587293936992,1.01119138829764,1.0702757567941206,-0.0972361703871966,0.4986738375667094
43.1,8.0,2013.0,7.0,11.0,8.017482517482517,29.173892773892774,29.049883449883453,64.22657342657342,42.739627039627045,344.28421603443354,-0.8121242937467013,0.3246092273252611,0.7274135572559701,0.6291587293936992,1.01119138829764,1.0702757567941206,-0.0972361703871966,0.4986738375667094
43.1,8.7,2013.0,7.0,11.0,1.0,26.0,40.0,56.0,43.0,0.0,0.4589455809956957,-1.141183628249912,0.8390384604396434,0.6162390043887458,1.7836411937380463,1.318595498260362,-0.4462843704438453,0.2655710518116397
43.1,10.8,2013.0,7.0,11.0,11.0,10.0,26.0,96.0,2.0,269.59802,-1.4889496574392358,0.622980454145322,0.893625738886682,0.908539653713614,-0.8238327823360848,1.4104386391306647,0.008980545147903,3.656968504591972
43.1,13.7,2013.0,7.0,11.0,6.5,38.0,32.0,53.0,57.0,147.38984,-0.4438865364430247,0.1375146839165437,1.043300177293943,0.6544491078351756,1.0509281329753115,1.5638836562325031,0.4976124114244445,1.43184056305095
43.1,23.6,2013.0,7.0,11.0,11.0,9.0,38.0,78.0,38.0,553.8823,-1.4595224650965075,1.0099247819997998,0.740616004272045,1.0895447410889134,-0.5528008818322704,0.6327861245280217,-0.1489930548849064,-0.1352753435239843
43.1,24.8,2013.0,7.0,11.0,8.017482517482517,29.173892773892774,29.049883449883453,64.22657342657342,42.739627039627045,344.28421603443354,-0.8121242937467013,0.3246092273252611,0.7274135572559701,0.6291587293936992,1.01119138829764,1.0702757567941206,-0.0972361703871966,0.4986738375667094
43.2,-4.7,2013.0,7.0,11.0,8.017482517482517,29.173892773892774,29.049883449883453,64.22657342657342,42.739627039627045,344.28421603443354,-0.8121242937467013,0.3246092273252611,0.7274135572559701,0.6291587293936992,1.01119138829764,1.0702757567941206,-0.0972361703871966,0.4986738375667094
43.2,0.1,2013.0,7.0,11.0,12.0,51.0,4.0,65.0,47.0,415.19315,-1.445728647757644,1.0597172960338637,0.7691442670312624,0.7365499752311163,1.0972949683199236,1.3244088303801884,-0.3107483950948567,2.7178901778806277
43.2,2.3,2013.0,7.0,11.0,8.017482517482517,29.173892773892774,29.049883449883453,64.22657342657342,42.739627039627045,344.28421603443354,-0.8121242937467013,0.3246092273252611,0.7274135572559701,0.6291587293936992,1.01119138829764,1.0702757567941206,-0.0972361703871966,0.4986738375667094
43.2,6.2,2013.0,7.0,11.0,12.0,50.0,51.0,60.0,74.0,147.67293,-1.390587804265088,1.2102329814795594,1.2272177957239536,1.162515932272249,1.5940492661813062,1.7032403319944267,-0.3425029709751209,0.144343384169544
43.2,16.5,2013.0,7.0,11.0,8.017482517482517,29.173892773892774,29.049883449883453,64.22657342657342,42.739627039627045,344.28421603443354,-0.8121242937467013,0.3246092273252611,0.7274135572559701,0.6291587293936992,1.01119138829764,1.0702757567941206,-0.0972361703871966,0.4986738375667094
43.2,17.3,2013.0,7.0,11.0,8.017482517482517,29.173892773892774,29.049883449883453,64.22657342657342,42.739627039627045,344.28421603443354,-0.8121242937467013,0.3246092273252611,0.7274135572559701,0.6291587293936992,1.01119138829764,1.0702757567941206,-0.0972361703871966,0.4986738375667094
43.2,18.2,2013.0,7.0,11.0,11.0,9.0,56.0,85.0,17.0,939.2212,-1.4840264284505995,0.8506128025853528,0.5690073609454962,0.8585785898136281,-0.3713540377154551,0.9066123517329612,0.4998260720805743,0.928142191843548
43.3,2.7,2013.0,7.0,11.0,8.017482517482517,29.173892773892774,29.049883449883453,64.22657342657342,42.739627039627045,344.28421603443354,-0.8121242937467013,0.3246092273252611,0.7274135572559701,0.6291587293936992,1.01119138829764,1.0702757567941206,-0.0972361703871966,0.4986738375667094
43.3,6.0,2013.0,7.0,11.0,8.017482517482517,29.173892773892774,29.049883449883453,64.22657342657342,42.739627039627045,344.28421603443354,-0.8121242937467013,0.3246092273252611,0.7274135572559701,0.6291587293936992,1.01119138829764,1.0702757567941206,-0.0972361703871966,0.4986738375667094
43.3,6.7,2013.0,7.0,11.0,8.017482517482517,29.173892773892774,29.049883449883453,64.22657342657342,42.739627039627045,344.28421603443354,-0.8121242937467013,0.3246092273252611,0.7274135572559701,0.6291587293936992,1.01119138829764,1.0702757567941206,-0.0972361703871966,0.4986738375667094
43.3,10.7,2013.0,7.0,11.0,8.017482517482517,29.173892773892774,29.049883449883453,64.22657342657342,42.739627039627045,344.28421603443354,-0.8121242937467013,0.3246092273252611,0.7274135572559701,0.6291587293936992,1.01119138829764,1.0702757567941206,-0.0972361703871966,0.4986738375667094
43.3,12.2,2013.0,7.0,11.0,8.017482517482517,29.173892773892774,29.049883449883453,64.22657342657342,42.739627039627045,344.28421603443354,-0.2643853032112813,0.16901482932329043,0.6813372824149473,1.2400562271404172,1.4748355464362213,0.6199804750951357,0.8158396689279978,0.2984792762872064
43.3,12.3,2013.0,7.0,11.0,8.017482517482517,29.173892773892774,29.049883449883453,64.22657342657342,42.739627039627045,344.28421603443354,-1.496876305145332,0.714492493165753,0.6076491946094913,0.5585126564825917,0.6367066878612615,0.8375524338866528,-0.40387757293340937,0.8211942274421671
43.3,12.5,2013.0,7.0,11.0,8.017482517482517,29.173892773892774,29.049883449883453,64.22657342657342,42.739627039627045,344.28421603443354,-0.8121242937467013,0.3246092273252611,0.7274135572559701,0.6291587293936992,1.01119138829764,1.0702757567941206,-0.0972361703871966,0.4986738375667094
43.3,13.3,2013.0,7.0,11.0,11.0,10.0,18.0,93.0,6.0,270.39688,-1.487382509291157,0.7018024309563113,1.1470004980215678,1.0933224267571782,0.9021425806644864,1.8035662174492,0.0165428557712294,1.5831445573538934
43.3,17.0,2013.0,7.0,11.0,8.017482517482517,29.173892773892774,29.049883449883453,64.22657342657342,42.739627039627045,344.28421603443354,-0.8121242937467013,0.3246092273252611,0.7274135572559701,0.6291587293936992,1.01119138829764,1.0702757567941206,-0.0972361703871966,0.4986738375667094
43.3,17.2,2013.0,7.0,11.0,8.017482517482517,29.173892773892774,29.049883449883453,64.22657342657342,42.739627039627045,344.28421603443354,-0.8121242937467013,0.3246092273252611,0.7274135572559701,0.6291587293936992,1.01119138829764,1.0702757567941206,-0.0972361703871966,0.4986738375667094
43.3,17.8,2013.0,7.0,11.0,11.0,9.0,59.0,86.0,16.0,289.52048,-1.4834077767402436,0.8385669309035443,0.8391834733182248,1.042403616982334,0.3864370601408071,1.2667788178251145,0.2189392399960945,0.7075952717847875
43.3,18.1,2013.0,7.0,11.0,11.0,9.0,59.0,86.0,17.0,1125.6919,-1.4809460630677036,0.8478429402097727,0.5850403473336337,0.810075948384117,0.1792601398085634,0.9770218685736892,0.46666022683844,0.759648815463465
43.3,20.7,2013.0,7.0,11.0,1.0,25.0,54.0,39.0,5.0,924.1507,0.3500569292797236,-1.015683595093429,0.0928243420060996,-0.4370682666246021,0.6985939384876186,1.091939664658198,-0.7162074246401725,-0.5313163907353988
43.3,21.0,2013.0,7.0,11.0,11.0,9.0,49.0,82.0,27.0,820.4393,-1.4706808966759908,0.9342362258002076,0.7525795667549966,0.9846077719037484,0.7350083397222262,1.2961237187021364,0.2126860348744466,-0.3706526904057236
43.3,22.6,2013.0,7.0,11.0,8.017482517482517,29.173892773892774,29.049883449883453,64.22657342657342,42.739627039627045,344.28421603443354,-0.8121242937467013,0.3246092273252611,0.7274135572559701,0.6291587293936992,1.01119138829764,1.0702757567941206,-0.0972361703871966,0.4986738375667094
43.3,23.1,2013.0,7.0,11.0,8.017482517482517,29.173892773892774,29.049883449883453,64.22657342657342,42.739627039627045,344.28421603443354,-0.8121242937467013,0.3246092273252611,0.7274135572559701,0.6291587293936992,1.01119138829764,1.0702757567941206,-0.0972361703871966,0.4986738375667094
43.4,1.7,2013.0,7.0,11.0,12.0,51.0,4.0,65.0,55.0,212.18806,-1.428702501959899,1.0975613288177113,1.1935163999281313,1.1431526687079852,0.8312871934292503,1.717059686011829,-0.3619905562611193,0.3329320159984994
43.4,8.8,2013.0,7.0,11.0,6.5,38.0,42.5,57.0,62.5,0.0,-0.4535307039064564,0.0603762368659733,0.9338295524394382,0.6911394155510209,2.45971995264864,1.6385870004998229,-0.4411649546382131,2.970056894180763
43.4,13.6,2013.0,7.0,11.0,8.017482517482517,29.173892773892774,29.049883449883453,64.22657342657342,42.739627039627045,344.28421603443354,-0.8121242937467013,0.3246092273252611,0.7274135572559701,0.6291587293936992,1.01119138829764,1.0702757567941206,-0.0972361703871966,0.4986738375667094
43.4,19.9,2013.0,7.0,11.0,11.0,9.0,54.0,84.0,23.0,1173.8319,-1.4733288890893907,0.9012479769028384,0.544166856251312,0.6699486824127344,0.6581697254477994,0.9429179511965738,0.4778488137738841,-0.3784509517822503
43.4,20.7,2013.0,7.0,11.0,11.0,9.0,51.0,83.0,26.0,788.30786,-1.4698775971555402,0.9246578645873368,0.6834970426531188,0.821178855663502,0.7508548715937492,1.2211803840499291,0.6028158947487728,-0.3896431141628395
43.4,24.7,2013.0,7.0,11.0,8.017482517482517,29.173892773892774,29.049883449883453,64.22657342657342,42.739627039627045,344.28421603443354,-0.8121242937467013,0.3246092273252611,0.7274135572559701,0.6291587293936992,1.01119138829764,1.0702757567941206,-0.0972361703871966,0.4986738375667094
43.4,25.5,2013.0,7.0,11.0,8.017482517482517,29.173892773892774,29.049883449883453,64.22657342657342,42.739627039627045,344.28421603443354,-0.8121242937467013,0.3246092273252611,0.7274135572559701,0.6291587293936992,1.01119138829764,1.0702757567941206,-0.0972361703871966,0.4986738375667094
43.5,13.3,2013.0,7.0,11.0,8.017482517482517,29.173892773892774,29.049883449883453,64.22657342657342,42.739627039627045,344.28421603443354,-0.8121242937467013,0.3246092273252611,0.7274135572559701,0.6291587293936992,1.01119138829764,1.0702757567941206,-0.0972361703871966,0.4986738375667094
43.5,16.8,2013.0,7.0,11.0,1.0,26.0,7.0,44.0,13.0,317.12326,0.384065141665356,-1.0553053589619563,0.6277053516867542,0.1239010967117418,0.952120848856706,1.6675493372851602,-0.5584131024289954,-0.5313163907353988
43.6,-0.2,2013.0,7.0,11.0,8.017482517482517,29.173892773892774,29.049883449883453,64.22657342657342,42.739627039627045,344.28421603443354,-0.8121242937467013,0.3246092273252611,0.7274135572559701,0.6291587293936992,1.01119138829764,1.0702757567941206,-0.0972361703871966,0.4986738375667094
43.6,1.7,2013.0,7.0,11.0,8.017482517482517,29.173892773892774,29.049883449883453,64.22657342657342,42.739627039627045,344.28421603443354,-0.8121242937467013,0.3246092273252611,0.7274135572559701,0.6291587293936992,1.01119138829764,1.0702757567941206,-0.0972361703871966,0.4986738375667094
43.6,4.2,2013.0,7.0,11.0,8.017482517482517,29.173892773892774,29.049883449883453,64.22657342657342,42.739627039627045,344.28421603443354,-0.8121242937467013,0.3246092273252611,0.7274135572559701,0.6291587293936992,1.01119138829764,1.0702757567941206,-0.0972361703871966,0.4986738375667094
43.6,6.5,2013.0,7.0,11.0,8.017482517482517,29.173892773892774,29.049883449883453,64.22657342657342,42.739627039627045,344.28421603443354,-0.8121242937467013,0.3246092273252611,0.7274135572559701,0.6291587293936992,1.01119138829764,1.0702757567941206,-0.0972361703871966,0.4986738375667094
43.6,10.9,2013.0,7.0,11.0,12.0,50.0,51.0,60.0,87.0,134.50476,-1.3330864529658253,1.3010969049171794,1.2238462462969408,1.1711744072049377,0.8679033612233265,1.7984145368004962,0.3734942461372666,2.132007087352347
43.6,11.6,2013.0,7.0,11.0,8.017482517482517,29.173892773892774,29.049883449883453,64.22657342657342,42.739627039627045,344.28421603443354,-0.8121242937467013,0.3246092273252611,0.7274135572559701,0.6291587293936992,1.01119138829764,1.0702757567941206,-0.0972361703871966,0.4986738375667094
43.6,16.9,2013.0,7.0,11.0,6.0,18.0,5.5,66.0,13.5,640.7917500000001,-0.5490975715221309,-0.1218009307007129,0.6015864174831357,0.4228203676135882,0.1524022325246444,1.0898547522620947,-0.4458273035908231,0.6977529267975785
43.6,17.2,2013.0,7.0,11.0,11.0,10.0,7.0,89.0,15.0,980.23334,-1.4764738966335431,0.8212459077211351,0.4452861996687526,0.7680328425810371,-1.2469467361698074,0.4838059842039368,0.4214012174360145,1.863232965535112
43.6,17.6,2013.0,7.0,11.0,11.0,10.0,4.0,88.0,16.0,1118.0721,-1.4771135080081867,0.8335196779191877,0.3854985982703751,0.7640064337007523,-1.05307318393877,0.5827749433011514,0.9808993355602124,1.5441011920521162
43.6,21.1,2013.0,7.0,11.0,11.0,9.0,54.0,84.0,28.0,245.14658,-1.4627382858912972,0.9345037428421497,0.8658467093334649,1.1372414547080525,0.8005565750315567,1.4887426211111825,0.3935792549556756,-0.1586876793275974
43.6,22.0,2013.0,7.0,11.0,8.017482517482517,29.173892773892774,29.049883449883453,64.22657342657342,42.739627039627045,344.28421603443354,-0.8121242937467013,0.3246092273252611,0.7274135572559701,0.6291587293936992,1.01119138829764,1.0702757567941206,-0.0972361703871966,0.4986738375667094
43.6,22.7,2013.0,7.0,11.0,8.017482517482517,29.173892773892774,29.049883449883453,64.22657342657342,42.739627039627045,344.28421603443354,-0.8121242937467013,0.3246092273252611,0.7274135572559701,0.6291587293936992,1.01119138829764,1.0702757567941206,-0.0972361703871966,0.4986738375667094
43.7,3.0,2013.0,7.0,11.0,1.0,26.0,43.0,57.0,70.0,779.54926,0.4868355990530486,-1.2072775955866342,0.6085012156135355,0.0250901479368934,1.0517729125887867,1.4206781420036387,-0.6930132312169697,-0.1444626505419583
43.7,3.9,2013.0,7.0,11.0,8.017482517482517,29.173892773892774,29.049883449883453,64.22657342657342,42.739627039627045,344.28421603443354,-0.8121242937467013,0.3246092273252611,0.7274135572559701,0.6291587293936992,1.01119138829764,1.0702757567941206,-0.0972361703871966,0.4986738375667094
43.7,11.3,2013.0,7.0,11.0,8.017482517482517,29.173892773892774,29.049883449883453,64.22657342657342,42.739627039627045,344.28421603443354,-0.8121242937467013,0.3246092273252611,0.7274135572559701,0.6291587293936992,1.01119138829764,1.0702757567941206,-0.0972361703871966,0.4986738375667094
43.7,12.8,2013.0,7.0,11.0,1.0,26.0,18.0,48.0,26.0,345.89664,0.4154787636003313,-1.098178663071129,0.8569989096722554,0.2149200640814894,1.309209191472733,1.455178111935559,-0.7398151929952712,-0.2970236423656279
43.7,16.6,2013.0,7.0,11.0,8.017482517482517,29.173892773892774,29.049883449883453,64.22657342657342,42.739627039627045,344.28421603443354,-0.8121242937467013,0.3246092273252611,0.7274135572559701,0.6291587293936992,1.01119138829764,1.0702757567941206,-0.0972361703871966,0.4986738375667094
43.7,18.2,2013.0,7.0,11.0,11.0,10.0,5.0,88.0,18.0,1307.6567,-1.472438995961174,0.8510213762977368,0.3818662270686921,0.5714413697668443,-0.3092192651740739,0.6844881204459187,0.3820401239304876,0.6108121592848527
43.7,19.2,2013.0,7.0,11.0,6.0,17.5,28.0,63.0,14.5,806.8061499999999,-0.5555716724106056,-0.0769029604730056,0.3388613487813936,0.097531187208894,0.7700689564839891,0.984751735366418,-0.3583348347310117,-0.4212364161009405
43.7,19.8,2013.0,7.0,11.0,8.017482517482517,29.173892773892774,29.049883449883453,64.22657342657342,42.739627039627045,344.28421603443354,-0.8121242937467013,0.3246092273252611,0.7274135572559701,0.6291587293936992,1.01119138829764,1.0702757567941206,-0.0972361703871966,0.4986738375667094
43.7,20.8,2013.0,7.0,11.0,11.0,9.0,57.0,85.0,27.0,302.45746,-1.461891149596643,0.9251488644584484,0.8695314462968629,1.0887808055091417,0.7772753540051905,1.4015389902609623,0.2807093108122456,-0.2421238471202111
43.7,21.3,2013.0,7.0,11.0,11.0,9.0,54.0,84.0,29.0,203.98044,-1.460692261207322,0.9406334524496794,0.8129069383125372,1.1895508533500905,0.2898953442058401,1.405045860348895,0.4566837460170002,0.1577986411810946
43.7,22.3,2013.0,7.0,11.0,11.0,9.0,51.0,83.0,33.0,393.46808,-1.4554870134340148,0.967064283383144,1.0125312641538744,1.4298570457624242,0.5731564855892268,1.5140073596368344,0.6569830674845025,0.0599135452873825
43.8,4.5,2013.0,7.0,11.0,6.5,38.5,20.5,60.0,66.0,51.3865125,-0.4613539922700648,-0.0145964321995322,0.9773888028771488,0.8016730607780644,0.890485376266039,1.863977655358308,-0.305177154155104,2.457630734947584
43.8,4.7,2013.0,7.0,11.0,6.5,38.5,20.5,60.0,66.0,37.0654765,-0.4604031596342196,-0.0106125502575477,0.9647968512536798,0.7944479744860661,0.922677513679546,1.8476932358344489,-0.2487030954131795,2.6442643373833006
43.8,5.5,2013.0,7.0,11.0,8.017482517482517,29.173892773892774,29.049883449883453,64.22657342657342,42.739627039627045,344.28421603443354,-0.8121242937467013,0.3246092273252611,0.7274135572559701,0.6291587293936992,1.01119138829764,1.0702757567941206,-0.0972361703871966,0.4986738375667094
43.8,10.3,2013.0,7.0,11.0,12.0,50.0,56.0,62.0,86.0,79.908325,-1.3345798345562068,1.2866432571999165,0.9927923930908868,0.8641361000250427,1.0977369690819738,1.813927442298544,0.1241102550034017,2.42885362348539
43.8,12.4,2013.0,7.0,11.0,8.017482517482517,29.173892773892774,29.049883449883453,64.22657342657342,42.739627039627045,344.28421603443354,-0.8121242937467013,0.3246092273252611,0.7274135572559701,0.6291587293936992,1.01119138829764,1.0702757567941206,-0.0972361703871966,0.4986738375667094
43.8,14.5,2013.0,7.0,11.0,8.017482517482517,29.173892773892774,29.049883449883453,64.22657342657342,42.739627039627045,344.28421603443354,-0.8121242937467013,0.3246092273252611,0.7274135572559701,0.6291587293936992,1.01119138829764,1.0702757567941206,-0.0972361703871966,0.4986738375667094
43.8,19.9,2013.0,7.0,11.0,8.017482517482517,29.173892773892774,29.049883449883453,64.22657342657342,42.739627039627045,344.28421603443354,-0.8121242937467013,0.3246092273252611,0.7274135572559701,0.6291587293936992,1.01119138829764,1.0702757567941206,-0.0972361703871966,0.4986738375667094
43.8,21.4,2013.0,7.0,11.0,8.017482517482517,29.173892773892774,29.049883449883453,64.22657342657342,42.739627039627045,344.28421603443354,-0.8121242937467013,0.3246092273252611,0.7274135572559701,0.6291587293936992,1.01119138829764,1.0702757567941206,-0.0972361703871966,0.4986738375667094
43.9,0.6,2013.0,7.0,11.0,12.0,51.0,14.0,69.0,51.0,138.79817,-1.4267645374588904,1.0658115574868214,1.2343908980443297,1.09890900851285,1.110197971225743,1.70828488687806,-0.6406561509227371,1.0991094818106395
43.9,3.9,2013.0,7.0,11.0,8.017482517482517,29.173892773892774,29.049883449883453,64.22657342657342,42.739627039627045,344.28421603443354,-0.8121242937467013,0.3246092273252611,0.7274135572559701,0.6291587293936992,1.01119138829764,1.0702757567941206,-0.0972361703871966,0.4986738375667094
43.9,7.2,2013.0,7.0,11.0,8.017482517482517,29.173892773892774,29.049883449883453,64.22657342657342,42.739627039627045,344.28421603443354,-0.8121242937467013,0.3246092273252611,0.7274135572559701,0.6291587293936992,1.01119138829764,1.0702757567941206,-0.0972361703871966,0.4986738375667094
43.9,7.9,2013.0,7.0,11.0,8.017482517482517,29.173892773892774,29.049883449883453,64.22657342657342,42.739627039627045,344.28421603443354,-0.8121242937467013,0.3246092273252611,0.7274135572559701,0.6291587293936992,1.01119138829764,1.0702757567941206,-0.0972361703871966,0.4986738375667094
43.9,12.6,2013.0,7.0,11.0,1.0,26.0,15.0,47.0,27.0,209.64546,0.4132720261172141,-1.1005409575297145,0.9472220959967436,0.3057468362419482,1.6603078957757182,1.6398238339224516,-0.7071864153753149,-0.1262620521163236
43.9,15.8,2013.0,7.0,11.0,8.017482517482517,29.173892773892774,29.049883449883453,64.22657342657342,42.739627039627045,344.28421603443354,-0.8121242937467013,0.3246092273252611,0.7274135572559701,0.6291587293936992,1.01119138829764,1.0702757567941206,-0.0972361703871966,0.4986738375667094
43.9,17.5,2013.0,7.0,11.0,11.0,10.0,10.0,90.0,16.0,1115.2489,-1.4709601384704407,0.8279521098078619,0.3843243967674183,0.6118726199491753,-0.4824745126877225,0.457289359912753,-0.1367003302096331,0.9308060561133468
43.9,17.7,2013.0,7.0,11.0,8.017482517482517,29.173892773892774,29.049883449883453,64.22657342657342,42.739627039627045,344.28421603443354,-0.8121242937467013,0.3246092273252611,0.7274135572559701,0.6291587293936992,1.01119138829764,1.0702757567941206,-0.0972361703871966,0.4986738375667094
44.0,0.8,2013.0,7.0,11.0,8.017482517482517,29.173892773892774,29.049883449883453,64.22657342657342,42.739627039627045,344.28421603443354,-0.8121242937467013,0.3246092273252611,0.7274135572559701,0.6291587293936992,1.01119138829764,1.0702757567941206,-0.0972361703871966,0.4986738375667094
44.0,2.3,2013.0,7.0,11.0,12.0,51.0,12.0,68.0,59.0,373.31638,-1.4119816267300247,1.1068848067599923,1.0173015836388688,0.9542360835789512,0.9811666850550248,1.6121655773903714,-0.1273550626959234,0.7821009091882706
44.0,2.8,2013.0,7.0,11.0,1.0,26.0,37.0,55.0,71.0,479.63675,0.4811521579715979,-1.2101304115502314,0.5846778151371802,-0.1080502568968618,0.8446347113221606,1.1382769013070866,-0.6756940755188193,0.0684348317096797
44.0,3.1,2013.0,7.0,11.0,1.0,26.0,37.0,55.0,70.0,673.0705,0.4801124175694694,-1.2071020720254149,0.5457247376621802,-0.1466144679032614,0.8346653061931356,1.056538639325187,-0.6722077034429846,0.009537764589891
44.0,4.4,2013.0,7.0,11.0,8.017482517482517,29.173892773892774,29.049883449883453,64.22657342657342,42.739627039627045,344.28421603443354,-0.8121242937467013,0.3246092273252611,0.7274135572559701,0.6291587293936992,1.01119138829764,1.0702757567941206,-0.0972361703871966,0.4986738375667094
44.0,5.0,2013.0,7.0,11.0,8.017482517482517,29.173892773892774,29.049883449883453,64.22657342657342,42.739627039627045,344.28421603443354,-0.8121242937467013,0.3246092273252611,0.7274135572559701,0.6291587293936992,1.01119138829764,1.0702757567941206,-0.0972361703871966,0.4986738375667094
44.0,5.5,2013.0,7.0,11.0,1.0,26.0,32.0,53.0,60.0,898.2747,0.4638266922993125,-1.179865881098512,0.4431553159807113,0.0208885022481424,1.264956065119338,1.5997120117159598,-0.1348810895892529,3.32633794688491
44.0,7.6,2013.0,7.0,11.0,12.0,51.0,2.0,64.0,79.0,914.7641,-1.3633065421354778,1.2281606710028428,0.8644882206306461,0.8251826533426916,0.7520126722247179,1.2340173609175735,0.5065553356304647,2.0605377099341644
44.0,8.2,2013.0,7.0,11.0,1.0,26.0,26.0,51.0,47.0,55.0679,0.4457123410082,-1.1491338397777588,0.8243488572461428,0.346673110219632,1.5723271161023091,1.3730819821301996,-0.7464913772442843,0.5233903886584615
44.0,10.3,2013.0,7.0,11.0,12.0,50.0,59.0,63.0,86.0,471.0101,-1.3324516021458468,1.2836424298587348,0.9296493548075604,0.7855969005726415,0.994983105917915,1.8434537532302837,0.1525653067750776,2.487951765046293
44.0,11.9,2013.0,7.0,11.0,1.0,26.0,15.0,47.0,30.0,486.10074,0.4164980732886909,-1.108311009024913,0.7227391388513994,0.0454596099497779,1.1163502798988805,1.5905098824317454,-0.5484211502603977,-0.3197398130866196
44.0,16.6,2013.0,7.0,11.0,8.017482517482517,29.173892773892774,29.049883449883453,64.22657342657342,42.739627039627045,344.28421603443354,-0.8121242937467013,0.3246092273252611,0.7274135572559701,0.6291587293936992,1.01119138829764,1.0702757567941206,-0.0972361703871966,0.4986738375667094
44.0,18.2,2013.0,7.0,11.0,8.017482517482517,29.173892773892774,29.049883449883453,64.22657342657342,42.739627039627045,344.28421603443354,-0.8121242937467013,0.3246092273252611,0.7274135572559701,0.6291587293936992,1.01119138829764,1.0702757567941206,-0.0972361703871966,0.4986738375667094
44.0,20.3,2013.0,7.0,11.0,8.017482517482517,29.173892773892774,29.049883449883453,64.22657342657342,42.739627039627045,344.28421603443354,-0.8121242937467013,0.3246092273252611,0.7274135572559701,0.6291587293936992,1.01119138829764,1.0702757567941206,-0.0972361703871966,0.4986738375667094
44.0,20.9,2013.0,7.0,11.0,8.017482517482517,29.173892773892774,29.049883449883453,64.22657342657342,42.739627039627045,344.28421603443354,-0.8121242937467013,0.3246092273252611,0.7274135572559701,0.6291587293936992,1.01119138829764,1.0702757567941206,-0.0972361703871966,0.4986738375667094
44.0,21.4,2013.0,7.0,11.0,11.0,9.0,59.0,86.0,30.0,236.40494,-1.4528570273778425,0.9405748219379652,0.7590950759523621,1.2316335287550837,-0.1644491313903005,1.3248408521699797,0.7776520713824483,0.7926745739268513
44.0,22.5,2013.0,7.0,11.0,8.017482517482517,29.173892773892774,29.049883449883453,64.22657342657342,42.739627039627045,344.28421603443354,-0.8121242937467013,0.3246092273252611,0.7274135572559701,0.6291587293936992,1.01119138829764,1.0702757567941206,-0.0972361703871966,0.4986738375667094
44.0,23.0,2013.0,7.0,11.0,11.0,9.0,54.0,84.0,37.0,48.28205,-1.444733008604978,0.9856842545133608,1.068405531898312,1.5807537037970774,-0.3774878416922972,1.4990257822947384,0.802391241036783,0.6169803281808287
44.0,25.0,2013.0,7.0,11.0,8.017482517482517,29.173892773892774,29.049883449883453,64.22657342657342,42.739627039627045,344.28421603443354,-0.8121242937467013,0.3246092273252611,0.7274135572559701,0.6291587293936992,1.01119138829764,1.0702757567941206,-0.0972361703871966,0.4986738375667094
44.1,-2.9,2013.0,7.0,11.0,8.017482517482517,29.173892773892774,29.049883449883453,64.22657342657342,42.739627039627045,344.28421603443354,-0.8121242937467013,0.3246092273252611,0.7274135572559701,0.6291587293936992,1.01119138829764,1.0702757567941206,-0.0972361703871966,0.4986738375667094
44.1,-0.1,2013.0,7.0,11.0,12.0,51.0,20.0,71.0,48.0,148.87267,-1.4275354387600954,1.0452900197810746,1.265110466524327,1.0460230242429505,1.1944587035298122,1.6124848695125398,-0.6897000455336441,1.6408275310450366
44.1,0.3,2013.0,7.0,11.0,8.017482517482517,29.173892773892774,29.049883449883453,64.22657342657342,42.739627039627045,344.28421603443354,-0.8121242937467013,0.3246092273252611,0.7274135572559701,0.6291587293936992,1.01119138829764,1.0702757567941206,-0.0972361703871966,0.4986738375667094
44.1,1.9,2013.0,7.0,11.0,12.0,51.0,15.0,69.0,57.0,282.4087,-1.413896273329018,1.0941816109939253,1.128057183723019,1.0099686565578367,1.1115649553800484,1.685854289487428,-0.4350817025961517,1.0108280255712545
44.1,2.4,2013.0,7.0,11.0,8.017482517482517,29.173892773892774,29.049883449883453,64.22657342657342,42.739627039627045,344.28421603443354,-0.8121242937467013,0.3246092273252611,0.7274135572559701,0.6291587293936992,1.01119138829764,1.0702757567941206,-0.0972361703871966,0.4986738375667094
44.1,2.8,2013.0,7.0,11.0,8.017482517482517,29.173892773892774,29.049883449883453,64.22657342657342,42.739627039627045,344.28421603443354,-0.8121242937467013,0.3246092273252611,0.7274135572559701,0.6291587293936992,1.01119138829764,1.0702757567941206,-0.0972361703871966,0.4986738375667094
44.1,4.5,2013.0,7.0,11.0,8.017482517482517,29.173892773892774,29.049883449883453,64.22657342657342,42.739627039627045,344.28421603443354,-0.8121242937467013,0.3246092273252611,0.7274135572559701,0.6291587293936992,1.01119138829764,1.0702757567941206,-0.0972361703871966,0.4986738375667094
44.1,4.7,2013.0,7.0,11.0,8.017482517482517,29.173892773892774,29.049883449883453,64.22657342657342,42.739627039627045,344.28421603443354,-0.8121242937467013,0.3246092273252611,0.7274135572559701,0.6291587293936992,1.01119138829764,1.0702757567941206,-0.0972361703871966,0.4986738375667094
44.1,5.1,2013.0,7.0,11.0,8.017482517482517,29.173892773892774,29.049883449883453,64.22657342657342,42.739627039627045,344.28421603443354,-0.8121242937467013,0.3246092273252611,0.7274135572559701,0.6291587293936992,1.01119138829764,1.0702757567941206,-0.0972361703871966,0.4986738375667094
44.1,6.0,2013.0,7.0,11.0,12.0,51.0,7.0,66.0,74.0,713.06976,-1.3764808702589983,1.1912014928455752,0.803085336890297,0.9750125472115038,0.5662257728436729,1.126912186930927,0.8944403273096005,1.029212313556194
44.1,6.6,2013.0,7.0,11.0,8.017482517482517,29.173892773892774,29.049883449883453,64.22657342657342,42.739627039627045,344.28421603443354,-0.8121242937467013,0.3246092273252611,0.7274135572559701,0.6291587293936992,1.01119138829764,1.0702757567941206,-0.0972361703871966,0.4986738375667094
44.1,7.6,2013.0,7.0,11.0,6.5,38.5,15.0,58.0,64.5,1544.99515,-0.4563705841401702,0.0345392115847777,0.6835891862530499,0.3915761291894833,0.7807634641145804,1.0439601587531837,0.0186604550314888,1.0499008521533666
44.1,11.4,2013.0,7.0,11.0,8.017482517482517,29.173892773892774,29.049883449883453,64.22657342657342,42.739627039627045,344.28421603443354,-0.8121242937467013,0.3246092273252611,0.7274135572559701,0.6291587293936992,1.01119138829764,1.0702757567941206,-0.0972361703871966,0.4986738375667094
44.1,12.3,2013.0,7.0,11.0,8.017482517482517,29.173892773892774,29.049883449883453,64.22657342657342,42.739627039627045,344.28421603443354,-0.8121242937467013,0.3246092273252611,0.7274135572559701,0.6291587293936992,1.01119138829764,1.0702757567941206,-0.0972361703871966,0.4986738375667094
44.1,15.5,2013.0,7.0,11.0,8.017482517482517,29.173892773892774,29.049883449883453,64.22657342657342,42.739627039627045,344.28421603443354,-0.8121242937467013,0.3246092273252611,0.7274135572559701,0.6291587293936992,1.01119138829764,1.0702757567941206,-0.0972361703871966,0.4986738375667094
44.1,17.1,2013.0,7.0,11.0,8.017482517482517,29.173892773892774,29.049883449883453,64.22657342657342,42.739627039627045,344.28421603443354,-0.8121242937467013,0.3246092273252611,0.7274135572559701,0.6291587293936992,1.01119138829764,1.0702757567941206,-0.0972361703871966,0.4986738375667094
44.1,17.7,2013.0,7.0,11.0,11.0,10.0,12.0,91.0,17.0,972.2349,-1.4655645787085725,0.8340420782317195,0.4022475857465028,0.5484377028266617,-0.4392807801972257,0.5061508288531862,-0.2671650142501051,0.5884346088540027
44.1,19.8,2013.0,7.0,11.0,8.017482517482517,29.173892773892774,29.049883449883453,64.22657342657342,42.739627039627045,344.28421603443354,-0.8121242937467013,0.3246092273252611,0.7274135572559701,0.6291587293936992,1.01119138829764,1.0702757567941206,-0.0972361703871966,0.4986738375667094
44.1,20.9,2013.0,7.0,11.0,11.0,10.0,2.0,87.0,28.0,242.31491,-1.4539660823374725,0.9254824941485368,1.010023749795074,1.3584839819706012,0.8175142686595542,1.55358394398792,-0.0455923918067992,0.0111003254649795
44.1,21.9,2013.0,7.0,11.0,11.0,9.0,59.0,86.0,32.0,827.91534,-1.4487980814964951,0.9524164680925684,0.7455837023973301,1.1308554054851705,-0.2077815988185101,1.3396694299400649,1.473920186872247,1.1361326725255358
44.1,22.5,2013.0,7.0,11.0,1.0,25.0,32.0,31.0,3.0,214.08043,0.3179421393535384,-0.9992207729597856,0.5242920356146542,-0.0454535693005682,0.9879180078439675,1.6825593251099635,-0.7201097133168523,-0.3960485000918527
44.2,2.3,2013.0,7.0,11.0,1.0,26.0,35.0,54.0,73.0,514.59424,0.4799043636989401,-1.2162717981969149,0.631939929148103,0.0046504296920408,1.0567307129453705,1.2982088917448698,-0.6980262964084074,0.2468515756073212
44.2,4.0,2013.0,7.0,11.0,8.017482517482517,29.173892773892774,29.049883449883453,64.22657342657342,42.739627039627045,344.28421603443354,-0.8121242937467013,0.3246092273252611,0.7274135572559701,0.6291587293936992,1.01119138829764,1.0702757567941206,-0.0972361703871966,0.4986738375667094
44.2,4.4,2013.0,7.0,11.0,1.0,26.0,32.0,53.0,65.0,275.11707,0.4684629435921688,-1.1927743817819578,0.4689645872665266,0.126775141879197,0.4081125713453101,1.3955270454088151,-0.3446684960989376,3.780288388231544
44.2,5.5,2013.0,7.0,11.0,1.0,26.0,29.0,52.0,60.0,983.1421,0.4604552939333295,-1.1796773067288275,0.4102071815264066,-0.0264165530663579,1.4748885760955368,1.5344176849956876,-0.1024731196539066,3.315983613920886
44.2,8.0,2013.0,7.0,11.0,8.017482517482517,29.173892773892774,29.049883449883453,64.22657342657342,42.739627039627045,344.28421603443354,-0.8121242937467013,0.3246092273252611,0.7274135572559701,0.6291587293936992,1.01119138829764,1.0702757567941206,-0.0972361703871966,0.4986738375667094
44.2,10.8,2013.0,7.0,11.0,8.017482517482517,29.173892773892774,29.049883449883453,64.22657342657342,42.739627039627045,344.28421603443354,-0.8121242937467013,0.3246092273252611,0.7274135572559701,0.6291587293936992,1.01119138829764,1.0702757567941206,-0.0972361703871966,0.4986738375667094
44.2,11.4,2013.0,7.0,11.0,8.017482517482517,29.173892773892774,29.049883449883453,64.22657342657342,42.739627039627045,344.28421603443354,-0.8121242937467013,0.3246092273252611,0.7274135572559701,0.6291587293936992,1.01119138829764,1.0702757567941206,-0.0972361703871966,0.4986738375667094
44.2,15.5,2013.0,7.0,11.0,8.017482517482517,29.173892773892774,29.049883449883453,64.22657342657342,42.739627039627045,344.28421603443354,-0.8121242937467013,0.3246092273252611,0.7274135572559701,0.6291587293936992,1.01119138829764,1.0702757567941206,-0.0972361703871966,0.4986738375667094
44.2,18.2,2013.0,7.0,11.0,8.017482517482517,29.173892773892774,29.049883449883453,64.22657342657342,42.739627039627045,344.28421603443354,-0.8121242937467013,0.3246092273252611,0.7274135572559701,0.6291587293936992,1.01119138829764,1.0702757567941206,-0.0972361703871966,0.4986738375667094
44.2,19.3,2013.0,7.0,11.0,8.017482517482517,29.173892773892774,29.049883449883453,64.22657342657342,42.739627039627045,344.28421603443354,-0.8121242937467013,0.3246092273252611,0.7274135572559701,0.6291587293936992,1.01119138829764,1.0702757567941206,-0.0972361703871966,0.4986738375667094
44.2,20.9,2013.0,7.0,11.0,8.017482517482517,29.173892773892774,29.049883449883453,64.22657342657342,42.739627039627045,344.28421603443354,-0.8121242937467013,0.3246092273252611,0.7274135572559701,0.6291587293936992,1.01119138829764,1.0702757567941206,-0.0972361703871966,0.4986738375667094
44.2,22.5,2013.0,7.0,11.0,11.0,9.0,59.0,86.0,35.0,145.83241,-1.4429608700914551,0.968900595916348,1.0984433384422057,1.4006215702925326,0.738442645415758,1.8492388051907176,1.5741482526855683,0.7227554660798649
44.2,25.0,2013.0,7.0,11.0,8.017482517482517,29.173892773892774,29.049883449883453,64.22657342657342,42.739627039627045,344.28421603443354,-0.8121242937467013,0.3246092273252611,0.7274135572559701,0.6291587293936992,1.01119138829764,1.0702757567941206,-0.0972361703871966,0.4986738375667094
44.3,3.8,2013.0,7.0,11.0,12.0,51.0,15.0,69.0,66.0,1127.26,-1.392449599891462,1.138206992392482,0.7700908788775591,0.8212579948673239,0.4831122814254036,1.0572842190112797,-0.1646478290988661,0.6175823198077471
44.3,4.9,2013.0,7.0,11.0,1.0,26.0,29.0,52.0,63.0,116.73629,0.4632309617780828,-1.1873806322860088,0.4891828064559388,0.136312223482913,1.0621807985648064,1.5950508680255586,-0.2632592163805607,4.225636777228953
44.3,7.2,2013.0,7.0,11.0,8.017482517482517,29.173892773892774,29.049883449883453,64.22657342657342,42.739627039627045,344.28421603443354,-0.8121242937467013,0.3246092273252611,0.7274135572559701,0.6291587293936992,1.01119138829764,1.0702757567941206,-0.0972361703871966,0.4986738375667094
44.3,10.7,2013.0,7.0,11.0,8.017482517482517,29.173892773892774,29.049883449883453,64.22657342657342,42.739627039627045,344.28421603443354,-0.8121242937467013,0.3246092273252611,0.7274135572559701,0.6291587293936992,1.01119138829764,1.0702757567941206,-0.0972361703871966,0.4986738375667094
44.3,12.0,2013.0,7.0,11.0,8.017482517482517,29.173892773892774,29.049883449883453,64.22657342657342,42.739627039627045,344.28421603443354,-0.8121242937467013,0.3246092273252611,0.7274135572559701,0.6291587293936992,1.01119138829764,1.0702757567941206,-0.0972361703871966,0.4986738375667094
44.3,16.2,2013.0,7.0,11.0,8.017482517482517,29.173892773892774,29.049883449883453,64.22657342657342,42.739627039627045,344.28421603443354,-0.8121242937467013,0.3246092273252611,0.7274135572559701,0.6291587293936992,1.01119138829764,1.0702757567941206,-0.0972361703871966,0.4986738375667094
44.3,17.1,2013.0,7.0,11.0,8.017482517482517,29.173892773892774,29.049883449883453,64.22657342657342,42.739627039627045,344.28421603443354,-0.8121242937467013,0.3246092273252611,0.7274135572559701,0.6291587293936992,1.01119138829764,1.0702757567941206,-0.0972361703871966,0.4986738375667094
44.3,18.1,2013.0,7.0,11.0,1.0,25.0,48.0,37.0,11.0,739.44073,0.3572654228638388,-1.0441475064824652,0.3295226201041542,-0.3069739135951826,0.879179660528198,1.101817390008258,-0.7758271106237343,-0.5313163907353988
44.3,19.7,2013.0,7.0,11.0,8.017482517482517,29.173892773892774,29.049883449883453,64.22657342657342,42.739627039627045,344.28421603443354,-0.8121242937467013,0.3246092273252611,0.7274135572559701,0.6291587293936992,1.01119138829764,1.0702757567941206,-0.0972361703871966,0.4986738375667094
44.3,21.3,2013.0,7.0,11.0,6.0,17.5,20.0,60.0,17.5,173.77613,-0.5599489363059413,-0.0386169112800817,0.6817004942129177,0.6853037068118796,0.5481946308348025,1.6457860604298604,0.0317904532609124,0.2094117571621369
44.4,-0.7,2013.0,7.0,11.0,8.017482517482517,29.173892773892774,29.049883449883453,64.22657342657342,42.739627039627045,344.28421603443354,-0.8121242937467013,0.3246092273252611,0.7274135572559701,0.6291587293936992,1.01119138829764,1.0702757567941206,-0.0972361703871966,0.4986738375667094
44.4,0.4,2013.0,7.0,11.0,8.017482517482517,29.173892773892774,29.049883449883453,64.22657342657342,42.739627039627045,344.28421603443354,-0.8121242937467013,0.3246092273252611,0.7274135572559701,0.6291587293936992,1.01119138829764,1.0702757567941206,-0.0972361703871966,0.4986738375667094
44.4,0.9,2013.0,7.0,11.0,12.0,51.0,22.0,72.0,53.0,117.813255,-1.4145955018349945,1.0658508080385969,1.2342952298258163,1.1065168701376311,1.1855932946158974,1.4477585449562516,-0.7005336080890832,0.2940502467014331
44.4,4.6,2013.0,7.0,11.0,8.017482517482517,29.173892773892774,29.049883449883453,64.22657342657342,42.739627039627045,344.28421603443354,-0.8121242937467013,0.3246092273252611,0.7274135572559701,0.6291587293936992,1.01119138829764,1.0702757567941206,-0.0972361703871966,0.4986738375667094
44.4,9.3,2013.0,7.0,11.0,8.017482517482517,29.173892773892774,29.049883449883453,64.22657342657342,42.739627039627045,344.28421603443354,-0.8121242937467013,0.3246092273252611,0.7274135572559701,0.6291587293936992,1.01119138829764,1.0702757567941206,-0.0972361703871966,0.4986738375667094
44.4,10.4,2013.0,7.0,11.0,8.017482517482517,29.173892773892774,29.049883449883453,64.22657342657342,42.739627039627045,344.28421603443354,-0.8121242937467013,0.3246092273252611,0.7274135572559701,0.6291587293936992,1.01119138829764,1.0702757567941206,-0.0972361703871966,0.4986738375667094
44.4,15.4,2013.0,7.0,11.0,8.017482517482517,29.173892773892774,29.049883449883453,64.22657342657342,42.739627039627045,344.28421603443354,-0.8121242937467013,0.3246092273252611,0.7274135572559701,0.6291587293936992,1.01119138829764,1.0702757567941206,-0.0972361703871966,0.4986738375667094
44.4,16.5,2013.0,7.0,11.0,1.0,25.0,54.0,39.0,15.0,1006.66895,0.3709130955824185,-1.06080259499082,0.3072389744288387,-0.3464974855622287,0.8231116878663404,0.9779564170667796,-0.7471442261606005,-0.5313163907353988
44.4,17.0,2013.0,7.0,11.0,8.017482517482517,29.173892773892774,29.049883449883453,64.22657342657342,42.739627039627045,344.28421603443354,-0.8121242937467013,0.3246092273252611,0.7274135572559701,0.6291587293936992,1.01119138829764,1.0702757567941206,-0.0972361703871966,0.4986738375667094
44.4,18.4,2013.0,7.0,11.0,8.017482517482517,29.173892773892774,29.049883449883453,64.22657342657342,42.739627039627045,344.28421603443354,-0.8121242937467013,0.3246092273252611,0.7274135572559701,0.6291587293936992,1.01119138829764,1.0702757567941206,-0.0972361703871966,0.4986738375667094
44.5,-5.4,2013.0,7.0,11.0,12.0,51.0,41.0,79.0,25.0,0.0,-1.4500585705815925,0.8964468984728963,0.4527785317287784,0.2901814469183527,1.3929162914229711,0.8805431273827592,-0.4437962423508296,-0.1860930273887848
44.5,3.5,2013.0,7.0,11.0,12.0,51.0,17.0,70.0,65.0,997.55804,-1.3924998061114902,1.130010250602095,0.6835906968038674,0.6805113434945852,0.7428784926540155,0.825068792783927,-0.4801823348413649,0.6007236033146818
44.5,4.1,2013.0,7.0,11.0,8.017482517482517,29.173892773892774,29.049883449883453,64.22657342657342,42.739627039627045,344.28421603443354,-0.8121242937467013,0.3246092273252611,0.7274135572559701,0.6291587293936992,1.01119138829764,1.0702757567941206,-0.0972361703871966,0.4986738375667094
44.5,5.4,2013.0,7.0,11.0,1.0,26.0,24.0,50.0,61.0,942.78076,0.454639042192577,-1.1818579692590734,0.3321509785284371,-0.0732491957865959,1.4442248360839098,1.3704056625298509,-0.0662542766195244,3.843246935816858
44.5,5.9,2013.0,7.0,11.0,8.017482517482517,29.173892773892774,29.049883449883453,64.22657342657342,42.739627039627045,344.28421603443354,-0.8121242937467013,0.3246092273252611,0.7274135572559701,0.6291587293936992,1.01119138829764,1.0702757567941206,-0.0972361703871966,0.4986738375667094
44.5,7.0,2013.0,7.0,11.0,8.017482517482517,29.173892773892774,29.049883449883453,64.22657342657342,42.739627039627045,344.28421603443354,-0.8121242937467013,0.3246092273252611,0.7274135572559701,0.6291587293936992,1.01119138829764,1.0702757567941206,-0.0972361703871966,0.4986738375667094
44.5,16.5,2013.0,7.0,11.0,8.017482517482517,29.173892773892774,29.049883449883453,64.22657342657342,42.739627039627045,344.28421603443354,-0.8121242937467013,0.3246092273252611,0.7274135572559701,0.6291587293936992,1.01119138829764,1.0702757567941206,-0.0972361703871966,0.4986738375667094
44.5,20.4,2013.0,7.0,11.0,11.0,10.0,10.0,90.0,27.0,199.2285,-1.4471387857602085,0.910459468114586,1.1097976454283387,1.541234169544511,0.8391298155968505,1.6279275307437102,-0.3093757930656839,-0.0776132958418673
44.5,21.5,2013.0,7.0,11.0,8.017482517482517,29.173892773892774,29.049883449883453,64.22657342657342,42.739627039627045,344.28421603443354,-0.8121242937467013,0.3246092273252611,0.7274135572559701,0.6291587293936992,1.01119138829764,1.0702757567941206,-0.0972361703871966,0.4986738375667094
44.6,0.3,2013.0,7.0,11.0,8.017482517482517,29.173892773892774,29.049883449883453,64.22657342657342,42.739627039627045,344.28421603443354,-0.8121242937467013,0.3246092273252611,0.7274135572559701,0.6291587293936992,1.01119138829764,1.0702757567941206,-0.0972361703871966,0.4986738375667094
44.6,4.6,2013.0,7.0,11.0,8.017482517482517,29.173892773892774,29.049883449883453,64.22657342657342,42.739627039627045,344.28421603443354,-0.8121242937467013,0.3246092273252611,0.7274135572559701,0.6291587293936992,1.01119138829764,1.0702757567941206,-0.0972361703871966,0.4986738375667094
44.6,7.8,2013.0,7.0,11.0,12.0,51.0,12.0,68.0,80.0,321.58777,-1.349899872496796,1.2230906036352664,0.976018229767778,0.9939817298424422,0.7671935630168727,1.1623848900872829,-0.0183883562561743,3.343288527402885
44.6,9.6,2013.0,7.0,11.0,8.017482517482517,29.173892773892774,29.049883449883453,64.22657342657342,42.739627039627045,344.28421603443354,-0.8121242937467013,0.3246092273252611,0.7274135572559701,0.6291587293936992,1.01119138829764,1.0702757567941206,-0.0972361703871966,0.4986738375667094
44.6,16.1,2013.0,7.0,11.0,8.017482517482517,29.173892773892774,29.049883449883453,64.22657342657342,42.739627039627045,344.28421603443354,-0.8121242937467013,0.3246092273252611,0.7274135572559701,0.6291587293936992,1.01119138829764,1.0702757567941206,-0.0972361703871966,0.4986738375667094
44.7,-4.0,2013.0,7.0,11.0,12.0,51.0,41.0,79.0,31.0,0.0,-1.4380295305282054,0.933709164484652,0.5561102780566822,0.3562279577670647,1.60666036755997,1.3941342801395846,-0.6189985006325933,-0.3516747504050652
44.7,-2.4,2013.0,7.0,11.0,12.0,51.0,36.0,77.0,38.0,0.0,-1.4303225892390168,0.9777607946897082,0.8640511679271431,0.5023383090561409,2.022869957726559,1.5496690316001875,-0.7176026399964467,-0.5313163907353988
44.7,-0.8,2013.0,7.0,11.0,8.017482517482517,29.173892773892774,29.049883449883453,64.22657342657342,42.739627039627045,344.28421603443354,-0.8121242937467013,0.3246092273252611,0.7274135572559701,0.6291587293936992,1.01119138829764,1.0702757567941206,-0.0972361703871966,0.4986738375667094
44.7,0.8,2013.0,7.0,11.0,12.0,51.0,28.0,74.0,53.0,147.1369,-1.409210499043887,1.0597783797050635,1.246348418324005,1.1515591902570728,1.153290028455618,1.229002259103169,-0.7394446729906732,0.2224900316720267
44.7,1.0,2013.0,7.0,11.0,8.017482517482517,29.173892773892774,29.049883449883453,64.22657342657342,42.739627039627045,344.28421603443354,-0.8121242937467013,0.3246092273252611,0.7274135572559701,0.6291587293936992,1.01119138829764,1.0702757567941206,-0.0972361703871966,0.4986738375667094
44.7,3.1,2013.0,7.0,11.0,8.017482517482517,29.173892773892774,29.049883449883453,64.22657342657342,42.739627039627045,344.28421603443354,-0.8121242937467013,0.3246092273252611,0.7274135572559701,0.6291587293936992,1.01119138829764,1.0702757567941206,-0.0972361703871966,0.4986738375667094
44.7,5.3,2013.0,7.0,11.0,12.0,51.0,17.0,70.0,72.0,695.6574,-1.37309402212996,1.1674760061932103,0.7817160779771503,0.7705249199586016,0.9948196812903082,1.382343799492762,0.3146252184412052,1.9033449557858668
44.7,5.5,2013.0,7.0,11.0,12.0,51.0,17.0,70.0,73.0,1148.9375,-1.3700645902740547,1.1730995063408156,0.6692102530112289,0.658920876622696,0.8659588595773089,1.1266403324954812,0.6288315057196305,1.6784542530073805
44.7,5.7,2013.0,7.0,11.0,8.017482517482517,29.173892773892774,29.049883449883453,64.22657342657342,42.739627039627045,344.28421603443354,-0.8121242937467013,0.3246092273252611,0.7274135572559701,0.6291587293936992,1.01119138829764,1.0702757567941206,-0.0972361703871966,0.4986738375667094
44.7,7.1,2013.0,7.0,11.0,12.0,51.0,15.0,69.0,78.0,2255.8098,-1.3555558963097152,1.2064042128118713,0.4045919606168989,0.6204979856231221,0.2117572527194348,0.2726639683630263,0.4953987949091053,1.5296377401973589
44.7,8.7,2013.0,7.0,11.0,1.0,26.0,13.0,46.0,46.0,210.16463,0.4280855057781161,-1.1457263153911996,0.7917018259216712,0.2669605509391036,1.6921606128088111,2.026266868759244,-0.612586499016221,2.087941223280888
44.7,8.9,2013.0,7.0,11.0,6.5,38.5,12.5,57.0,64.0,388.89148,-0.4547384081377486,0.0507890810763453,0.8337454903714294,0.5406420874785258,1.2961745060304375,1.9626423095145984,-0.4704846913950952,3.742691303964388
44.7,9.5,2013.0,7.0,11.0,1.0,26.0,10.0,45.0,42.0,801.92645,0.421241899893205,-1.1363683214949514,0.7367721559557661,0.2623155642003569,1.6368534446440888,2.366144079852337,0.6103574812708417,2.81103106141531
44.7,10.3,2013.0,7.0,11.0,8.017482517482517,29.173892773892774,29.049883449883453,64.22657342657342,42.739627039627045,344.28421603443354,-0.8121242937467013,0.3246092273252611,0.7274135572559701,0.6291587293936992,1.01119138829764,1.0702757567941206,-0.0972361703871966,0.4986738375667094
44.7,16.6,2013.0,7.0,11.0,8.017482517482517,29.173892773892774,29.049883449883453,64.22657342657342,42.739627039627045,344.28421603443354,-0.8121242937467013,0.3246092273252611,0.7274135572559701,0.6291587293936992,1.01119138829764,1.0702757567941206,-0.0972361703871966,0.4986738375667094
44.7,17.4,2013.0,7.0,11.0,11.0,10.0,23.0,95.0,17.0,393.0991,-1.4532016827197212,0.8233112226923521,0.6973729624723575,0.7647655240231505,-0.2304132195212641,0.9411520702760084,-0.33201520737442,0.074148171040987
44.7,18.7,2013.0,7.0,11.0,8.017482517482517,29.173892773892774,29.049883449883453,64.22657342657342,42.739627039627045,344.28421603443354,-0.8121242937467013,0.3246092273252611,0.7274135572559701,0.6291587293936992,1.01119138829764,1.0702757567941206,-0.0972361703871966,0.4986738375667094
44.7,20.0,2013.0,7.0,11.0,8.017482517482517,29.173892773892774,29.049883449883453,64.22657342657342,42.739627039627045,344.28421603443354,-0.8121242937467013,0.3246092273252611,0.7274135572559701,0.6291587293936992,1.01119138829764,1.0702757567941206,-0.0972361703871966,0.4986738375667094
44.7,21.4,2013.0,7.0,11.0,11.0,10.0,10.0,90.0,31.0,148.92,-1.4391726366774509,0.9347394914687488,0.8924998750099171,1.363534355243223,-0.0912985081159519,1.478338780537778,0.819836431934763,1.2232402964131142
44.8,1.4,2013.0,7.0,11.0,12.0,51.0,28.0,74.0,56.0,170.97084,-1.4029181477574588,1.0739457437103168,1.1139728078908198,0.9721813018175476,1.1338057900848189,1.0446905557730588,-0.7113423061370926,0.75767316157022
44.8,2.9,2013.0,7.0,11.0,8.017482517482517,29.173892773892774,29.049883449883453,64.22657342657342,42.739627039627045,344.28421603443354,-0.8121242937467013,0.3246092273252611,0.7274135572559701,0.6291587293936992,1.01119138829764,1.0702757567941206,-0.0972361703871966,0.4986738375667094
44.8,3.4,2013.0,7.0,11.0,12.0,51.0,23.0,72.0,65.0,1172.8695,-1.3873831795896023,1.123949597434095,0.6324071928679753,0.6738676880878295,0.6975095532278216,0.4431294710728092,-0.6493883205092407,0.1862490323368209
44.8,4.9,2013.0,7.0,11.0,8.017482517482517,29.173892773892774,29.049883449883453,64.22657342657342,42.739627039627045,344.28421603443354,-0.8121242937467013,0.3246092273252611,0.7274135572559701,0.6291587293936992,1.01119138829764,1.0702757567941206,-0.0972361703871966,0.4986738375667094
44.8,7.1,2013.0,7.0,11.0,8.017482517482517,29.173892773892774,29.049883449883453,64.22657342657342,42.739627039627045,344.28421603443354,-0.8121242937467013,0.3246092273252611,0.7274135572559701,0.6291587293936992,1.01119138829764,1.0702757567941206,-0.0972361703871966,0.4986738375667094
44.8,8.7,2013.0,7.0,11.0,8.017482517482517,29.173892773892774,29.049883449883453,64.22657342657342,42.739627039627045,344.28421603443354,-0.8121242937467013,0.3246092273252611,0.7274135572559701,0.6291587293936992,1.01119138829764,1.0702757567941206,-0.0972361703871966,0.4986738375667094
44.8,9.5,2013.0,7.0,11.0,8.017482517482517,29.173892773892774,29.049883449883453,64.22657342657342,42.739627039627045,344.28421603443354,-0.8121242937467013,0.3246092273252611,0.7274135572559701,0.6291587293936992,1.01119138829764,1.0702757567941206,-0.0972361703871966,0.4986738375667094
44.8,15.0,2013.0,7.0,11.0,11.5,30.5,22.0,83.0,52.5,640.727695,-1.3596666683220526,1.0559387558066504,0.9745716256005456,0.74911413138111,0.7315892450901873,1.4196071449995649,-0.1958367517808624,1.3239624318107328
44.8,15.9,2013.0,7.0,11.0,8.017482517482517,29.173892773892774,29.049883449883453,64.22657342657342,42.739627039627045,344.28421603443354,-0.8121242937467013,0.3246092273252611,0.7274135572559701,0.6291587293936992,1.01119138829764,1.0702757567941206,-0.0972361703871966,0.4986738375667094
44.8,16.6,2013.0,7.0,11.0,11.0,10.0,28.0,97.0,15.0,327.08032,-1.4515328879137104,0.8001911758011181,0.657786460687446,0.6928457536906216,-0.2141211166881338,1.0696981663978793,-0.4301137228083863,0.1760026011115514
44.8,17.2,2013.0,7.0,11.0,8.017482517482517,29.173892773892774,29.049883449883453,64.22657342657342,42.739627039627045,344.28421603443354,-0.8121242937467013,0.3246092273252611,0.7274135572559701,0.6291587293936992,1.01119138829764,1.0702757567941206,-0.0972361703871966,0.4986738375667094
44.8,18.2,2013.0,7.0,11.0,8.017482517482517,29.173892773892774,29.049883449883453,64.22657342657342,42.739627039627045,344.28421603443354,-0.8121242937467013,0.3246092273252611,0.7274135572559701,0.6291587293936992,1.01119138829764,1.0702757567941206,-0.0972361703871966,0.4986738375667094
44.8,19.8,2013.0,7.0,11.0,8.017482517482517,29.173892773892774,29.049883449883453,64.22657342657342,42.739627039627045,344.28421603443354,-0.8121242937467013,0.3246092273252611,0.7274135572559701,0.6291587293936992,1.01119138829764,1.0702757567941206,-0.0972361703871966,0.4986738375667094
44.8,26.1,2013.0,7.0,11.0,11.0,10.0,0.0,86.0,53.0,106.729164,-1.4075535174661178,1.0578907961386037,0.9482291298757788,1.248884260102977,-0.4763527015643216,0.92301067383428,0.6398898331815707,0.1115728819597285
44.9,3.4,2013.0,7.0,11.0,12.0,51.0,25.0,73.0,65.0,1163.7775,-1.384823588031573,1.1209327018982802,0.6241807331101309,0.6908075154206993,0.6609813833101494,0.2580044199327179,-0.7112186545399637,-0.1162397960551917
44.9,4.0,2013.0,7.0,11.0,8.017482517482517,29.173892773892774,29.049883449883453,64.22657342657342,42.739627039627045,344.28421603443354,-0.8121242937467013,0.3246092273252611,0.7274135572559701,0.6291587293936992,1.01119138829764,1.0702757567941206,-0.0972361703871966,0.4986738375667094
44.9,4.5,2013.0,7.0,11.0,8.017482517482517,29.173892773892774,29.049883449883453,64.22657342657342,42.739627039627045,344.28421603443354,-0.8121242937467013,0.3246092273252611,0.7274135572559701,0.6291587293936992,1.01119138829764,1.0702757567941206,-0.0972361703871966,0.4986738375667094
44.9,8.1,2013.0,7.0,11.0,6.5,38.5,14.0,57.5,65.0,200.68573,-0.4568351349328629,0.0360368163877571,0.9853750850548456,0.56427442656337,1.4184961426922535,1.851211835020747,-0.4730661551901524,4.370423205002075
44.9,13.8,2013.0,7.0,11.0,8.017482517482517,29.173892773892774,29.049883449883453,64.22657342657342,42.739627039627045,344.28421603443354,-0.8121242937467013,0.3246092273252611,0.7274135572559701,0.6291587293936992,1.01119138829764,1.0702757567941206,-0.0972361703871966,0.4986738375667094
44.9,14.0,2013.0,7.0,11.0,11.0,10.0,39.0,101.0,9.0,25.451073,-1.453473827761384,0.7254079581098137,0.980907379250502,0.8158208085474418,1.4203075161223973,1.8747329127510708,0.1577432422340471,3.063628454483062
44.9,17.4,2013.0,7.0,11.0,8.017482517482517,29.173892773892774,29.049883449883453,64.22657342657342,42.739627039627045,344.28421603443354,-0.8121242937467013,0.3246092273252611,0.7274135572559701,0.6291587293936992,1.01119138829764,1.0702757567941206,-0.0972361703871966,0.4986738375667094
44.9,18.3,2013.0,7.0,11.0,11.0,10.0,23.0,95.0,20.0,260.55594,-1.4465956196967344,0.8477926504403106,1.09710901855248,1.2255341572603418,0.5934716753357808,1.4221896318129903,-0.6752163441546074,-0.5313163907353988
44.9,19.2,2013.0,7.0,11.0,11.0,10.0,21.0,94.0,23.0,82.39567,-1.4433170080675022,0.8725809684399611,1.1576770712071092,1.4183503670349566,0.6495600132204634,1.6138553494948769,-0.4315930131288026,-0.3294316280916713
44.9,19.8,2013.0,7.0,11.0,8.017482517482517,29.173892773892774,29.049883449883453,64.22657342657342,42.739627039627045,344.28421603443354,-0.8121242937467013,0.3246092273252611,0.7274135572559701,0.6291587293936992,1.01119138829764,1.0702757567941206,-0.0972361703871966,0.4986738375667094
44.9,22.4,2013.0,7.0,11.0,11.0,10.0,10.0,90.0,36.0,602.56946,-1.4295037517970912,0.9625168616440484,0.9295083700644964,0.9880317537834904,0.6264490052293125,1.434381638593854,1.656959907396479,0.5440519678586591
44.9,24.6,2013.0,7.0,11.0,6.0,17.5,8.0,55.5,23.5,404.449125,-0.5655953177917041,0.0192759353765711,0.711684927961217,0.4568764704021422,0.9064251230309236,1.4365253268050997,0.6568480628759925,0.6191218024126114
45.0,2.4,2013.0,7.0,11.0,12.0,51.0,28.0,74.0,61.0,733.1253,-1.3918521723206525,1.0979559195210256,0.7852850060444538,0.7363900817376752,0.7226085589581835,0.2941405990866077,-0.7489398338016129,0.5403026711157721
45.0,4.9,2013.0,7.0,11.0,12.0,51.0,23.0,72.0,71.0,185.6,-1.371098842814556,1.155908991243059,0.8128455092459166,0.7489732151457316,1.2804401714513296,1.4555530521133055,-0.2883970435865572,1.8061076552298168
45.0,6.1,2013.0,7.0,11.0,8.017482517482517,29.173892773892774,29.049883449883453,64.22657342657342,42.739627039627045,344.28421603443354,-0.8121242937467013,0.3246092273252611,0.7274135572559701,0.6291587293936992,1.01119138829764,1.0702757567941206,-0.0972361703871966,0.4986738375667094
45.0,6.5,2013.0,7.0,11.0,1.0,26.0,13.0,46.0,57.0,2322.3381,0.4376374705543277,-1.1713033609629735,-0.2516054134373588,-0.7336351650699167,0.6943954340931474,0.1672222411712208,0.7006111629502842,2.909984269051157
45.0,7.2,2013.0,7.0,11.0,8.017482517482517,29.173892773892774,29.049883449883453,64.22657342657342,42.739627039627045,344.28421603443354,-0.8121242937467013,0.3246092273252611,0.7274135572559701,0.6291587293936992,1.01119138829764,1.0702757567941206,-0.0972361703871966,0.4986738375667094
45.0,7.7,2013.0,7.0,11.0,1.0,26.0,10.0,45.0,51.0,304.6907,0.4290631826527648,-1.1569444542650578,0.6957657364014151,-0.0215260732871769,1.0939613573392482,1.5048144833079975,-0.5896546872813964,2.2170711215908296
45.0,7.9,2013.0,7.0,11.0,1.0,26.0,10.0,45.0,50.0,250.5886,0.4281906346936275,-1.154614762296041,0.7755187914855639,0.0882165836730701,1.2859040853084862,1.8446352644056223,-0.529472457818275,3.329523934966675
45.0,9.3,2013.0,7.0,11.0,8.017482517482517,29.173892773892774,29.049883449883453,64.22657342657342,42.739627039627045,344.28421603443354,-0.8121242937467013,0.3246092273252611,0.7274135572559701,0.6291587293936992,1.01119138829764,1.0702757567941206,-0.0972361703871966,0.4986738375667094
45.0,10.2,2013.0,7.0,11.0,8.017482517482517,29.173892773892774,29.049883449883453,64.22657342657342,42.739627039627045,344.28421603443354,-0.8121242937467013,0.3246092273252611,0.7274135572559701,0.6291587293936992,1.01119138829764,1.0702757567941206,-0.0972361703871966,0.4986738375667094
45.0,10.9,2013.0,7.0,11.0,8.017482517482517,29.173892773892774,29.049883449883453,64.22657342657342,42.739627039627045,344.28421603443354,-0.8121242937467013,0.3246092273252611,0.7274135572559701,0.6291587293936992,1.01119138829764,1.0702757567941206,-0.0972361703871966,0.4986738375667094
45.0,16.5,2013.0,7.0,11.0,6.0,17.5,37.0,66.5,15.5,221.19093,-0.5446237080383911,-0.1324890828663287,0.7703879538718719,0.3471212965270041,0.8591192874894589,1.4447317859614084,-0.7502106857905073,-0.3536978663086654
45.0,17.4,2013.0,7.0,11.0,8.017482517482517,29.173892773892774,29.049883449883453,64.22657342657342,42.739627039627045,344.28421603443354,-0.8121242937467013,0.3246092273252611,0.7274135572559701,0.6291587293936992,1.01119138829764,1.0702757567941206,-0.0972361703871966,0.4986738375667094
45.0,17.6,2013.0,7.0,11.0,8.017482517482517,29.173892773892774,29.049883449883453,64.22657342657342,42.739627039627045,344.28421603443354,-0.8121242937467013,0.3246092273252611,0.7274135572559701,0.6291587293936992,1.01119138829764,1.0702757567941206,-0.0972361703871966,0.4986738375667094
45.0,18.8,2013.0,7.0,11.0,11.0,10.0,23.0,95.0,22.0,84.08459,-1.4423506595497868,0.8627608483597504,1.1818448772701011,1.451222208166283,0.586550516645379,1.5616989161769788,-0.5402550156900021,-0.4199046635884362
45.0,19.2,2013.0,7.0,11.0,8.017482517482517,29.173892773892774,29.049883449883453,64.22657342657342,42.739627039627045,344.28421603443354,-0.8121242937467013,0.3246092273252611,0.7274135572559701,0.6291587293936992,1.01119138829764,1.0702757567941206,-0.0972361703871966,0.4986738375667094
45.0,20.4,2013.0,7.0,11.0,8.017482517482517,29.173892773892774,29.049883449883453,64.22657342657342,42.739627039627045,344.28421603443354,-0.8121242937467013,0.3246092273252611,0.7274135572559701,0.6291587293936992,1.01119138829764,1.0702757567941206,-0.0972361703871966,0.4986738375667094
45.0,20.8,2013.0,7.0,11.0,8.017482517482517,29.173892773892774,29.049883449883453,64.22657342657342,42.739627039627045,344.28421603443354,-0.8121242937467013,0.3246092273252611,0.7274135572559701,0.6291587293936992,1.01119138829764,1.0702757567941206,-0.0972361703871966,0.4986738375667094
45.0,21.5,2013.0,7.0,11.0,11.0,10.0,15.0,92.0,32.0,118.289,-1.431360081601443,0.934761815220071,0.9690445201554572,1.2821469519960478,0.3835709693063391,1.6137862781378365,0.6982316432729099,1.2067490360196853
45.1,3.7,2013.0,7.0,11.0,8.017482517482517,29.173892773892774,29.049883449883453,64.22657342657342,42.739627039627045,344.28421603443354,-0.8121242937467013,0.3246092273252611,0.7274135572559701,0.6291587293936992,1.01119138829764,1.0702757567941206,-0.0972361703871966,0.4986738375667094
45.1,4.6,2013.0,7.0,11.0,6.5,38.5,20.5,60.0,67.5,624.323455,-0.4616125388754865,-0.0222866762837546,0.5409287388132724,0.353887698453977,1.3568310651017397,1.1976632160190603,-0.2950912593485918,3.2364933267523965
45.1,7.3,2013.0,7.0,11.0,1.0,26.0,10.0,45.0,53.0,686.6458,0.4308010055014133,-1.1616166927587983,0.3104292577576246,-0.3710629404635915,0.7201275216886078,0.6763203673142156,-0.4285817063134186,0.5951589656661534
45.1,8.5,2013.0,7.0,11.0,8.017482517482517,29.173892773892774,29.049883449883453,64.22657342657342,42.739627039627045,344.28421603443354,-0.8121242937467013,0.3246092273252611,0.7274135572559701,0.6291587293936992,1.01119138829764,1.0702757567941206,-0.0972361703871966,0.4986738375667094
45.1,9.4,2013.0,7.0,11.0,11.0,11.0,3.0,110.0,2.0,81.75996,-1.442472362248205,0.5968545509359601,0.5504849868083868,0.7019572601880585,1.093650599124291,2.583661512271406,0.4492277043474054,15.201513458328288
45.1,15.6,2013.0,7.0,11.0,8.017482517482517,29.173892773892774,29.049883449883453,64.22657342657342,42.739627039627045,344.28421603443354,-0.8121242937467013,0.3246092273252611,0.7274135572559701,0.6291587293936992,1.01119138829764,1.0702757567941206,-0.0972361703871966,0.4986738375667094
45.1,15.8,2013.0,7.0,11.0,8.017482517482517,29.173892773892774,29.049883449883453,64.22657342657342,42.739627039627045,344.28421603443354,-0.8121242937467013,0.3246092273252611,0.7274135572559701,0.6291587293936992,1.01119138829764,1.0702757567941206,-0.0972361703871966,0.4986738375667094
45.1,16.0,2013.0,7.0,11.0,8.017482517482517,29.173892773892774,29.049883449883453,64.22657342657342,42.739627039627045,344.28421603443354,-0.8121242937467013,0.3246092273252611,0.7274135572559701,0.6291587293936992,1.01119138829764,1.0702757567941206,-0.0972361703871966,0.4986738375667094
45.1,19.7,2013.0,7.0,11.0,8.017482517482517,29.173892773892774,29.049883449883453,64.22657342657342,42.739627039627045,344.28421603443354,-0.8121242937467013,0.3246092273252611,0.7274135572559701,0.6291587293936992,1.01119138829764,1.0702757567941206,-0.0972361703871966,0.4986738375667094
45.2,1.5,2013.0,7.0,11.0,12.0,51.0,33.0,76.0,57.0,164.66286,-1.3954132214870492,1.0727670005773202,1.0153408886763842,0.8749499069476004,0.9945224998905676,0.6134977525894744,-0.7758271106237343,0.6791897220769744
45.2,2.1,2013.0,7.0,11.0,8.017482517482517,29.173892773892774,29.049883449883453,64.22657342657342,42.739627039627045,344.28421603443354,-0.3424791958871047,-0.7010886569182512,0.5201857324881373,0.8059942335627974,0.814517940731671,1.2861099296334424,0.3422497681673947,0.47613119344359256
45.2,2.2,2013.0,7.0,11.0,8.017482517482517,29.173892773892774,29.049883449883453,64.22657342657342,42.739627039627045,344.28421603443354,-0.07998218951300406,0.5416818509988356,-0.05986885404868347,0.45015527076391,1.1109094837774056,0.5216187945629126,0.22950849114754085,0.21170753523681446
45.2,7.9,2013.0,7.0,11.0,8.017482517482517,29.173892773892774,29.049883449883453,64.22657342657342,42.739627039627045,344.28421603443354,-0.8121242937467013,0.3246092273252611,0.7274135572559701,0.6291587293936992,1.01119138829764,1.0702757567941206,-0.0972361703871966,0.4986738375667094
45.2,8.8,2013.0,7.0,11.0,12.0,51.0,20.0,71.0,83.0,94.53612,-1.3298679212996296,1.236261494257329,0.9847925159558202,0.8750161254650841,1.069480850968752,1.892746592343932,-0.5260840562275108,5.816024561309638
45.2,10.4,2013.0,7.0,11.0,1.0,26.0,0.0,41.0,39.0,41.165714,0.4051441724530923,-1.1282373734419775,0.713380773013514,0.2736421608619798,1.087057043956615,2.9561659472574138,1.59326717408722,6.212900884733573
45.2,12.0,2013.0,7.0,11.0,8.017482517482517,29.173892773892774,29.049883449883453,64.22657342657342,42.739627039627045,344.28421603443354,-0.8121242937467013,0.3246092273252611,0.7274135572559701,0.6291587293936992,1.01119138829764,1.0702757567941206,-0.0972361703871966,0.4986738375667094
45.2,17.4,2013.0,7.0,11.0,8.017482517482517,29.173892773892774,29.049883449883453,64.22657342657342,42.739627039627045,344.28421603443354,-0.3257901772153852,0.20926879354575256,0.5139838925882412,1.3773830908920286,1.6939094092585218,1.1975480770406275,0.5432827762008888,0.6996216192249736
45.2,17.5,2013.0,7.0,11.0,8.017482517482517,29.173892773892774,29.049883449883453,64.22657342657342,42.739627039627045,344.28421603443354,-0.8492694893991122,0.4460139066969495,0.4360351107494167,1.0347339586916493,0.4971830679308824,0.8909526391673277,0.4329931566324127,0.7616202372355503
45.2,23.8,2013.0,7.0,11.0,8.017482517482517,29.173892773892774,29.049883449883453,64.22657342657342,42.739627039627045,344.28421603443354,-0.8121242937467013,0.3246092273252611,0.7274135572559701,0.6291587293936992,1.01119138829764,1.0702757567941206,-0.0972361703871966,0.4986738375667094
45.3,1.6,2013.0,7.0,11.0,8.017482517482517,29.173892773892774,29.049883449883453,64.22657342657342,42.739627039627045,344.28421603443354,-0.8121242937467013,0.3246092273252611,0.7274135572559701,0.6291587293936992,1.01119138829764,1.0702757567941206,-0.0972361703871966,0.4986738375667094
45.3,3.7,2013.0,7.0,11.0,8.017482517482517,29.173892773892774,29.049883449883453,64.22657342657342,42.739627039627045,344.28421603443354,-0.8121242937467013,0.3246092273252611,0.7274135572559701,0.6291587293936992,1.01119138829764,1.0702757567941206,-0.0972361703871966,0.4986738375667094
45.3,5.8,2013.0,7.0,11.0,8.017482517482517,29.173892773892774,29.049883449883453,64.22657342657342,42.739627039627045,344.28421603443354,-0.8121242937467013,0.3246092273252611,0.7274135572559701,0.6291587293936992,1.01119138829764,1.0702757567941206,-0.0972361703871966,0.4986738375667094
45.3,8.4,2013.0,7.0,11.0,11.5,31.0,17.0,92.5,41.5,134.10662000000002,-1.3836239723352892,0.8981582225302911,0.8331966569073579,0.7885222247140025,0.927937901019706,1.599392719593791,-0.2017807948040949,5.287085683221905
45.3,9.4,2013.0,7.0,11.0,8.017482517482517,29.173892773892774,29.049883449883453,64.22657342657342,42.739627039627045,344.28421603443354,-0.8121242937467013,0.3246092273252611,0.7274135572559701,0.6291587293936992,1.01119138829764,1.0702757567941206,-0.0972361703871966,0.4986738375667094
45.3,11.4,2013.0,7.0,11.0,8.017482517482517,29.173892773892774,29.049883449883453,64.22657342657342,42.739627039627045,344.28421603443354,-0.8121242937467013,0.3246092273252611,0.7274135572559701,0.6291587293936992,1.01119138829764,1.0702757567941206,-0.0972361703871966,0.4986738375667094
45.3,16.4,2013.0,7.0,11.0,11.0,10.0,36.0,100.0,15.0,281.37955,-1.4421385944711604,0.7925400166804056,0.7250502816037854,0.7904300448061926,-0.2877842144524067,1.4575877900330678,1.1151330251596934,0.8402543011019409
45.3,16.8,2013.0,7.0,11.0,8.017482517482517,29.173892773892774,29.049883449883453,64.22657342657342,42.739627039627045,344.28421603443354,-0.8121242937467013,0.3246092273252611,0.7274135572559701,0.6291587293936992,1.01119138829764,1.0702757567941206,-0.0972361703871966,0.4986738375667094
45.3,17.4,2013.0,7.0,11.0,1.0,25.0,35.0,32.0,14.0,357.9665,0.3460333790038927,-1.0537412122079206,0.6985370936365207,-0.053798717589546,0.666566482814239,1.344816418949423,-0.7758271106237343,-0.4258033154956898
45.3,20.5,2013.0,7.0,11.0,8.017482517482517,29.173892773892774,29.049883449883453,64.22657342657342,42.739627039627045,344.28421603443354,-0.8121242937467013,0.3246092273252611,0.7274135572559701,0.6291587293936992,1.01119138829764,1.0702757567941206,-0.0972361703871966,0.4986738375667094
45.3,20.9,2013.0,7.0,11.0,11.0,10.0,21.0,94.0,30.0,75.09904,-1.4293335840074346,0.9175097258192167,1.149364006535669,1.4438549943245624,0.8511561082311858,1.9015602278256216,0.1026721764557269,0.3940448151727199
45.4,-0.1,2013.0,7.0,11.0,12.0,51.0,41.0,79.0,50.0,101.71429,-1.4016326216811623,1.030703288161699,1.2351250257421424,1.0956788369281898,1.140785027373647,1.015899268338883,-0.7758271106237343,-0.3657655371107289
45.4,1.9,2013.0,7.0,11.0,12.0,51.0,36.0,77.0,59.0,511.82834,-1.38845269549799,1.0792904422823444,0.8839421011058648,0.7695558684832027,0.7962268280899913,0.239211667561765,-0.7758271106237343,0.4884543460234663
45.4,2.7,2013.0,7.0,11.0,8.017482517482517,29.173892773892774,29.049883449883453,64.22657342657342,42.739627039627045,344.28421603443354,-0.8121242937467013,0.3246092273252611,0.7274135572559701,0.6291587293936992,1.01119138829764,1.0702757567941206,-0.0972361703871966,0.4986738375667094
45.4,4.7,2013.0,7.0,11.0,1.0,26.0,11.0,45.0,65.0,338.70935,0.4415535997957348,-1.191571818470353,0.4384887209852591,0.0526281682390428,1.6460738621336668,1.4840343003806893,-0.2919365170336646,4.9565095895910645
45.4,9.5,2013.0,7.0,11.0,8.017482517482517,29.173892773892774,29.049883449883453,64.22657342657342,42.739627039627045,344.28421603443354,-0.8121242937467013,0.3246092273252611,0.7274135572559701,0.6291587293936992,1.01119138829764,1.0702757567941206,-0.0972361703871966,0.4986738375667094
45.4,10.5,2013.0,7.0,11.0,6.5,38.0,40.0,56.0,63.0,103.922192,-0.4525569941606949,0.0694910061320891,0.7391734282403273,0.5154532094613201,0.6860592066945483,2.230933184230972,0.489108059080122,4.964478312620517
45.4,11.0,2013.0,7.0,11.0,8.017482517482517,29.173892773892774,29.049883449883453,64.22657342657342,42.739627039627045,344.28421603443354,-0.8121242937467013,0.3246092273252611,0.7274135572559701,0.6291587293936992,1.01119138829764,1.0702757567941206,-0.0972361703871966,0.4986738375667094
45.4,14.3,2013.0,7.0,11.0,8.017482517482517,29.173892773892774,29.049883449883453,64.22657342657342,42.739627039627045,344.28421603443354,-0.8121242937467013,0.3246092273252611,0.7274135572559701,0.6291587293936992,1.01119138829764,1.0702757567941206,-0.0972361703871966,0.4986738375667094
45.4,14.7,2013.0,7.0,11.0,11.0,10.0,44.0,103.0,11.0,723.89404,-1.4419516545421531,0.7449975405268501,0.6302883935864861,0.616222853530822,-0.2700812290957709,1.0353629251363352,-0.0803538604233725,0.876692115261463
45.4,15.3,2013.0,7.0,11.0,8.017482517482517,29.173892773892774,29.049883449883453,64.22657342657342,42.739627039627045,344.28421603443354,-0.8121242937467013,0.3246092273252611,0.7274135572559701,0.6291587293936992,1.01119138829764,1.0702757567941206,-0.0972361703871966,0.4986738375667094
45.4,17.0,2013.0,7.0,11.0,11.0,10.0,36.0,100.0,17.0,144.92018,-1.4376361896990382,0.8104358151303717,0.818245224905305,0.8834953258748267,-0.2290854572775845,1.5372742417409178,-0.1348935372922445,0.1569488989506852
45.4,19.0,2013.0,7.0,11.0,8.017482517482517,29.173892773892774,29.049883449883453,64.22657342657342,42.739627039627045,344.28421603443354,-0.8121242937467013,0.3246092273252611,0.7274135572559701,0.6291587293936992,1.01119138829764,1.0702757567941206,-0.0972361703871966,0.4986738375667094
45.4,24.8,2013.0,7.0,11.0,8.017482517482517,29.173892773892774,29.049883449883453,64.22657342657342,42.739627039627045,344.28421603443354,-0.8121242937467013,0.3246092273252611,0.7274135572559701,0.6291587293936992,1.01119138829764,1.0702757567941206,-0.0972361703871966,0.4986738375667094
45.5,4.3,2013.0,7.0,11.0,1.0,26.0,11.0,45.0,67.0,530.5333,0.4434872224945722,-1.1971643229478532,0.367256179551635,0.0145670564569558,1.597480931938546,1.3569517350881874,-0.1641884338191318,6.333350530801578
45.5,7.8,2013.0,7.0,11.0,8.017482517482517,29.173892773892774,29.049883449883453,64.22657342657342,42.739627039627045,344.28421603443354,-0.8121242937467013,0.3246092273252611,0.7274135572559701,0.6291587293936992,1.01119138829764,1.0702757567941206,-0.0972361703871966,0.4986738375667094
45.5,8.0,2013.0,7.0,11.0,8.017482517482517,29.173892773892774,29.049883449883453,64.22657342657342,42.739627039627045,344.28421603443354,-0.8121242937467013,0.3246092273252611,0.7274135572559701,0.6291587293936992,1.01119138829764,1.0702757567941206,-0.0972361703871966,0.4986738375667094
45.5,8.8,2013.0,7.0,11.0,1.0,26.0,0.0,41.0,47.0,152.49097,0.4121833798317481,-1.1467141045898102,0.8711175246563416,0.280575724168457,1.681858324284476,2.540161805163732,0.154257377777306,7.44341885688282
45.5,9.0,2013.0,7.0,11.0,1.0,26.0,0.0,41.0,46.0,138.66965,0.4113294553387757,-1.144437265941918,0.8508791647893537,0.3003960570119534,1.6909067687813102,2.7622779564052347,0.5468033500445385,7.258591261403287
45.5,12.7,2013.0,7.0,11.0,12.0,51.0,23.0,72.0,91.0,-0.1573487,-1.2802153802264833,1.3076597198319528,1.3241246659035997,0.983571694367967,1.0933554291045824,1.9963716125222557,-0.2886421132568031,2.0386987700851136
45.5,13.9,2013.0,7.0,11.0,8.017482517482517,29.173892773892774,29.049883449883453,64.22657342657342,42.739627039627045,344.28421603443354,-0.8121242937467013,0.3246092273252611,0.7274135572559701,0.6291587293936992,1.01119138829764,1.0702757567941206,-0.0972361703871966,0.4986738375667094
45.5,15.4,2013.0,7.0,11.0,8.017482517482517,29.173892773892774,29.049883449883453,64.22657342657342,42.739627039627045,344.28421603443354,-0.8121242937467013,0.3246092273252611,0.7274135572559701,0.6291587293936992,1.01119138829764,1.0702757567941206,-0.0972361703871966,0.4986738375667094
45.5,17.4,2013.0,7.0,11.0,8.017482517482517,29.173892773892774,29.049883449883453,64.22657342657342,42.739627039627045,344.28421603443354,-0.8121242937467013,0.3246092273252611,0.7274135572559701,0.6291587293936992,1.01119138829764,1.0702757567941206,-0.0972361703871966,0.4986738375667094
45.5,20.1,2013.0,7.0,11.0,8.017482517482517,29.173892773892774,29.049883449883453,64.22657342657342,42.739627039627045,344.28421603443354,-1.4217005234633884,0.2556920640765714,1.0738558605161765,1.8390734360759828,0.9840075856286217,0.8403707507412972,0.7868739146886414,-0.06485742407266532
45.5,20.2,2013.0,7.0,11.0,1.0,25.0,22.0,27.0,8.0,74.32353,0.9650593925273128,-1.130267768739654,1.2691627642472407,-0.135492491917164,1.5272699794942914,2.2014982993080143,-0.46767073186647257,-0.5955433087672528
45.5,22.1,2013.0,7.0,11.0,8.017482517482517,29.173892773892774,29.049883449883453,64.22657342657342,42.739627039627045,344.28421603443354,-0.8121242937467013,0.3246092273252611,0.7274135572559701,0.6291587293936992,1.01119138829764,1.0702757567941206,-0.0972361703871966,0.4986738375667094
45.5,23.3,2013.0,7.0,11.0,11.0,10.0,18.0,93.0,41.0,1086.6422,-1.4114593321724185,0.9795827562399196,0.4554421363388302,0.7095021334669368,0.517845797509449,0.9793839786611612,1.9001023907182448,0.6690885283882929
45.6,2.0,2013.0,7.0,11.0,12.0,51.0,39.0,78.0,60.0,827.6875,-1.3835556936392193,1.0812528472131258,0.7896585541811079,0.7173078431012745,0.7291664121302899,0.031209140383321,-0.7758271106237343,0.1049071590293983
45.6,3.9,2013.0,7.0,11.0,8.017482517482517,29.173892773892774,29.049883449883453,64.22657342657342,42.739627039627045,344.28421603443354,-0.8121242937467013,0.3246092273252611,0.7274135572559701,0.6291587293936992,1.01119138829764,1.0702757567941206,-0.0972361703871966,0.4986738375667094
45.6,5.8,2013.0,7.0,11.0,1.0,26.0,5.0,43.0,61.0,531.4529,0.4311285140306577,-1.1806593187368486,0.3633136419152078,-0.124276216309524,1.368479783990677,1.292567586401069,-0.2295073580004246,3.902636322261201
45.6,8.3,2013.0,7.0,11.0,12.0,51.0,28.0,74.0,82.0,330.17023,-1.3273932262997865,1.2201796845892443,0.7625773991060697,0.7262909502782239,1.198221492724834,1.0329888253038677,-0.1914645733514474,3.700202332069108
45.6,9.1,2013.0,7.0,11.0,8.017482517482517,29.173892773892774,29.049883449883453,64.22657342657342,42.739627039627045,344.28421603443354,-0.8121242937467013,0.3246092273252611,0.7274135572559701,0.6291587293936992,1.01119138829764,1.0702757567941206,-0.0972361703871966,0.4986738375667094
45.6,9.4,2013.0,7.0,11.0,1.0,25.0,57.0,40.0,44.0,156.69527,0.4062303723424112,-1.139525734006121,0.5954027259489134,0.1820344947209263,0.6776278158781817,2.6096908576871654,1.533884788994732,7.267678550822632
45.6,10.0,2013.0,7.0,11.0,12.0,51.0,26.0,73.0,86.0,187.83514,-1.3102483531502889,1.2552420798319797,0.768087888492153,0.7569751577038378,0.8627881703792321,1.471432948066874,-0.2231146238392149,3.338365590760757
45.6,11.5,2013.0,7.0,11.0,8.017482517482517,29.173892773892774,29.049883449883453,64.22657342657342,42.739627039627045,344.28421603443354,-0.8121242937467013,0.3246092273252611,0.7274135572559701,0.6291587293936992,1.01119138829764,1.0702757567941206,-0.0972361703871966,0.4986738375667094
45.6,12.3,2013.0,7.0,11.0,8.017482517482517,29.173892773892774,29.049883449883453,64.22657342657342,42.739627039627045,344.28421603443354,-0.8121242937467013,0.3246092273252611,0.7274135572559701,0.6291587293936992,1.01119138829764,1.0702757567941206,-0.0972361703871966,0.4986738375667094
45.6,14.7,2013.0,7.0,11.0,8.017482517482517,29.173892773892774,29.049883449883453,64.22657342657342,42.739627039627045,344.28421603443354,-0.8121242937467013,0.3246092273252611,0.7274135572559701,0.6291587293936992,1.01119138829764,1.0702757567941206,-0.0972361703871966,0.4986738375667094
45.6,15.8,2013.0,7.0,11.0,11.5,30.5,33.5,87.5,54.5,152.67045000000002,-1.3391882167686302,1.067799168631321,1.0255909830141514,0.9315287848816636,0.8026716668465452,1.810343485969688,0.4418113562838929,0.7593053838591695
45.6,16.3,2013.0,7.0,11.0,8.017482517482517,29.173892773892774,29.049883449883453,64.22657342657342,42.739627039627045,344.28421603443354,-0.8121242937467013,0.3246092273252611,0.7274135572559701,0.6291587293936992,1.01119138829764,1.0702757567941206,-0.0972361703871966,0.4986738375667094
45.6,17.8,2013.0,7.0,11.0,8.017482517482517,29.173892773892774,29.049883449883453,64.22657342657342,42.739627039627045,344.28421603443354,-0.8121242937467013,0.3246092273252611,0.7274135572559701,0.6291587293936992,1.01119138829764,1.0702757567941206,-0.0972361703871966,0.4986738375667094
45.7,0.0,2013.0,7.0,11.0,8.017482517482517,29.173892773892774,29.049883449883453,64.22657342657342,42.739627039627045,344.28421603443354,-0.8121242937467013,0.3246092273252611,0.7274135572559701,0.6291587293936992,1.01119138829764,1.0702757567941206,-0.0972361703871966,0.4986738375667094
45.7,4.2,2013.0,7.0,11.0,12.0,51.0,36.0,77.0,69.0,356.8164,-1.3641789798965906,1.1300989323175124,0.7032943216810863,0.8255751191902287,0.8915544247530915,0.2158516042873346,-0.653785784990637,-0.3320185177500953
45.7,5.6,2013.0,7.0,11.0,12.0,51.0,34.0,76.0,74.0,296.86752,-1.3520927029892031,1.161398058250834,0.8414533276815716,0.7531797060918565,1.2139233309452988,0.9157441064269832,0.0405745368314176,0.547924562545593
45.7,7.0,2013.0,7.0,11.0,8.017482517482517,29.173892773892774,29.049883449883453,64.22657342657342,42.739627039627045,344.28421603443354,-0.25818628596302795,0.6864966274091764,0.9527988214717208,0.808500258605364,0.6959497112650512,1.0241704338619584,0.633205075524149,0.11234659377408696
45.7,7.1,2013.0,7.0,11.0,1.0,26.0,0.0,41.0,55.0,1751.5098,0.35438372454492273,-0.2475837428216332,0.1017804373747696,-1.1339091189929351,0.8142315384627086,-0.4612402649239423,-0.1611376497807684,0.9089773383148587
45.7,7.7,2013.0,7.0,11.0,8.017482517482517,29.173892773892774,29.049883449883453,64.22657342657342,42.739627039627045,344.28421603443354,-0.8121242937467013,0.3246092273252611,0.7274135572559701,0.6291587293936992,1.01119138829764,1.0702757567941206,-0.0972361703871966,0.4986738375667094
45.7,12.1,2013.0,7.0,11.0,12.0,51.0,26.0,73.0,90.0,36.139225,-1.2854129361776705,1.294015737403026,1.0491701777748474,0.9202999009104802,0.6170729572097524,1.729622462624354,0.225918119717678,2.422137413831873
45.7,13.4,2013.0,7.0,11.0,12.0,51.0,26.0,73.0,92.0,9.784293,-1.2702087163609823,1.3166251591472604,1.175901363316027,0.9245314256863872,0.5851626644232414,1.554839609129591,0.4128192766167506,1.205022223294473
45.7,19.0,2013.0,7.0,11.0,8.017482517482517,29.173892773892774,29.049883449883453,64.22657342657342,42.739627039627045,344.28421603443354,-0.8121242937467013,0.3246092273252611,0.7274135572559701,0.6291587293936992,1.01119138829764,1.0702757567941206,-0.0972361703871966,0.4986738375667094
45.8,1.8,2013.0,7.0,11.0,8.017482517482517,29.173892773892774,29.049883449883453,64.22657342657342,42.739627039627045,344.28421603443354,-0.8121242937467013,0.3246092273252611,0.7274135572559701,0.6291587293936992,1.01119138829764,1.0702757567941206,-0.0972361703871966,0.4986738375667094
45.8,2.4,2013.0,7.0,11.0,6.5,38.5,24.5,61.5,68.0,755.73239,-0.4645184828249746,-0.0652266756664511,0.4620019550268731,0.3209621557200559,0.8587566105274236,0.4382370034979801,-0.5049400325926172,2.013405451013088
45.8,7.6,2013.0,7.0,11.0,1.0,25.0,57.0,40.0,53.0,2071.1738,0.4140014048027333,-1.16040078425959,-0.2955241749698851,-0.8472386846167301,0.1198081962384768,-0.0750951968316003,-0.6352008921177204,0.3287600292694907
45.8,9.2,2013.0,7.0,11.0,8.017482517482517,29.173892773892774,29.049883449883453,64.22657342657342,42.739627039627045,344.28421603443354,-0.8121242937467013,0.3246092273252611,0.7274135572559701,0.6291587293936992,1.01119138829764,1.0702757567941206,-0.0972361703871966,0.4986738375667094
45.8,10.8,2013.0,7.0,11.0,8.017482517482517,29.173892773892774,29.049883449883453,64.22657342657342,42.739627039627045,344.28421603443354,-0.8121242937467013,0.3246092273252611,0.7274135572559701,0.6291587293936992,1.01119138829764,1.0702757567941206,-0.0972361703871966,0.4986738375667094
45.8,11.6,2013.0,7.0,11.0,8.017482517482517,29.173892773892774,29.049883449883453,64.22657342657342,42.739627039627045,344.28421603443354,-0.8121242937467013,0.3246092273252611,0.7274135572559701,0.6291587293936992,1.01119138829764,1.0702757567941206,-0.0972361703871966,0.4986738375667094
45.8,12.4,2013.0,7.0,11.0,11.0,11.0,0.0,109.0,7.0,27.7784,-1.4325573831392084,0.6817856308147978,1.0596413160490632,0.9665648409747148,0.5713301525200944,1.4397582572845429,-0.1304663042615662,1.2701196886999824
45.8,12.7,2013.0,7.0,11.0,8.017482517482517,29.173892773892774,29.049883449883453,64.22657342657342,42.739627039627045,344.28421603443354,-0.8121242937467013,0.3246092273252611,0.7274135572559701,0.6291587293936992,1.01119138829764,1.0702757567941206,-0.0972361703871966,0.4986738375667094
45.8,14.0,2013.0,7.0,11.0,8.017482517482517,29.173892773892774,29.049883449883453,64.22657342657342,42.739627039627045,344.28421603443354,-0.8121242937467013,0.3246092273252611,0.7274135572559701,0.6291587293936992,1.01119138829764,1.0702757567941206,-0.0972361703871966,0.4986738375667094
45.8,14.2,2013.0,7.0,11.0,8.017482517482517,29.173892773892774,29.049883449883453,64.22657342657342,42.739627039627045,344.28421603443354,-0.8121242937467013,0.3246092273252611,0.7274135572559701,0.6291587293936992,1.01119138829764,1.0702757567941206,-0.0972361703871966,0.4986738375667094
45.8,15.0,2013.0,7.0,11.0,8.017482517482517,29.173892773892774,29.049883449883453,64.22657342657342,42.739627039627045,344.28421603443354,-0.8121242937467013,0.3246092273252611,0.7274135572559701,0.6291587293936992,1.01119138829764,1.0702757567941206,-0.0972361703871966,0.4986738375667094
45.8,16.4,2013.0,7.0,11.0,11.0,10.0,44.0,103.0,16.0,115.30572,-1.4304327872636615,0.7943024891130824,0.7841390014901133,0.9415463545086036,-0.2717135394185584,1.6650338366557325,0.2654509650400148,0.9932563364714572
45.8,17.3,2013.0,7.0,11.0,1.0,25.0,27.0,29.0,15.0,147.33066,0.3377218031930831,-1.0560637900144283,0.752816219716568,0.0832703834340566,0.731578056788759,1.0931213061568523,-0.7425775413367441,0.3343732932663998
45.8,17.5,2013.0,7.0,11.0,8.017482517482517,29.173892773892774,29.049883449883453,64.22657342657342,42.739627039627045,344.28421603443354,-0.8121242937467013,0.3246092273252611,0.7274135572559701,0.6291587293936992,1.01119138829764,1.0702757567941206,-0.0972361703871966,0.4986738375667094
45.8,20.6,2013.0,7.0,11.0,8.017482517482517,29.173892773892774,29.049883449883453,64.22657342657342,42.739627039627045,344.28421603443354,-0.8121242937467013,0.3246092273252611,0.7274135572559701,0.6291587293936992,1.01119138829764,1.0702757567941206,-0.0972361703871966,0.4986738375667094
45.9,0.8,2013.0,7.0,11.0,12.0,51.0,47.0,81.0,55.0,218.74928,-1.386121478326234,1.0485920951071306,0.9537899709558126,0.8932019914867362,0.9122756618436224,0.292474154855518,-0.7758271106237343,-0.2529953963557648
45.9,3.1,2013.0,7.0,11.0,6.5,38.5,23.0,61.0,68.5,492.513435,-0.4637053426209232,-0.0542494063896191,0.5584788217401744,0.4421509256905572,1.05782716648536,0.5271601853302219,-0.5875063196829444,1.743605091924569
45.9,4.0,2013.0,7.0,11.0,8.017482517482517,29.173892773892774,29.049883449883453,64.22657342657342,42.739627039627045,344.28421603443354,-0.8121242937467013,0.3246092273252611,0.7274135572559701,0.6291587293936992,1.01119138829764,1.0702757567941206,-0.0972361703871966,0.4986738375667094
45.9,4.7,2013.0,7.0,11.0,12.0,51.0,39.0,78.0,71.0,291.19315,-1.3560017795570332,1.1383974802265655,0.7723436136649596,0.8152272645187575,1.1152279298409775,0.4505267527652219,-0.6634244541334247,-0.3558031145524132
45.9,7.9,2013.0,7.0,11.0,8.017482517482517,29.173892773892774,29.049883449883453,64.22657342657342,42.739627039627045,344.28421603443354,-0.8121242937467013,0.3246092273252611,0.7274135572559701,0.6291587293936992,1.01119138829764,1.0702757567941206,-0.0972361703871966,0.4986738375667094
45.9,8.4,2013.0,7.0,11.0,8.017482517482517,29.173892773892774,29.049883449883453,64.22657342657342,42.739627039627045,344.28421603443354,-0.8121242937467013,0.3246092273252611,0.7274135572559701,0.6291587293936992,1.01119138829764,1.0702757567941206,-0.0972361703871966,0.4986738375667094
45.9,9.7,2013.0,7.0,11.0,11.0,11.0,14.0,114.0,3.0,1054.2858,-1.426411330750299,0.6092751427292463,0.3480026988183421,0.5244940559553466,-0.1972903159979104,0.5253853772625677,-0.0468341826025834,3.753520032503973
45.9,13.2,2013.0,7.0,11.0,8.017482517482517,29.173892773892774,29.049883449883453,64.22657342657342,42.739627039627045,344.28421603443354,-0.8121242937467013,0.3246092273252611,0.7274135572559701,0.6291587293936992,1.01119138829764,1.0702757567941206,-0.0972361703871966,0.4986738375667094
45.9,18.0,2013.0,7.0,11.0,8.017482517482517,29.173892773892774,29.049883449883453,64.22657342657342,42.739627039627045,344.28421603443354,-0.8121242937467013,0.3246092273252611,0.7274135572559701,0.6291587293936992,1.01119138829764,1.0702757567941206,-0.0972361703871966,0.4986738375667094
45.9,19.0,2013.0,7.0,11.0,8.017482517482517,29.173892773892774,29.049883449883453,64.22657342657342,42.739627039627045,344.28421603443354,-0.8121242937467013,0.3246092273252611,0.7274135572559701,0.6291587293936992,1.01119138829764,1.0702757567941206,-0.0972361703871966,0.4986738375667094
45.9,22.7,2013.0,7.0,11.0,11.0,10.0,26.0,96.0,39.0,299.04227,-1.406556864491625,0.9609952894728911,0.8595678530976764,0.9085743780581532,0.799849323527775,1.450309623850721,1.255519058173958,1.381683543185401
46.0,4.1,2013.0,7.0,11.0,12.0,51.0,41.0,79.0,69.0,367.36807,-1.3590057997484553,1.124437898829772,0.6680622343891297,0.7935673489577989,0.8936334374387546,0.0643096985569363,-0.7758271106237343,-0.5313163907353988
46.0,4.8,2013.0,7.0,11.0,8.017482517482517,29.173892773892774,29.049883449883453,64.22657342657342,42.739627039627045,344.28421603443354,-0.8121242937467013,0.3246092273252611,0.7274135572559701,0.6291587293936992,1.01119138829764,1.0702757567941206,-0.0972361703871966,0.4986738375667094
46.0,8.8,2013.0,7.0,11.0,6.0,18.0,35.5,77.0,25.0,540.860045,-0.5097366333468093,-0.2809543440188872,0.4677813224586614,0.2211894233558717,-0.6776538025510882,0.3509265075293198,-0.2800022376496794,2.7744766530761287
46.0,9.0,2013.0,7.0,11.0,6.5,38.0,43.0,57.0,65.5,625.387815,-0.4557613984401313,0.0420467995465755,0.6203912646233172,0.2987030433301403,0.5125774275047865,0.7875419335338485,-0.0308568937010062,2.5674991785515013
46.0,9.4,2013.0,7.0,11.0,8.017482517482517,29.173892773892774,29.049883449883453,64.22657342657342,42.739627039627045,344.28421603443354,-0.8121242937467013,0.3246092273252611,0.7274135572559701,0.6291587293936992,1.01119138829764,1.0702757567941206,-0.0972361703871966,0.4986738375667094
46.0,12.6,2013.0,7.0,11.0,1.0,25.0,41.0,34.0,31.0,84.101234,0.3741217535056063,-1.1064141034524064,0.4607774018299628,-0.0266257066764647,0.1423187318632995,1.2017262408544849,0.0741640674535692,2.563832796789197
46.0,14.2,2013.0,7.0,11.0,1.0,25.0,35.0,32.0,25.0,614.998,0.13947094537177496,-1.21331602561463,0.08033753637532005,0.19083964711091006,0.26278881358199496,0.6446487873758182,0.3370660796176492,0.7135348934615332
46.0,14.3,2013.0,7.0,11.0,11.0,10.0,55.0,107.0,11.0,495.06937,-1.2995373830536507,0.5997904310489683,0.9877439352502617,0.34263500739625485,-0.26778333213475497,1.1776478764354874,0.0035326643683214476,1.1084543708941204
46.0,14.9,2013.0,7.0,11.0,8.017482517482517,29.173892773892774,29.049883449883453,64.22657342657342,42.739627039627045,344.28421603443354,-0.8121242937467013,0.3246092273252611,0.7274135572559701,0.6291587293936992,1.01119138829764,1.0702757567941206,-0.0972361703871966,0.4986738375667094
46.0,16.5,2013.0,7.0,11.0,8.017482517482517,29.173892773892774,29.049883449883453,64.22657342657342,42.739627039627045,344.28421603443354,-0.8121242937467013,0.3246092273252611,0.7274135572559701,0.6291587293936992,1.01119138829764,1.0702757567941206,-0.0972361703871966,0.4986738375667094
46.0,17.5,2013.0,7.0,11.0,8.017482517482517,29.173892773892774,29.049883449883453,64.22657342657342,42.739627039627045,344.28421603443354,-0.8121242937467013,0.3246092273252611,0.7274135572559701,0.6291587293936992,1.01119138829764,1.0702757567941206,-0.0972361703871966,0.4986738375667094
46.0,18.1,2013.0,7.0,11.0,8.017482517482517,29.173892773892774,29.049883449883453,64.22657342657342,42.739627039627045,344.28421603443354,-0.8121242937467013,0.3246092273252611,0.7274135572559701,0.6291587293936992,1.01119138829764,1.0702757567941206,-0.0972361703871966,0.4986738375667094
46.0,18.9,2013.0,7.0,11.0,11.0,10.0,39.0,101.0,24.0,85.22154,-1.419977463160622,0.8608278813428004,1.202804273394479,1.3069788960531472,0.4571725188416307,1.2097269194961389,-0.6275318203708458,-0.3987768744618249
46.0,19.6,2013.0,7.0,11.0,1.0,25.0,16.0,25.0,10.0,109.44237,0.3156321683609341,-1.033493128190072,0.7521868235421738,0.1601113201758167,0.7939725739190332,1.6178132685766156,-0.6241633108274331,-0.5313163907353988
46.0,20.4,2013.0,7.0,11.0,8.017482517482517,29.173892773892774,29.049883449883453,64.22657342657342,42.739627039627045,344.28421603443354,-0.8121242937467013,0.3246092273252611,0.7274135572559701,0.6291587293936992,1.01119138829764,1.0702757567941206,-0.0972361703871966,0.4986738375667094
46.0,23.7,2013.0,7.0,11.0,8.017482517482517,29.173892773892774,29.049883449883453,64.22657342657342,42.739627039627045,344.28421603443354,-0.8121242937467013,0.3246092273252611,0.7274135572559701,0.6291587293936992,1.01119138829764,1.0702757567941206,-0.0972361703871966,0.4986738375667094
46.0,24.2,2013.0,7.0,11.0,11.0,10.0,24.0,95.0,46.0,419.14838,-1.3964443444036505,0.998316063338387,0.8319469278634752,1.0319943890507577,0.7429602049678191,1.4458507419454656,2.041281633742293,2.1424235183443834
46.0,26.8,2013.0,7.0,11.0,8.017482517482517,29.173892773892774,29.049883449883453,64.22657342657342,42.739627039627045,344.28421603443354,-0.8121242937467013,0.3246092273252611,0.7274135572559701,0.6291587293936992,1.01119138829764,1.0702757567941206,-0.0972361703871966,0.4986738375667094
46.1,0.1,2013.0,7.0,11.0,12.0,51.0,52.0,83.0,52.0,142.65,-1.3866276839722425,1.0286954997804278,0.9700445047973398,0.927533062631436,0.9834578983340728,0.3670437222398145,-0.7758271106237343,-0.5313163907353988
46.1,1.1,2013.0,7.0,11.0,8.017482517482517,29.173892773892774,29.049883449883453,64.22657342657342,42.739627039627045,344.28421603443354,-0.8121242937467013,0.3246092273252611,0.7274135572559701,0.6291587293936992,1.01119138829764,1.0702757567941206,-0.0972361703871966,0.4986738375667094
46.1,2.7,2013.0,7.0,11.0,8.017482517482517,29.173892773892774,29.049883449883453,64.22657342657342,42.739627039627045,344.28421603443354,-0.8121242937467013,0.3246092273252611,0.7274135572559701,0.6291587293936992,1.01119138829764,1.0702757567941206,-0.0972361703871966,0.4986738375667094
46.1,3.6,2013.0,7.0,11.0,8.017482517482517,29.173892773892774,29.049883449883453,64.22657342657342,42.739627039627045,344.28421603443354,-0.8121242937467013,0.3246092273252611,0.7274135572559701,0.6291587293936992,1.01119138829764,1.0702757567941206,-0.0972361703871966,0.4986738375667094
46.1,4.6,2013.0,7.0,11.0,12.0,51.0,41.0,79.0,71.0,409.20355,-1.3534823661987887,1.1354971097663331,0.7529582114935143,0.8056304247407245,1.076231796623938,0.3188891269608682,-0.7758271106237343,-0.5313163907353988
46.1,5.9,2013.0,7.0,11.0,1.0,25.0,57.0,40.0,61.0,525.48956,0.4210646573903662,-1.180110780009994,0.430417344444784,-0.1090782590036836,1.3932476662832571,1.1326216513685627,-0.580008653247672,2.1897912269424302
46.1,6.2,2013.0,7.0,11.0,8.017482517482517,29.173892773892774,29.049883449883453,64.22657342657342,42.739627039627045,344.28421603443354,-0.8121242937467013,0.3246092273252611,0.7274135572559701,0.6291587293936992,1.01119138829764,1.0702757567941206,-0.0972361703871966,0.4986738375667094
46.1,6.4,2013.0,7.0,11.0,12.0,51.0,39.0,78.0,77.0,859.8609,-1.3371990432455694,1.1743421542784205,0.6274505721153603,0.6615744625794946,0.8658685988983691,0.2315073441388094,-0.4630814641816332,-0.0316872430017672
46.1,7.5,2013.0,7.0,11.0,8.017482517482517,29.173892773892774,29.049883449883453,64.22657342657342,42.739627039627045,344.28421603443354,-0.8121242937467013,0.3246092273252611,0.7274135572559701,0.6291587293936992,1.01119138829764,1.0702757567941206,-0.0972361703871966,0.4986738375667094
46.1,9.4,2013.0,7.0,11.0,1.0,25.0,49.0,37.0,45.0,1356.3186,0.397043251186194,-1.1409774524609158,0.3027405540911845,-0.2840889554607395,0.335359572761054,0.7202887170632435,-0.1410004819037412,3.282439324093436
46.1,11.2,2013.0,7.0,11.0,1.0,25.0,44.0,35.0,37.0,807.2222,0.3832375545002733,-1.121589801866965,0.2145324425586492,-0.3659770353035407,0.8857302224476883,0.8815672079933722,1.5358611929005788,2.6559318062815973
46.1,11.5,2013.0,7.0,11.0,8.017482517482517,29.173892773892774,29.049883449883453,64.22657342657342,42.739627039627045,344.28421603443354,-0.8121242937467013,0.3246092273252611,0.7274135572559701,0.6291587293936992,1.01119138829764,1.0702757567941206,-0.0972361703871966,0.4986738375667094
46.1,12.8,2013.0,7.0,11.0,11.0,11.0,3.0,110.0,8.0,130.44127,-1.4267908747867803,0.6929744912301911,1.0391763735592918,0.989358546761892,0.5459245370460917,1.1167441012346673,0.2279509576244991,-0.013616203643665
46.1,16.3,2013.0,7.0,11.0,11.0,10.0,50.0,105.0,16.0,233.69339,-1.424144932056639,0.7893813285263034,0.8227325678702948,1.0096674430575654,0.2046347548878218,1.7975950637947018,0.3716156140829317,1.3912009640900929
46.1,17.3,2013.0,7.0,11.0,8.017482517482517,29.173892773892774,29.049883449883453,64.22657342657342,42.739627039627045,344.28421603443354,-0.8121242937467013,0.3246092273252611,0.7274135572559701,0.6291587293936992,1.01119138829764,1.0702757567941206,-0.0972361703871966,0.4986738375667094
46.1,18.9,2013.0,7.0,11.0,8.017482517482517,29.173892773892774,29.049883449883453,64.22657342657342,42.739627039627045,344.28421603443354,-0.8121242937467013,0.3246092273252611,0.7274135572559701,0.6291587293936992,1.01119138829764,1.0702757567941206,-0.0972361703871966,0.4986738375667094
46.1,19.1,2013.0,7.0,11.0,1.0,25.0,16.0,25.0,11.0,109.89709,0.3175830039912211,-1.0379573387594043,0.5932728492947543,0.057514610303744,-0.2948545672566882,1.0442921573985813,-0.5039512016334255,-0.0716987088621365
46.1,20.5,2013.0,7.0,11.0,8.017482517482517,29.173892773892774,29.049883449883453,64.22657342657342,42.739627039627045,344.28421603443354,-0.8121242937467013,0.3246092273252611,0.7274135572559701,0.6291587293936992,1.01119138829764,1.0702757567941206,-0.0972361703871966,0.4986738375667094
46.1,22.6,2013.0,7.0,11.0,11.0,10.0,29.0,97.0,39.0,525.2691,-1.4036471297300892,0.958250939955965,0.9023486663468911,0.8963239523233173,0.8015776018203434,1.4813642362994688,1.191057612993781,1.4008386036977734
46.2,0.1,2013.0,7.0,11.0,8.017482517482517,29.173892773892774,29.049883449883453,64.22657342657342,42.739627039627045,344.28421603443354,-0.8121242937467013,0.3246092273252611,0.7274135572559701,0.6291587293936992,1.01119138829764,1.0702757567941206,-0.0972361703871966,0.4986738375667094
46.2,3.0,2013.0,7.0,11.0,12.0,51.0,47.0,81.0,65.0,485.11584,-1.3640179365033749,1.097591625337363,0.7339162078748175,0.8915707548364822,0.7192221492516658,-0.0354372907318482,-0.7758271106237343,-0.5313163907353988
46.2,3.3,2013.0,7.0,11.0,8.017482517482517,29.173892773892774,29.049883449883453,64.22657342657342,42.739627039627045,344.28421603443354,-0.8121242937467013,0.3246092273252611,0.7274135572559701,0.6291587293936992,1.01119138829764,1.0702757567941206,-0.0972361703871966,0.4986738375667094
46.2,4.8,2013.0,7.0,11.0,12.0,51.0,44.0,80.0,72.0,208.25725,-1.3480858807735132,1.1383099024329175,0.8167910679839789,0.8047453577265259,1.1119282608983434,0.365352777225473,-0.7758271106237343,-0.5313163907353988
46.2,5.1,2013.0,7.0,11.0,8.017482517482517,29.173892773892774,29.049883449883453,64.22657342657342,42.739627039627045,344.28421603443354,-0.8121242937467013,0.3246092273252611,0.7274135572559701,0.6291587293936992,1.01119138829764,1.0702757567941206,-0.0972361703871966,0.4986738375667094
46.2,8.0,2013.0,7.0,11.0,8.017482517482517,29.173892773892774,29.049883449883453,64.22657342657342,42.739627039627045,344.28421603443354,-0.8121242937467013,0.3246092273252611,0.7274135572559701,0.6291587293936992,1.01119138829764,1.0702757567941206,-0.0972361703871966,0.4986738375667094
46.2,9.1,2013.0,7.0,11.0,8.017482517482517,29.173892773892774,29.049883449883453,64.22657342657342,42.739627039627045,344.28421603443354,-0.8121242937467013,0.3246092273252611,0.7274135572559701,0.6291587293936992,1.01119138829764,1.0702757567941206,-0.0972361703871966,0.4986738375667094
46.2,9.9,2013.0,7.0,11.0,12.0,51.0,36.0,77.0,86.0,1485.8091,-1.3010876134011713,1.2443944539010812,0.2505379318697106,0.4282163692457688,-0.5876307933043532,-0.2670670439808231,0.0823441284434466,0.28012117147202
46.2,10.3,2013.0,7.0,11.0,8.017482517482517,29.173892773892774,29.049883449883453,64.22657342657342,42.739627039627045,344.28421603443354,-0.8121242937467013,0.3246092273252611,0.7274135572559701,0.6291587293936992,1.01119138829764,1.0702757567941206,-0.0972361703871966,0.4986738375667094
46.2,12.8,2013.0,7.0,11.0,8.017482517482517,29.173892773892774,29.049883449883453,64.22657342657342,42.739627039627045,344.28421603443354,-0.8121242937467013,0.3246092273252611,0.7274135572559701,0.6291587293936992,1.01119138829764,1.0702757567941206,-0.0972361703871966,0.4986738375667094
46.2,14.4,2013.0,7.0,11.0,8.017482517482517,29.173892773892774,29.049883449883453,64.22657342657342,42.739627039627045,344.28421603443354,-0.8121242937467013,0.3246092273252611,0.7274135572559701,0.6291587293936992,1.01119138829764,1.0702757567941206,-0.0972361703871966,0.4986738375667094
46.2,14.6,2013.0,7.0,11.0,11.0,10.0,58.0,108.0,12.0,558.3702,-1.4235675605263152,0.744192781557486,0.7624142596176656,0.6252915602547645,0.5693263151631307,1.2158656689339469,0.694824503916472,0.3812581383759757
46.2,15.9,2013.0,7.0,11.0,11.0,10.0,52.0,106.0,15.0,286.012,-1.42318290330149,0.7780066412798494,0.7964721454066654,0.92152494348396,0.1983371491496166,1.632319556788283,0.375520749840615,1.4220523293102567
46.2,19.6,2013.0,7.0,11.0,8.017482517482517,29.173892773892774,29.049883449883453,64.22657342657342,42.739627039627045,344.28421603443354,-0.8121242937467013,0.3246092273252611,0.7274135572559701,0.6291587293936992,1.01119138829764,1.0702757567941206,-0.0972361703871966,0.4986738375667094
46.2,21.0,2013.0,7.0,11.0,8.017482517482517,29.173892773892774,29.049883449883453,64.22657342657342,42.739627039627045,344.28421603443354,-0.8121242937467013,0.3246092273252611,0.7274135572559701,0.6291587293936992,1.01119138829764,1.0702757567941206,-0.0972361703871966,0.4986738375667094
46.3,2.5,2013.0,7.0,11.0,12.0,51.0,49.0,82.0,63.0,393.9082,-1.366067619761768,1.0846818735425792,0.6707338952702105,0.7671954205977112,0.755745793564266,-0.1050395849584078,-0.7758271106237343,-0.5313163907353988
46.3,6.7,2013.0,7.0,11.0,8.0,29.0,43.0,79.66666666666667,45.333333333333336,1204.6928666666663,-0.7757462126508704,0.1799485964972899,0.3116699234965979,0.2423116499384683,0.8095000087292162,0.0873158905895727,-0.6496639974037929,0.1553666972220401
46.3,9.4,2013.0,7.0,11.0,11.5,31.0,30.5,97.5,44.0,1667.31915,-1.360206131731899,0.9181233223356388,0.2191698335716115,0.4489827385921197,-0.095862719113632,-0.3354717321026201,-0.347587846611991,0.2236660772283441
46.3,10.2,2013.0,7.0,11.0,1.0,25.0,44.0,35.0,42.0,1562.1666,0.3877389234109641,-1.1334197341850227,-0.1145762994491558,-0.6669821895061822,0.5691317141450265,0.1217581707339771,0.220771744924095,1.9050665081409377
46.3,12.8,2013.0,7.0,11.0,8.017482517482517,29.173892773892774,29.049883449883453,64.22657342657342,42.739627039627045,344.28421603443354,-0.8121242937467013,0.3246092273252611,0.7274135572559701,0.6291587293936992,1.01119138829764,1.0702757567941206,-0.0972361703871966,0.4986738375667094
46.3,13.6,2013.0,7.0,11.0,11.0,11.0,3.0,110.0,10.0,1142.7135,-1.4217977141317049,0.7179685066527379,0.7051512921540287,0.6068569710210924,0.373240395750303,0.8353966548645869,0.8381883188155457,-0.0921260347988157
46.3,14.2,2013.0,7.0,11.0,8.017482517482517,29.173892773892774,29.049883449883453,64.22657342657342,42.739627039627045,344.28421603443354,-0.8121242937467013,0.3246092273252611,0.7274135572559701,0.6291587293936992,1.01119138829764,1.0702757567941206,-0.0972361703871966,0.4986738375667094
46.3,16.5,2013.0,7.0,11.0,11.0,10.0,52.0,106.0,17.0,158.56342,-1.4188340043776977,0.7955810758371569,0.7298256362581736,0.930147078986326,-0.2807558994907961,1.6062249193916232,0.432713531007932,2.051383254569232
46.3,17.3,2013.0,7.0,11.0,8.017482517482517,29.173892773892774,29.049883449883453,64.22657342657342,42.739627039627045,344.28421603443354,-0.8121242937467013,0.3246092273252611,0.7274135572559701,0.6291587293936992,1.01119138829764,1.0702757567941206,-0.0972361703871966,0.4986738375667094
46.4,0.9,2013.0,7.0,11.0,8.017482517482517,29.173892773892774,29.049883449883453,64.22657342657342,42.739627039627045,344.28421603443354,-0.8121242937467013,0.3246092273252611,0.7274135572559701,0.6291587293936992,1.01119138829764,1.0702757567941206,-0.0972361703871966,0.4986738375667094
46.4,3.8,2013.0,7.0,11.0,8.017482517482517,29.173892773892774,29.049883449883453,64.22657342657342,42.739627039627045,344.28421603443354,-0.8121242937467013,0.3246092273252611,0.7274135572559701,0.6291587293936992,1.01119138829764,1.0702757567941206,-0.0972361703871966,0.4986738375667094
46.4,4.5,2013.0,7.0,11.0,6.5,38.0,51.0,60.0,69.0,404.680775,-0.462552517005904,-0.0332079092650289,0.5310718912052632,0.3888268493994874,1.0733410663840772,0.6428111803858823,-0.7345073743630386,0.0672636616183713
46.4,4.9,2013.0,7.0,11.0,8.017482517482517,29.173892773892774,29.049883449883453,64.22657342657342,42.739627039627045,344.28421603443354,-0.8121242937467013,0.3246092273252611,0.7274135572559701,0.6291587293936992,1.01119138829764,1.0702757567941206,-0.0972361703871966,0.4986738375667094
46.4,8.6,2013.0,7.0,11.0,8.017482517482517,29.173892773892774,29.049883449883453,64.22657342657342,42.739627039627045,344.28421603443354,-0.8121242937467013,0.3246092273252611,0.7274135572559701,0.6291587293936992,1.01119138829764,1.0702757567941206,-0.0972361703871966,0.4986738375667094
46.4,9.7,2013.0,7.0,11.0,8.017482517482517,29.173892773892774,29.049883449883453,64.22657342657342,42.739627039627045,344.28421603443354,-0.8121242937467013,0.3246092273252611,0.7274135572559701,0.6291587293936992,1.01119138829764,1.0702757567941206,-0.0972361703871966,0.4986738375667094
46.4,11.4,2013.0,7.0,11.0,8.0,29.0,30.33333333333333,75.0,44.0,1087.1010666666666,-0.7744662479015508,0.2689998517705517,0.2172151808124039,0.0630812726679785,-0.1279577781079654,-0.1010641808318836,0.0786548705797264,0.0436226750592768
46.4,12.0,2013.0,7.0,11.0,11.0,11.0,11.0,113.0,7.0,1665.4917,-1.4193397471920026,0.6742226627776048,0.374421225600976,0.5124132142287041,0.2083398174759223,0.0739369424952377,0.4591565131148348,-0.3259161932920847
46.4,13.3,2013.0,7.0,11.0,1.0,25.0,33.0,31.0,29.0,955.13776,0.3620555105990989,-1.100051490883281,0.3445445444777334,-0.3189263560013329,0.7935484241547675,0.7136316718010011,-0.4432881156381071,0.0842036251697799
46.4,13.6,2013.0,7.0,11.0,8.017482517482517,29.173892773892774,29.049883449883453,64.22657342657342,42.739627039627045,344.28421603443354,-0.8121242937467013,0.3246092273252611,0.7274135572559701,0.6291587293936992,1.01119138829764,1.0702757567941206,-0.0972361703871966,0.4986738375667094
46.4,14.9,2013.0,7.0,11.0,6.0,18.0,13.5,69.0,18.0,809.890515,-0.5346862044531576,-0.1651862643906904,0.5111104656550124,0.2352321905487485,0.7797528713597104,1.246272639667953,0.7255186304045523,0.4513918949850752
46.4,15.6,2013.0,7.0,11.0,1.0,25.0,25.0,28.0,21.0,474.43985,0.3428731200531292,-1.075877554411088,0.5434438059261635,0.1147685940990025,0.6980523744139803,1.4596256557123948,0.7976493945200318,0.8208526447014745
46.4,16.8,2013.0,7.0,11.0,11.0,10.0,53.0,106.0,18.0,154.95969,-1.416692195570701,0.8039510106872513,0.7455514773132021,0.9235849854120834,-0.2676345612824935,1.609328569142417,0.4245139377181474,2.18006743273597
46.4,17.7,2013.0,7.0,11.0,1.0,25.0,16.0,25.0,15.0,156.792,0.3244299378564765,-1.0539549682597285,0.8105575282727472,0.1367281080744396,0.7529472096721247,0.8119039224553124,-0.7376493147451285,-0.1377076552812764
46.4,18.1,2013.0,7.0,11.0,11.0,10.0,47.0,104.0,22.0,147.24112,-1.4147471343169058,0.8392321050981584,1.0450705428532865,1.0225687483667112,0.6403119392554444,1.5780010596717011,0.0412115767235266,0.535794854658831
46.4,19.2,2013.0,7.0,11.0,8.017482517482517,29.173892773892774,29.049883449883453,64.22657342657342,42.739627039627045,344.28421603443354,-0.8121242937467013,0.3246092273252611,0.7274135572559701,0.6291587293936992,1.01119138829764,1.0702757567941206,-0.0972361703871966,0.4986738375667094
46.4,19.9,2013.0,7.0,11.0,8.017482517482517,29.173892773892774,29.049883449883453,64.22657342657342,42.739627039627045,344.28421603443354,-0.8121242937467013,0.3246092273252611,0.7274135572559701,0.6291587293936992,1.01119138829764,1.0702757567941206,-0.0972361703871966,0.4986738375667094
46.4,21.5,2013.0,7.0,11.0,8.017482517482517,29.173892773892774,29.049883449883453,64.22657342657342,42.739627039627045,344.28421603443354,-0.8121242937467013,0.3246092273252611,0.7274135572559701,0.6291587293936992,1.01119138829764,1.0702757567941206,-0.0972361703871966,0.4986738375667094
46.4,22.8,2013.0,7.0,11.0,8.017482517482517,29.173892773892774,29.049883449883453,64.22657342657342,42.739627039627045,344.28421603443354,-0.8121242937467013,0.3246092273252611,0.7274135572559701,0.6291587293936992,1.01119138829764,1.0702757567941206,-0.0972361703871966,0.4986738375667094
46.5,-1.6,2013.0,7.0,11.0,12.0,52.0,2.0,87.0,45.0,32.340237,-1.3886801662604618,0.984093380586726,1.1292706595472624,0.8212701080107679,1.8441681445085305,0.968355889408088,-0.5426554139614014,-0.5313163907353988
46.5,0.2,2013.0,7.0,11.0,8.017482517482517,29.173892773892774,29.049883449883453,64.22657342657342,42.739627039627045,344.28421603443354,-0.8121242937467013,0.3246092273252611,0.7274135572559701,0.6291587293936992,1.01119138829764,1.0702757567941206,-0.0972361703871966,0.4986738375667094
46.5,0.6,2013.0,7.0,11.0,12.0,51.0,57.0,85.0,55.0,114.536934,-1.3751400247743302,1.0373035137586335,0.841430165902355,0.8583807418040666,0.8371664572630325,0.1170581906956552,-0.7758271106237343,-0.5313163907353988
46.5,2.5,2013.0,7.0,11.0,8.017482517482517,29.173892773892774,29.049883449883453,64.22657342657342,42.739627039627045,344.28421603443354,-0.8121242937467013,0.3246092273252611,0.7274135572559701,0.6291587293936992,1.01119138829764,1.0702757567941206,-0.0972361703871966,0.4986738375667094
46.5,3.4,2013.0,7.0,11.0,8.017482517482517,29.173892773892774,29.049883449883453,64.22657342657342,42.739627039627045,344.28421603443354,-0.8121242937467013,0.3246092273252611,0.7274135572559701,0.6291587293936992,1.01119138829764,1.0702757567941206,-0.0972361703871966,0.4986738375667094
46.5,4.1,2013.0,7.0,11.0,8.017482517482517,29.173892773892774,29.049883449883453,64.22657342657342,42.739627039627045,344.28421603443354,-0.8121242937467013,0.3246092273252611,0.7274135572559701,0.6291587293936992,1.01119138829764,1.0702757567941206,-0.0972361703871966,0.4986738375667094
46.5,5.7,2013.0,7.0,11.0,12.0,51.0,47.0,81.0,75.0,559.6886,-1.3364079095870396,1.1533595452472905,0.7272013059694081,0.7123366090324788,1.0284414070616186,0.0913683375159154,-0.6883260618977207,-0.5313163907353988
46.5,6.9,2013.0,7.0,11.0,8.017482517482517,29.173892773892774,29.049883449883453,64.22657342657342,42.739627039627045,344.28421603443354,-0.8121242937467013,0.3246092273252611,0.7274135572559701,0.6291587293936992,1.01119138829764,1.0702757567941206,-0.0972361703871966,0.4986738375667094
46.5,7.9,2013.0,7.0,11.0,8.017482517482517,29.173892773892774,29.049883449883453,64.22657342657342,42.739627039627045,344.28421603443354,-0.8121242937467013,0.3246092273252611,0.7274135572559701,0.6291587293936992,1.01119138829764,1.0702757567941206,-0.0972361703871966,0.4986738375667094
46.5,8.1,2013.0,7.0,11.0,12.0,51.0,44.0,80.0,82.0,2677.935,-0.8809160042475688,1.5065441827030464,0.22401968973048295,0.772869259759156,-0.428218737785148,0.3890646791311395,0.06379882645994872,0.05391849084230638
46.5,8.2,2013.0,7.0,11.0,8.017482517482517,29.173892773892774,29.049883449883453,64.22657342657342,42.739627039627045,344.28421603443354,-0.9485786459726011,-0.46910417309113184,0.8709268212292602,-0.04155110095896963,1.4598753623832819,0.7114922180170893,-0.1250387234076223,0.17978202706857888
46.5,8.8,2013.0,7.0,11.0,8.017482517482517,29.173892773892774,29.049883449883453,64.22657342657342,42.739627039627045,344.28421603443354,-0.8121242937467013,0.3246092273252611,0.7274135572559701,0.6291587293936992,1.01119138829764,1.0702757567941206,-0.0972361703871966,0.4986738375667094
46.5,9.2,2013.0,7.0,11.0,8.017482517482517,29.173892773892774,29.049883449883453,64.22657342657342,42.739627039627045,344.28421603443354,-0.8121242937467013,0.3246092273252611,0.7274135572559701,0.6291587293936992,1.01119138829764,1.0702757567941206,-0.0972361703871966,0.4986738375667094
46.5,10.8,2013.0,7.0,11.0,8.017482517482517,29.173892773892774,29.049883449883453,64.22657342657342,42.739627039627045,344.28421603443354,-0.8121242937467013,0.3246092273252611,0.7274135572559701,0.6291587293936992,1.01119138829764,1.0702757567941206,-0.0972361703871966,0.4986738375667094
46.5,11.7,2013.0,7.0,11.0,8.017482517482517,29.173892773892774,29.049883449883453,64.22657342657342,42.739627039627045,344.28421603443354,-0.8121242937467013,0.3246092273252611,0.7274135572559701,0.6291587293936992,1.01119138829764,1.0702757567941206,-0.0972361703871966,0.4986738375667094
46.5,12.9,2013.0,7.0,11.0,8.017482517482517,29.173892773892774,29.049883449883453,64.22657342657342,42.739627039627045,344.28421603443354,-0.8121242937467013,0.3246092273252611,0.7274135572559701,0.6291587293936992,1.01119138829764,1.0702757567941206,-0.0972361703871966,0.4986738375667094
46.5,13.6,2013.0,7.0,11.0,1.0,25.0,30.0,30.0,28.0,1204.7823,0.3576885832784748,-1.0970373551518882,0.2387979309079073,-0.4023568427758092,0.7843013558797644,0.7118819509715173,-0.258838251342169,-0.099314369087613
46.5,14.0,2013.0,7.0,11.0,12.0,51.0,39.0,78.0,93.0,929.91724,-1.2512280763585324,1.316232040339638,0.5715209175075726,0.4681251391742821,0.4472745177037442,0.8118362846547387,1.919521359145022,0.286481536330725
46.5,14.5,2013.0,7.0,11.0,8.017482517482517,29.173892773892774,29.049883449883453,64.22657342657342,42.739627039627045,344.28421603443354,-0.8121242937467013,0.3246092273252611,0.7274135572559701,0.6291587293936992,1.01119138829764,1.0702757567941206,-0.0972361703871966,0.4986738375667094
46.5,15.2,2013.0,7.0,11.0,11.0,11.0,0.0,109.0,14.0,762.6323,-1.415854359989327,0.7617039246000559,0.756083037620162,0.6366666094901544,0.5668628774688357,1.2882630073009758,0.9109722452469556,0.8078313682265931
46.5,16.4,2013.0,7.0,11.0,11.0,10.0,55.0,107.0,17.0,192.43027,-1.4156645549116784,0.7932578111459929,0.7050989263923194,0.9090597113387446,-0.2612242931202411,1.5820114990494538,0.4080391379640233,2.408203655590017
46.5,17.7,2013.0,7.0,11.0,8.017482517482517,29.173892773892774,29.049883449883453,64.22657342657342,42.739627039627045,344.28421603443354,-0.8121242937467013,0.3246092273252611,0.7274135572559701,0.6291587293936992,1.01119138829764,1.0702757567941206,-0.0972361703871966,0.4986738375667094
46.5,18.7,2013.0,7.0,11.0,8.017482517482517,29.173892773892774,29.049883449883453,64.22657342657342,42.739627039627045,344.28421603443354,-0.49336468299380426,0.6810225130555272,0.9024992695301531,-0.06342191622057702,1.343313082561256,0.46199082409061154,-0.3995125374532353,0.31084893650807477
46.5,18.8,2013.0,7.0,11.0,8.017482517482517,29.173892773892774,29.049883449883453,64.22657342657342,42.739627039627045,344.28421603443354,-0.8657987514002983,0.22492954949159316,0.6585602241354459,1.2053184169900093,1.1447939676907533,0.7488475396859329,-0.09076534297694333,-0.7802914962645506
46.5,19.3,2013.0,7.0,11.0,8.017482517482517,29.173892773892774,29.049883449883453,64.22657342657342,42.739627039627045,344.28421603443354,-0.8121242937467013,0.3246092273252611,0.7274135572559701,0.6291587293936992,1.01119138829764,1.0702757567941206,-0.0972361703871966,0.4986738375667094
46.5,20.3,2013.0,7.0,11.0,6.0,17.5,24.0,61.5,19.5,77.94333,-0.5525217657617212,-0.0653384661442256,0.9772795397012718,0.864740142111376,0.6533266994642971,1.2809205917242497,-0.539147269440529,-0.4825643579988605
46.5,20.9,2013.0,7.0,11.0,1.0,25.0,3.0,20.0,8.0,90.8403,0.2949394036891825,-1.02101811305359,0.5719448787706468,0.1521925545360167,1.1846756024762592,1.743385256322972,-0.3850034458003942,-0.5313163907353988
46.5,22.4,2013.0,7.0,11.0,11.0,10.0,37.0,100.0,39.0,417.6169,-1.3949536957242803,0.9499489576236312,0.8941232136229235,0.8854382740829987,0.7355972969378709,1.3360712032081978,1.147141498868354,1.1009350227022872
46.5,24.0,2013.0,7.0,11.0,11.0,10.0,32.0,98.0,46.0,324.99414,-1.387972165991724,0.98984186921014,0.8522537660342364,1.0340374725780583,0.7227409329065452,1.3951505413512866,1.8597136775336545,1.751639345052795
46.5,25.1,2013.0,7.0,11.0,11.0,10.0,29.0,97.0,51.0,623.7035,-1.3813421459181792,1.01648121869991,0.7068833904259711,0.7397639959578528,0.8460565055823401,1.2919390370520003,1.439130622642361,2.7603332819143067
46.5,27.2,2013.0,7.0,11.0,8.017482517482517,29.173892773892774,29.049883449883453,64.22657342657342,42.739627039627045,344.28421603443354,-0.8121242937467013,0.3246092273252611,0.7274135572559701,0.6291587293936992,1.01119138829764,1.0702757567941206,-0.0972361703871966,0.4986738375667094
46.6,1.8,2013.0,7.0,11.0,8.017482517482517,29.173892773892774,29.049883449883453,64.22657342657342,42.739627039627045,344.28421603443354,-0.8121242937467013,0.3246092273252611,0.7274135572559701,0.6291587293936992,1.01119138829764,1.0702757567941206,-0.0972361703871966,0.4986738375667094
46.6,6.0,2013.0,7.0,11.0,8.017482517482517,29.173892773892774,29.049883449883453,64.22657342657342,42.739627039627045,344.28421603443354,-0.8121242937467013,0.3246092273252611,0.7274135572559701,0.6291587293936992,1.01119138829764,1.0702757567941206,-0.0972361703871966,0.4986738375667094
46.6,6.6,2013.0,7.0,11.0,6.5,38.0,47.0,58.5,68.5,582.39066,-0.4601988635163306,-0.0007253975943837,0.3712490688820127,0.2141549171873715,0.7950824785629877,0.1959902658936386,-0.6839143575972284,0.2219459891165475
46.6,7.7,2013.0,7.0,11.0,1.0,25.0,44.0,35.0,54.0,1087.0139,0.398093680796713,-1.1615737502019967,-0.0442933909634637,-0.5533592889298592,0.7985622917297452,0.0907732812588454,-0.587954317810507,0.3871435944522768
46.6,12.4,2013.0,7.0,11.0,11.0,11.0,14.0,114.0,8.0,1793.218,-1.413601956444797,0.6853131514976118,0.1672944973608251,0.3562303803957563,0.1225037723307247,-0.1734075870669843,0.8039522580312738,-0.5313163907353988
46.6,15.6,2013.0,7.0,11.0,11.0,11.0,0.0,109.0,15.0,395.99078,-1.413644162288236,0.7710310822815661,0.6208826971562854,0.7058068171740796,-0.3606848734732679,1.2118324229760389,0.7962909396142944,1.9220272244940628
46.6,17.2,2013.0,7.0,11.0,8.017482517482517,29.173892773892774,29.049883449883453,64.22657342657342,42.739627039627045,344.28421603443354,-0.8121242937467013,0.3246092273252611,0.7274135572559701,0.6291587293936992,1.01119138829764,1.0702757567941206,-0.0972361703871966,0.4986738375667094
46.6,18.0,2013.0,7.0,11.0,8.017482517482517,29.173892773892774,29.049883449883453,64.22657342657342,42.739627039627045,344.28421603443354,-0.8121242937467013,0.3246092273252611,0.7274135572559701,0.6291587293936992,1.01119138829764,1.0702757567941206,-0.0972361703871966,0.4986738375667094
46.6,18.8,2013.0,7.0,11.0,8.017482517482517,29.173892773892774,29.049883449883453,64.22657342657342,42.739627039627045,344.28421603443354,-0.8121242937467013,0.3246092273252611,0.7274135572559701,0.6291587293936992,1.01119138829764,1.0702757567941206,-0.0972361703871966,0.4986738375667094
46.6,21.8,2013.0,7.0,11.0,8.017482517482517,29.173892773892774,29.049883449883453,64.22657342657342,42.739627039627045,344.28421603443354,-0.8121242937467013,0.3246092273252611,0.7274135572559701,0.6291587293936992,1.01119138829764,1.0702757567941206,-0.0972361703871966,0.4986738375667094
46.7,-1.5,2013.0,7.0,11.0,12.0,52.0,5.0,88.0,46.0,63.782352,-1.3840136105108285,0.986096139991051,0.9313512420631336,0.8359875772933909,0.8101314982517893,0.4649575837774061,-0.7758271106237343,-0.5313163907353988
46.7,0.1,2013.0,7.0,11.0,8.017482517482517,29.173892773892774,29.049883449883453,64.22657342657342,42.739627039627045,344.28421603443354,-0.8121242937467013,0.3246092273252611,0.7274135572559701,0.6291587293936992,1.01119138829764,1.0702757567941206,-0.0972361703871966,0.4986738375667094
46.7,3.0,2013.0,7.0,11.0,1.0,25.0,52.0,38.0,73.0,230.9031,0.4260955498490804,-1.2145097428013505,0.3654858139922884,0.0003696447994634,1.419826544872225,1.0829871045225363,-0.7113105247677524,0.3644927613774932
46.7,3.7,2013.0,7.0,11.0,8.017482517482517,29.173892773892774,29.049883449883453,64.22657342657342,42.739627039627045,344.28421603443354,-0.8121242937467013,0.3246092273252611,0.7274135572559701,0.6291587293936992,1.01119138829764,1.0702757567941206,-0.0972361703871966,0.4986738375667094
46.7,4.1,2013.0,7.0,11.0,8.017482517482517,29.173892773892774,29.049883449883453,64.22657342657342,42.739627039627045,344.28421603443354,-0.8121242937467013,0.3246092273252611,0.7274135572559701,0.6291587293936992,1.01119138829764,1.0702757567941206,-0.0972361703871966,0.4986738375667094
46.7,5.0,2013.0,7.0,11.0,12.0,51.0,52.0,83.0,73.0,192.06445,-1.3374298640279905,1.135914760168815,0.7556872733057041,0.7436183982012524,0.9359968722520072,0.0747485961021218,-0.7758271106237343,-0.5313163907353988
46.7,9.6,2013.0,7.0,11.0,8.017482517482517,29.173892773892774,29.049883449883453,64.22657342657342,42.739627039627045,344.28421603443354,-0.8121242937467013,0.3246092273252611,0.7274135572559701,0.6291587293936992,1.01119138829764,1.0702757567941206,-0.0972361703871966,0.4986738375667094
46.7,12.1,2013.0,7.0,11.0,8.017482517482517,29.173892773892774,29.049883449883453,64.22657342657342,42.739627039627045,344.28421603443354,-0.8121242937467013,0.3246092273252611,0.7274135572559701,0.6291587293936992,1.01119138829764,1.0702757567941206,-0.0972361703871966,0.4986738375667094
46.7,12.8,2013.0,7.0,11.0,8.017482517482517,29.173892773892774,29.049883449883453,64.22657342657342,42.739627039627045,344.28421603443354,-0.8121242937467013,0.3246092273252611,0.7274135572559701,0.6291587293936992,1.01119138829764,1.0702757567941206,-0.0972361703871966,0.4986738375667094
46.7,14.8,2013.0,7.0,11.0,6.5,38.0,32.0,53.0,59.0,681.24752,-0.4480461702594894,0.1218792695472181,0.4277693488598579,0.1074688100891115,0.7088206745494987,0.9814116139602468,1.278748370010282,0.3290770948722236
46.7,16.1,2013.0,7.0,11.0,8.017482517482517,29.173892773892774,29.049883449883453,64.22657342657342,42.739627039627045,344.28421603443354,-0.8121242937467013,0.3246092273252611,0.7274135572559701,0.6291587293936992,1.01119138829764,1.0702757567941206,-0.0972361703871966,0.4986738375667094
46.7,17.3,2013.0,7.0,11.0,11.0,10.0,55.0,107.0,20.0,120.09596,-1.4094708308573076,0.8170517409480157,0.6802020278009084,0.881597600068836,-0.2413938459614196,1.5769992643479829,0.4912581238919782,2.369376799425159
46.7,18.7,2013.0,7.0,11.0,8.017482517482517,29.173892773892774,29.049883449883453,64.22657342657342,42.739627039627045,344.28421603443354,-0.8121242937467013,0.3246092273252611,0.7274135572559701,0.6291587293936992,1.01119138829764,1.0702757567941206,-0.0972361703871966,0.4986738375667094
46.7,25.7,2013.0,7.0,11.0,8.017482517482517,29.173892773892774,29.049883449883453,64.22657342657342,42.739627039627045,344.28421603443354,-0.8121242937467013,0.3246092273252611,0.7274135572559701,0.6291587293936992,1.01119138829764,1.0702757567941206,-0.0972361703871966,0.4986738375667094
46.8,-1.5,2013.0,7.0,11.0,12.0,52.0,8.0,89.0,46.0,55.914707,-1.3811551619099618,0.983374604857344,0.8813238130203755,0.8239608409407927,0.7561336127767022,0.3745111178757894,-0.7758271106237343,-0.5313163907353988
46.8,4.4,2013.0,7.0,11.0,12.0,51.0,55.0,84.0,71.0,424.47223,-1.340603126345662,1.1216078113888122,0.6455520060910364,0.6928853232925302,0.7168371553786221,-0.1967939756510792,-0.7758271106237343,-0.5313163907353988
46.8,7.6,2013.0,7.0,11.0,12.0,51.0,50.0,82.0,81.0,792.8302,-1.3124138986117937,1.190844435482396,0.3954621914695615,0.5236259473419659,0.7283735512638926,-0.1797147142279931,-0.4788849266492353,-0.5313163907353988
46.8,7.8,2013.0,7.0,11.0,1.0,25.0,41.0,34.0,54.0,1105.2943,0.394724816985297,-1.1612764886012876,0.0616636926870819,-0.4347885730287253,0.8076768603451348,0.3570530065755018,-0.5477286033239203,0.2890662384449805
46.8,8.0,2013.0,7.0,11.0,1.0,25.0,41.0,34.0,53.0,1281.8729,0.3938542525906029,-1.1588507554383958,-0.0162857647197101,-0.5034967452632046,0.5714191560865141,0.1743378941795496,-0.4545949336815761,0.276521602825598
46.8,13.0,2013.0,7.0,11.0,1.0,25.0,27.0,29.0,31.0,1422.895,0.3574276343561157,-1.1044761933190923,-0.0943329044127683,-0.7260587976180894,0.4964042349449276,0.0138706658863599,-0.2449792348479103,-0.3708169358407619
46.8,13.9,2013.0,7.0,11.0,8.017482517482517,29.173892773892774,29.049883449883453,64.22657342657342,42.739627039627045,344.28421603443354,-0.8121242937467013,0.3246092273252611,0.7274135572559701,0.6291587293936992,1.01119138829764,1.0702757567941206,-0.0972361703871966,0.4986738375667094
46.8,18.7,2013.0,7.0,11.0,8.017482517482517,29.173892773892774,29.049883449883453,64.22657342657342,42.739627039627045,344.28421603443354,-0.8121242937467013,0.3246092273252611,0.7274135572559701,0.6291587293936992,1.01119138829764,1.0702757567941206,-0.0972361703871966,0.4986738375667094
46.8,19.1,2013.0,7.0,11.0,1.0,25.0,6.0,21.0,12.0,93.84471,0.3061580033901218,-1.039892918391207,0.8150831385251353,0.163265582728241,0.6724678718283739,0.901534173434014,-0.6421133222929084,-0.5313163907353988
46.9,1.8,2013.0,7.0,11.0,8.017482517482517,29.173892773892774,29.049883449883453,64.22657342657342,42.739627039627045,344.28421603443354,-0.8121242937467013,0.3246092273252611,0.7274135572559701,0.6291587293936992,1.01119138829764,1.0702757567941206,-0.0972361703871966,0.4986738375667094
46.9,6.6,2013.0,7.0,11.0,8.017482517482517,29.173892773892774,29.049883449883453,64.22657342657342,42.739627039627045,344.28421603443354,-0.8121242937467013,0.3246092273252611,0.7274135572559701,0.6291587293936992,1.01119138829764,1.0702757567941206,-0.0972361703871966,0.4986738375667094
46.9,16.1,2013.0,7.0,11.0,8.017482517482517,29.173892773892774,29.049883449883453,64.22657342657342,42.739627039627045,344.28421603443354,-0.8121242937467013,0.3246092273252611,0.7274135572559701,0.6291587293936992,1.01119138829764,1.0702757567941206,-0.0972361703871966,0.4986738375667094
46.9,21.9,2013.0,7.0,11.0,8.017482517482517,29.173892773892774,29.049883449883453,64.22657342657342,42.739627039627045,344.28421603443354,-0.8121242937467013,0.3246092273252611,0.7274135572559701,0.6291587293936992,1.01119138829764,1.0702757567941206,-0.0972361703871966,0.4986738375667094
47.0,3.4,2013.0,7.0,11.0,1.0,25.0,47.0,36.0,72.0,264.08868,0.4182829506938627,-1.210889198310829,0.3230202023472174,-0.0185446249145319,1.266251645282504,0.888147623146294,-0.7758271106237343,-0.1945118264045214
47.0,5.4,2013.0,7.0,11.0,8.017482517482517,29.173892773892774,29.049883449883453,64.22657342657342,42.739627039627045,344.28421603443354,-0.8121242937467013,0.3246092273252611,0.7274135572559701,0.6291587293936992,1.01119138829764,1.0702757567941206,-0.0972361703871966,0.4986738375667094
47.0,6.1,2013.0,7.0,11.0,8.017482517482517,29.173892773892774,29.049883449883453,64.22657342657342,42.739627039627045,344.28421603443354,-0.8121242937467013,0.3246092273252611,0.7274135572559701,0.6291587293936992,1.01119138829764,1.0702757567941206,-0.0972361703871966,0.4986738375667094
47.0,8.8,2013.0,7.0,11.0,8.017482517482517,29.173892773892774,29.049883449883453,64.22657342657342,42.739627039627045,344.28421603443354,-0.8121242937467013,0.3246092273252611,0.7274135572559701,0.6291587293936992,1.01119138829764,1.0702757567941206,-0.0972361703871966,0.4986738375667094
47.0,10.9,2013.0,7.0,11.0,1.0,25.0,30.0,30.0,40.0,2432.7385,0.369229842795574,-1.1270341477773114,-0.4255262065501815,-0.8311225510379492,0.3059632535921442,-0.3280964098888134,0.7192617284916791,-0.3783496383363432
47.0,11.3,2013.0,7.0,11.0,8.017482517482517,29.173892773892774,29.049883449883453,64.22657342657342,42.739627039627045,344.28421603443354,-0.8121242937467013,0.3246092273252611,0.7274135572559701,0.6291587293936992,1.01119138829764,1.0702757567941206,-0.0972361703871966,0.4986738375667094
47.0,13.8,2013.0,7.0,11.0,8.017482517482517,29.173892773892774,29.049883449883453,64.22657342657342,42.739627039627045,344.28421603443354,-0.8121242937467013,0.3246092273252611,0.7274135572559701,0.6291587293936992,1.01119138829764,1.0702757567941206,-0.0972361703871966,0.4986738375667094
47.0,15.6,2013.0,7.0,11.0,12.0,51.0,47.0,81.0,95.0,386.2288,-1.2247930909789846,1.3383940057936357,0.7683930197575034,0.643193171176968,0.674835266126137,1.4400385827354756,2.817676871401543,1.278635201545295
47.0,16.3,2013.0,7.0,11.0,8.017482517482517,29.173892773892774,29.049883449883453,64.22657342657342,42.739627039627045,344.28421603443354,-0.8121242937467013,0.3246092273252611,0.7274135572559701,0.6291587293936992,1.01119138829764,1.0702757567941206,-0.0972361703871966,0.4986738375667094
47.0,16.5,2013.0,7.0,11.0,11.0,11.0,3.0,110.0,18.0,222.6682,-1.4041487952174825,0.7942295076183757,0.5862306613786545,0.8556350959571035,0.6061159644849741,1.836959090818744,0.4963899322246135,2.411308364538011
47.0,16.7,2013.0,7.0,11.0,8.017482517482517,29.173892773892774,29.049883449883453,64.22657342657342,42.739627039627045,344.28421603443354,-0.8121242937467013,0.3246092273252611,0.7274135572559701,0.6291587293936992,1.01119138829764,1.0702757567941206,-0.0972361703871966,0.4986738375667094
47.0,18.3,2013.0,7.0,11.0,8.017482517482517,29.173892773892774,29.049883449883453,64.22657342657342,42.739627039627045,344.28421603443354,-0.8121242937467013,0.3246092273252611,0.7274135572559701,0.6291587293936992,1.01119138829764,1.0702757567941206,-0.0972361703871966,0.4986738375667094
47.0,18.5,2013.0,7.0,11.0,8.017482517482517,29.173892773892774,29.049883449883453,64.22657342657342,42.739627039627045,344.28421603443354,-0.8121242937467013,0.3246092273252611,0.7274135572559701,0.6291587293936992,1.01119138829764,1.0702757567941206,-0.0972361703871966,0.4986738375667094
47.0,18.8,2013.0,7.0,11.0,1.0,25.0,3.0,20.0,13.0,126.66977,0.3045871305488101,-1.0434288534110578,0.8848917340537968,0.1910272924126282,0.6443128255617641,0.8296405346801202,-0.6553711014904358,-0.5313163907353988
47.0,19.7,2013.0,7.0,11.0,1.0,25.0,0.0,19.0,11.0,119.38454,0.2977448250005899,-1.0345049706174425,0.8710701940640262,0.190335228150617,0.6577184220531008,0.9789348845170824,-0.6052948685499341,-0.5313163907353988
47.0,21.1,2013.0,7.0,11.0,11.0,10.0,47.0,104.0,34.0,81.284615,-1.392143315501764,0.9131461683835927,1.0894656314105964,1.4588615639640128,-0.5434042171673813,0.8204861037292588,-0.1513746712498414,0.1211054424662908
47.0,23.5,2013.0,7.0,11.0,8.017482517482517,29.173892773892774,29.049883449883453,64.22657342657342,42.739627039627045,344.28421603443354,-0.8121242937467013,0.3246092273252611,0.7274135572559701,0.6291587293936992,1.01119138829764,1.0702757567941206,-0.0972361703871966,0.4986738375667094
47.1,2.5,2013.0,7.0,11.0,6.5,38.5,25.0,61.5,69.5,151.21761,-0.4643877328687336,-0.0725900117175767,0.4704414024501339,0.3637639480740847,0.8896314825867935,0.3393435667619068,-0.7758271106237343,-0.4410509217463125
47.1,4.5,2013.0,7.0,11.0,8.017482517482517,29.173892773892774,29.049883449883453,64.22657342657342,42.739627039627045,344.28421603443354,-0.8121242937467013,0.3246092273252611,0.7274135572559701,0.6291587293936992,1.01119138829764,1.0702757567941206,-0.0972361703871966,0.4986738375667094
47.1,7.2,2013.0,7.0,11.0,12.0,51.0,55.0,84.0,80.0,688.9898,-1.3113784118534164,1.1784020105696849,0.511977018307919,0.6285887578998073,0.8207928181118511,-0.1174968648473021,-0.5671417010255274,-0.5313163907353988
47.1,7.7,2013.0,7.0,11.0,1.0,25.0,36.0,32.0,55.0,558.6889,0.3888734120746826,-1.163160735870847,0.2492771254531579,-0.2290783258310302,1.0560602948384263,0.8487581830757938,-0.6172187152580254,-0.0390616019410055
47.1,9.3,2013.0,7.0,11.0,8.017482517482517,29.173892773892774,29.049883449883453,64.22657342657342,42.739627039627045,344.28421603443354,-0.8121242937467013,0.3246092273252611,0.7274135572559701,0.6291587293936992,1.01119138829764,1.0702757567941206,-0.0972361703871966,0.4986738375667094
47.1,12.2,2013.0,7.0,11.0,8.017482517482517,29.173892773892774,29.049883449883453,64.22657342657342,42.739627039627045,344.28421603443354,-0.8121242937467013,0.3246092273252611,0.7274135572559701,0.6291587293936992,1.01119138829764,1.0702757567941206,-0.0972361703871966,0.4986738375667094
47.1,14.1,2013.0,7.0,11.0,11.0,11.0,14.0,114.0,12.0,1346.5629,-1.4042501553605504,0.7308978837234091,0.2048568610488726,0.2259511000431135,0.3256164478856385,0.1534762591802597,1.514291574796468,-0.2871178585975302
47.1,16.0,2013.0,7.0,11.0,8.017482517482517,29.173892773892774,29.049883449883453,64.22657342657342,42.739627039627045,344.28421603443354,-0.8121242937467013,0.3246092273252611,0.7274135572559701,0.6291587293936992,1.01119138829764,1.0702757567941206,-0.0972361703871966,0.4986738375667094
47.1,19.2,2013.0,7.0,11.0,11.0,10.0,55.0,107.0,27.0,94.02376,-1.3958602507938234,0.8649723716363295,1.1242123283728582,1.0912623848290548,0.5332708195529982,1.3940523067743422,0.220826391223044,0.528537660841865
47.2,0.1,2013.0,7.0,11.0,12.0,52.0,10.0,90.0,54.0,43.53803,-1.3632423848455295,1.0188043607330992,0.7096628039321117,0.808181452749712,0.6329062893998147,-0.0492127257920381,-0.7758271106237343,-0.5313163907353988
47.2,1.7,2013.0,7.0,11.0,12.0,52.0,5.0,88.0,61.0,122.72519,-1.3544153247150366,1.058057733641622,0.7014997873086467,0.7898752628365273,0.5598104762313406,-0.2033461758062666,-0.7758271106237343,-0.5313163907353988
47.2,3.0,2013.0,7.0,11.0,8.017482517482517,29.173892773892774,29.049883449883453,64.22657342657342,42.739627039627045,344.28421603443354,-0.8121242937467013,0.3246092273252611,0.7274135572559701,0.6291587293936992,1.01119138829764,1.0702757567941206,-0.0972361703871966,0.4986738375667094
47.2,4.6,2013.0,7.0,11.0,12.0,52.0,0.0,86.0,72.0,408.44467,-1.332641142748236,1.121828473084573,0.5839980672688296,0.6413939656043132,0.5991772062192917,-0.3102094045582984,-0.7758271106237343,-0.5313163907353988
47.2,4.9,2013.0,7.0,11.0,8.017482517482517,29.173892773892774,29.049883449883453,64.22657342657342,42.739627039627045,344.28421603443354,-0.8121242937467013,0.3246092273252611,0.7274135572559701,0.6291587293936992,1.01119138829764,1.0702757567941206,-0.0972361703871966,0.4986738375667094
47.2,6.1,2013.0,7.0,11.0,11.5,31.0,54.5,106.5,38.5,442.14032,-1.353619265204805,0.8393066198175438,0.5238680743515799,0.6648522791950324,0.8445175484352918,-0.1111427561311743,-0.7639307636282804,-0.5313163907353988
47.2,6.5,2013.0,7.0,11.0,8.017482517482517,29.173892773892774,29.049883449883453,64.22657342657342,42.739627039627045,344.28421603443354,-0.8121242937467013,0.3246092273252611,0.7274135572559701,0.6291587293936992,1.01119138829764,1.0702757567941206,-0.0972361703871966,0.4986738375667094
47.2,7.8,2013.0,7.0,11.0,8.017482517482517,29.173892773892774,29.049883449883453,64.22657342657342,42.739627039627045,344.28421603443354,-0.8121242937467013,0.3246092273252611,0.7274135572559701,0.6291587293936992,1.01119138829764,1.0702757567941206,-0.0972361703871966,0.4986738375667094
47.2,11.2,2013.0,7.0,11.0,8.017482517482517,29.173892773892774,29.049883449883453,64.22657342657342,42.739627039627045,344.28421603443354,-0.8121242937467013,0.3246092273252611,0.7274135572559701,0.6291587293936992,1.01119138829764,1.0702757567941206,-0.0972361703871966,0.4986738375667094
47.2,14.4,2013.0,7.0,11.0,8.017482517482517,29.173892773892774,29.049883449883453,64.22657342657342,42.739627039627045,344.28421603443354,-0.8121242937467013,0.3246092273252611,0.7274135572559701,0.6291587293936992,1.01119138829764,1.0702757567941206,-0.0972361703871966,0.4986738375667094
47.2,15.1,2013.0,7.0,11.0,1.0,25.0,14.0,24.0,24.0,1088.8975,0.3332131612127656,-1.0830896715786011,0.2758023978269691,-0.3344715567525247,0.6155631650731692,0.6142322547937772,0.0150856799869789,-0.3394911044790968
47.2,15.7,2013.0,7.0,11.0,1.0,25.0,11.0,23.0,22.0,565.7608,0.327472946109018,-1.076555803945762,0.5071926003486193,-0.1083264365673509,0.6856942040743513,0.967145316133466,-0.0459297378001088,-0.4450874346989224
47.2,16.0,2013.0,7.0,11.0,6.0,18.0,9.5,67.5,19.0,355.70440499999995,-0.536841468438963,-0.1460367358551412,0.5624409965372418,0.3233205847483075,0.7502471205459299,1.1953578617353458,0.4395732195592919,0.4915668043947905
47.2,16.7,2013.0,7.0,11.0,11.0,11.0,6.0,111.0,19.0,196.096,-1.3989412773648673,0.7998533757399037,0.5045199324336563,0.878440107344826,0.3126541092688723,1.592861957623949,0.5209396054642571,1.9611698953199737
47.3,-1.5,2013.0,7.0,11.0,12.0,52.0,16.0,92.0,47.0,26.297058,-1.3707183731146677,0.9801582674553222,0.7598513583955151,0.8363792355980294,0.636070190190283,0.1416507215616563,-0.7758271106237343,-0.5313163907353988
47.3,-0.8,2013.0,7.0,11.0,6.5,38.5,30.0,63.5,67.0,84.571678,-0.4673635864450567,-0.1310340035830381,0.485392834452184,0.3985553186695957,0.8593268367665197,0.5382113092292514,-0.7758271106237343,-0.5313163907353988
47.3,1.9,2013.0,7.0,11.0,6.5,38.5,26.0,62.0,69.5,112.067495,-0.4644570253866303,-0.0839535616199642,0.4721649409341061,0.3810663621673333,0.7776896982918,0.2779878712727288,-0.7758271106237343,-0.5313163907353988
47.3,3.3,2013.0,7.0,11.0,8.017482517482517,29.173892773892774,29.049883449883453,64.22657342657342,42.739627039627045,344.28421603443354,-0.8121242937467013,0.3246092273252611,0.7274135572559701,0.6291587293936992,1.01119138829764,1.0702757567941206,-0.0972361703871966,0.4986738375667094
47.3,4.2,2013.0,7.0,11.0,12.0,52.0,3.0,87.0,71.0,490.1423,-1.3328339011329444,1.1133865380035657,0.4951343766810426,0.6023153497730557,0.2518324158969364,-0.4527050476894271,-0.7758271106237343,-0.444109987360701
47.3,5.1,2013.0,7.0,11.0,1.0,25.0,39.0,33.0,66.0,233.9213,0.4021807051347393,-1.1922047581493216,0.2686927386409726,-0.0792508545909003,1.1302114539674843,0.7645007714116414,-0.7758271106237343,-0.3885343371934772
47.3,6.6,2013.0,7.0,11.0,1.0,25.0,36.0,32.0,60.0,648.29126,0.3932590730594963,-1.175679638030532,0.2336046571937151,-0.1703239273346921,0.985587446943042,0.670655603773684,-0.7330556952107563,-0.386916272998311
47.3,8.0,2013.0,7.0,11.0,8.017482517482517,29.173892773892774,29.049883449883453,64.22657342657342,42.739627039627045,344.28421603443354,-0.8121242937467013,0.3246092273252611,0.7274135572559701,0.6291587293936992,1.01119138829764,1.0702757567941206,-0.0972361703871966,0.4986738375667094
47.3,8.7,2013.0,7.0,11.0,11.0,11.0,40.0,124.0,3.0,580.34674,-1.3932541336297886,0.5904551164429508,0.2472247904076776,0.5565341279036196,0.7387561692782589,-0.0507051883973748,-0.3883206703660735,-0.5313163907353988
47.3,9.1,2013.0,7.0,11.0,8.017482517482517,29.173892773892774,29.049883449883453,64.22657342657342,42.739627039627045,344.28421603443354,-0.8121242937467013,0.3246092273252611,0.7274135572559701,0.6291587293936992,1.01119138829764,1.0702757567941206,-0.0972361703871966,0.4986738375667094
47.3,12.8,2013.0,7.0,11.0,8.017482517482517,29.173892773892774,29.049883449883453,64.22657342657342,42.739627039627045,344.28421603443354,-0.8121242937467013,0.3246092273252611,0.7274135572559701,0.6291587293936992,1.01119138829764,1.0702757567941206,-0.0972361703871966,0.4986738375667094
47.3,13.5,2013.0,7.0,11.0,6.0,18.0,18.0,70.5,20.5,1505.762,-0.5284870145767642,-0.1920041302962524,-0.0093921143007652,-0.2658045692057537,0.4159407367189295,0.108658005931345,1.0944135917910276,-0.4579583159084429
47.3,13.9,2013.0,7.0,11.0,12.0,51.0,53.0,83.0,93.0,1696.8912,-1.2400403982233084,1.3046379179771663,0.1222398016127461,0.1074191462009987,0.2822118724832786,0.1020561525930773,1.5559342174942987,-0.3880536035134045
47.3,14.1,2013.0,7.0,11.0,8.017482517482517,29.173892773892774,29.049883449883453,64.22657342657342,42.739627039627045,344.28421603443354,-0.8121242937467013,0.3246092273252611,0.7274135572559701,0.6291587293936992,1.01119138829764,1.0702757567941206,-0.0972361703871966,0.4986738375667094
47.3,15.0,2013.0,7.0,11.0,8.017482517482517,29.173892773892774,29.049883449883453,64.22657342657342,42.739627039627045,344.28421603443354,-0.8121242937467013,0.3246092273252611,0.7274135572559701,0.6291587293936992,1.01119138829764,1.0702757567941206,-0.0972361703871966,0.4986738375667094
47.3,16.2,2013.0,7.0,11.0,8.017482517482517,29.173892773892774,29.049883449883453,64.22657342657342,42.739627039627045,344.28421603443354,-0.8121242937467013,0.3246092273252611,0.7274135572559701,0.6291587293936992,1.01119138829764,1.0702757567941206,-0.0972361703871966,0.4986738375667094
47.3,16.6,2013.0,7.0,11.0,8.017482517482517,29.173892773892774,29.049883449883453,64.22657342657342,42.739627039627045,344.28421603443354,-0.8121242937467013,0.3246092273252611,0.7274135572559701,0.6291587293936992,1.01119138829764,1.0702757567941206,-0.0972361703871966,0.4986738375667094
47.3,19.4,2013.0,7.0,11.0,11.0,10.0,58.0,108.0,28.0,119.575554,-1.3909596344398445,0.8685809692401542,1.117801550698917,1.0666864318700409,0.4945243488824413,1.3387415279360488,0.2827930871915925,0.5458691691391067
47.3,19.8,2013.0,7.0,11.0,8.017482517482517,29.173892773892774,29.049883449883453,64.22657342657342,42.739627039627045,344.28421603443354,-0.8121242937467013,0.3246092273252611,0.7274135572559701,0.6291587293936992,1.01119138829764,1.0702757567941206,-0.0972361703871966,0.4986738375667094
47.3,20.4,2013.0,7.0,11.0,6.0,17.0,53.5,61.5,21.0,82.236227,-0.5504247524517428,-0.0668766339393051,1.0584948079777816,0.7697650220933117,0.5980728328704253,1.0812023267212714,-0.418340619107747,-0.4238244572672187
47.3,22.3,2013.0,7.0,11.0,11.0,10.0,50.0,105.0,40.0,149.20787,-1.3785158090216942,0.9417290334761022,1.0969499071995932,1.3181246031060263,0.71936973426152,1.3103633654109643,0.4866663781341735,0.9174094329836164
47.3,23.2,2013.0,7.0,11.0,11.0,10.0,48.0,104.0,44.0,249.64162,-1.3743317663427703,0.9640878649788476,0.974214632090427,1.058911408865758,0.8086977614226694,1.3715691890876964,1.261366168020703,2.581899217285712
47.4,-4.0,2013.0,7.0,11.0,12.0,52.0,23.0,95.0,36.0,0.0,-1.3814934478060164,0.9176011060100684,0.7367218042618154,0.3306248102441276,2.296445801410453,0.9526747365101552,0.350974166456324,-0.436452023904898
47.4,0.8,2013.0,7.0,11.0,8.017482517482517,29.173892773892774,29.049883449883453,64.22657342657342,42.739627039627045,344.28421603443354,-0.8121242937467013,0.3246092273252611,0.7274135572559701,0.6291587293936992,1.01119138829764,1.0702757567941206,-0.0972361703871966,0.4986738375667094
47.4,3.0,2013.0,7.0,11.0,8.017482517482517,29.173892773892774,29.049883449883453,64.22657342657342,42.739627039627045,344.28421603443354,-0.8121242937467013,0.3246092273252611,0.7274135572559701,0.6291587293936992,1.01119138829764,1.0702757567941206,-0.0972361703871966,0.4986738375667094
47.4,3.9,2013.0,7.0,11.0,12.0,52.0,5.0,88.0,70.0,314.10162,-1.3328856060461078,1.1051285898840046,0.4939188867890465,0.6112144724888,0.3247756910322271,-0.3826795936585078,-0.7758271106237343,-0.5313163907353988
47.4,5.5,2013.0,7.0,11.0,8.017482517482517,29.173892773892774,29.049883449883453,64.22657342657342,42.739627039627045,344.28421603443354,-0.8121242937467013,0.3246092273252611,0.7274135572559701,0.6291587293936992,1.01119138829764,1.0702757567941206,-0.0972361703871966,0.4986738375667094
47.4,7.1,2013.0,7.0,11.0,6.5,38.5,16.5,58.5,69.0,602.2154,-0.4591120795774811,0.0014347503896611,0.366068383091314,0.2061675104013962,0.8145295064031932,0.2689038800737169,-0.7112563176696713,-0.4684091734570201
47.4,7.4,2013.0,7.0,11.0,8.017482517482517,29.173892773892774,29.049883449883453,64.22657342657342,42.739627039627045,344.28421603443354,-0.8121242937467013,0.3246092273252611,0.7274135572559701,0.6291587293936992,1.01119138829764,1.0702757567941206,-0.0972361703871966,0.4986738375667094
47.4,7.6,2013.0,7.0,11.0,8.017482517482517,29.173892773892774,29.049883449883453,64.22657342657342,42.739627039627045,344.28421603443354,-0.8121242937467013,0.3246092273252611,0.7274135572559701,0.6291587293936992,1.01119138829764,1.0702757567941206,-0.0972361703871966,0.4986738375667094
47.4,8.7,2013.0,7.0,11.0,12.0,51.0,58.0,85.0,84.0,580.46844,-1.2920554086279998,1.206456219792973,0.4627038576405609,0.5602157159672398,0.719271679484956,0.0439856472327262,-0.2138303147575314,-0.5313163907353988
47.4,10.3,2013.0,7.0,11.0,8.017482517482517,29.173892773892774,29.049883449883453,64.22657342657342,42.739627039627045,344.28421603443354,-0.8121242937467013,0.3246092273252611,0.7274135572559701,0.6291587293936992,1.01119138829764,1.0702757567941206,-0.0972361703871966,0.4986738375667094
47.4,11.4,2013.0,7.0,11.0,8.017482517482517,29.173892773892774,29.049883449883453,64.22657342657342,42.739627039627045,344.28421603443354,-0.8121242937467013,0.3246092273252611,0.7274135572559701,0.6291587293936992,1.01119138829764,1.0702757567941206,-0.0972361703871966,0.4986738375667094
47.4,11.8,2013.0,7.0,11.0,12.0,51.0,55.0,84.0,90.0,1240.5402,-1.4044459353868202,0.9706461361967469,0.5345286274528618,-0.10474866818387096,1.3564569227681165,-0.8866251889257887,-0.23603598849600527,-0.4627400728172151
47.4,11.9,2013.0,7.0,11.0,11.0,11.0,27.0,119.0,8.0,1158.9417,-0.9732840826345658,1.0385203653170625,-0.14283487848748733,-0.6208419705964761,-0.3528714758812196,-0.1072026194370768,0.2060818709378286,0.15917485845244506
47.4,13.2,2013.0,7.0,11.0,12.0,51.0,55.0,84.0,92.0,1340.5668,-1.2463461495895332,1.289068573325696,0.0807943152871334,0.1012729372182783,0.3656911836448829,0.0282940684695793,1.648879825297651,-0.4178534271573787
47.4,13.4,2013.0,7.0,11.0,11.0,11.0,22.0,117.0,11.0,1261.507,-0.8426217972126643,1.2697925756715547,-0.5184727793818991,0.4201279455088269,0.954255251138008,0.4460080349891489,3.3397017602754024,-1.5137864888353707
47.4,13.5,2013.0,7.0,11.0,8.017482517482517,29.173892773892774,29.049883449883453,64.22657342657342,42.739627039627045,344.28421603443354,0.01832992568752556,0.47284675736959936,0.6703906433454525,1.1714227236896515,0.8581002405539714,1.2460284081402508,0.3544647004763453,0.6434929457273516
47.4,16.0,2013.0,7.0,11.0,8.017482517482517,29.173892773892774,29.049883449883453,64.22657342657342,42.739627039627045,344.28421603443354,-0.8121242937467013,0.3246092273252611,0.7274135572559701,0.6291587293936992,1.01119138829764,1.0702757567941206,-0.0972361703871966,0.4986738375667094
47.4,16.6,2013.0,7.0,11.0,11.0,11.0,9.0,112.0,19.0,256.0,-1.395784280275633,0.797532318892277,0.546418584004836,0.878558008607667,0.7941020565085986,1.5203654432140752,0.5635866277148215,1.259233224390552
47.4,16.9,2013.0,7.0,11.0,11.0,11.0,9.0,112.0,20.0,151.88326,-1.393802809594495,0.8051021557760308,0.5421991120516747,0.9921381094104956,0.5548780695476621,1.5839066606986687,0.4510001777999857,1.363451421029431
47.4,18.2,2013.0,7.0,11.0,11.0,11.0,3.0,110.0,24.0,236.68431,-1.392281371587039,0.8382010421662159,0.696392111474174,0.9046335687248618,0.7999808174973726,1.955323417296261,0.6595415780683695,2.0045483188251443
47.4,19.8,2013.0,7.0,11.0,11.0,10.0,58.0,108.0,30.0,100.536644,-1.3873425826373231,0.8803547855349712,1.2185472340254535,1.2490764553122613,0.3935002725459745,1.126314654530869,0.0623016272065302,0.0257921736101586
47.4,21.4,2013.0,7.0,11.0,8.017482517482517,29.173892773892774,29.049883449883453,64.22657342657342,42.739627039627045,344.28421603443354,-0.8121242937467013,0.3246092273252611,0.7274135572559701,0.6291587293936992,1.01119138829764,1.0702757567941206,-0.0972361703871966,0.4986738375667094
47.5,0.2,2013.0,7.0,11.0,8.017482517482517,29.173892773892774,29.049883449883453,64.22657342657342,42.739627039627045,344.28421603443354,-0.8121242937467013,0.3246092273252611,0.7274135572559701,0.6291587293936992,1.01119138829764,1.0702757567941206,-0.0972361703871966,0.4986738375667094
47.5,1.1,2013.0,7.0,11.0,8.017482517482517,29.173892773892774,29.049883449883453,64.22657342657342,42.739627039627045,344.28421603443354,-0.8121242937467013,0.3246092273252611,0.7274135572559701,0.6291587293936992,1.01119138829764,1.0702757567941206,-0.0972361703871966,0.4986738375667094
47.5,2.9,2013.0,7.0,11.0,1.0,25.0,39.0,33.0,74.0,188.20209,0.4103672061875772,-1.2171495631925804,0.2063472711898441,-0.0840024369919426,1.1580793757345145,0.6189623395179032,-0.7758271106237343,-0.5313163907353988
47.5,3.4,2013.0,7.0,11.0,8.017482517482517,29.173892773892774,29.049883449883453,64.22657342657342,42.739627039627045,344.28421603443354,-0.8121242937467013,0.3246092273252611,0.7274135572559701,0.6291587293936992,1.01119138829764,1.0702757567941206,-0.0972361703871966,0.4986738375667094
47.5,7.1,2013.0,7.0,11.0,1.0,25.0,31.0,30.0,58.0,416.12903,0.384788569657544,-1.1701212570014814,0.1979888899938471,-0.2228707435882001,0.9270112833811752,0.6380225153315866,-0.7758271106237343,-0.5313163907353988
47.5,7.9,2013.0,7.0,11.0,12.0,52.0,0.0,86.0,82.0,511.5238,-1.298422694571186,1.1879614824545135,0.5815580241799262,0.6755974449714148,0.6828579068066086,0.0739429373677355,-0.4738888953889481,-0.5313163907353988
47.5,8.1,2013.0,7.0,11.0,8.017482517482517,29.173892773892774,29.049883449883453,64.22657342657342,42.739627039627045,344.28421603443354,-0.8121242937467013,0.3246092273252611,0.7274135572559701,0.6291587293936992,1.01119138829764,1.0702757567941206,-0.0972361703871966,0.4986738375667094
47.5,8.4,2013.0,7.0,11.0,8.017482517482517,29.173892773892774,29.049883449883453,64.22657342657342,42.739627039627045,344.28421603443354,-0.8121242937467013,0.3246092273252611,0.7274135572559701,0.6291587293936992,1.01119138829764,1.0702757567941206,-0.0972361703871966,0.4986738375667094
47.5,8.7,2013.0,7.0,11.0,6.5,38.5,14.0,57.5,67.5,495.368685,-0.4570954006274688,0.0256918489684274,0.3753602846931791,0.237966127023717,0.8846957445549369,0.5579787822551956,-0.3628041924218228,-0.5313163907353988
47.5,10.0,2013.0,7.0,11.0,11.0,11.0,38.0,123.0,5.0,875.5544,-1.3914947560475197,0.6252248497590126,0.1629179281225301,0.4227743376685082,0.6320134880880731,-0.1066416494718031,0.0600138100219397,-0.5313163907353988
47.5,10.8,2013.0,7.0,11.0,8.017482517482517,29.173892773892774,29.049883449883453,64.22657342657342,42.739627039627045,344.28421603443354,-0.8121242937467013,0.3246092273252611,0.7274135572559701,0.6291587293936992,1.01119138829764,1.0702757567941206,-0.0972361703871966,0.4986738375667094
47.5,11.1,2013.0,7.0,11.0,8.017482517482517,29.173892773892774,29.049883449883453,64.22657342657342,42.739627039627045,344.28421603443354,-0.8121242937467013,0.3246092273252611,0.7274135572559701,0.6291587293936992,1.01119138829764,1.0702757567941206,-0.0972361703871966,0.4986738375667094
47.5,12.7,2013.0,7.0,11.0,8.017482517482517,29.173892773892774,29.049883449883453,64.22657342657342,42.739627039627045,344.28421603443354,-0.8121242937467013,0.3246092273252611,0.7274135572559701,0.6291587293936992,1.01119138829764,1.0702757567941206,-0.0972361703871966,0.4986738375667094
47.5,12.9,2013.0,7.0,11.0,11.0,11.0,24.0,118.0,10.0,1477.7249,-1.3957975701574052,0.7010567931305585,0.0593686624767599,0.1005857182136411,0.4811951848323236,0.016152105841741,2.115920400341823,-0.5313163907353988
47.5,14.7,2013.0,7.0,11.0,12.0,51.0,55.0,84.0,94.0,1299.2059,-1.2287584566978031,1.3160931915127332,0.1296435146914172,0.0849161558564416,0.3587632365468735,0.2025062361672089,1.9918300437528185,-0.4299873176799118
47.5,15.6,2013.0,7.0,11.0,12.0,51.0,55.0,84.0,95.0,973.23016,-1.21852753985215,1.3313392097439565,0.2633322973028646,0.2076061480709144,0.4934467520302519,0.5095292001523601,1.9233091907512865,-0.3653722089711163
47.5,15.8,2013.0,7.0,11.0,11.0,11.0,14.0,114.0,17.0,1135.2688,-1.3934867396202089,0.7770109038445046,0.2953821575370701,0.3522798805477123,0.652533587175396,0.719797007195104,1.4631048103225968,0.2722100879861305
47.5,16.3,2013.0,7.0,11.0,8.017482517482517,29.173892773892774,29.049883449883453,64.22657342657342,42.739627039627045,344.28421603443354,-0.8121242937467013,0.3246092273252611,0.7274135572559701,0.6291587293936992,1.01119138829764,1.0702757567941206,-0.0972361703871966,0.4986738375667094
47.5,16.6,2013.0,7.0,11.0,8.017482517482517,29.173892773892774,29.049883449883453,64.22657342657342,42.739627039627045,344.28421603443354,-0.8121242937467013,0.3246092273252611,0.7274135572559701,0.6291587293936992,1.01119138829764,1.0702757567941206,-0.0972361703871966,0.4986738375667094
47.5,18.2,2013.0,7.0,11.0,8.017482517482517,29.173892773892774,29.049883449883453,64.22657342657342,42.739627039627045,344.28421603443354,-0.8121242937467013,0.3246092273252611,0.7274135572559701,0.6291587293936992,1.01119138829764,1.0702757567941206,-0.0972361703871966,0.4986738375667094
47.5,20.6,2013.0,7.0,11.0,8.017482517482517,29.173892773892774,29.049883449883453,64.22657342657342,42.739627039627045,344.28421603443354,-0.8121242937467013,0.3246092273252611,0.7274135572559701,0.6291587293936992,1.01119138829764,1.0702757567941206,-0.0972361703871966,0.4986738375667094
47.5,23.0,2013.0,7.0,11.0,8.017482517482517,29.173892773892774,29.049883449883453,64.22657342657342,42.739627039627045,344.28421603443354,-0.8121242937467013,0.3246092273252611,0.7274135572559701,0.6291587293936992,1.01119138829764,1.0702757567941206,-0.0972361703871966,0.4986738375667094
47.5,24.3,2013.0,7.0,11.0,8.017482517482517,29.173892773892774,29.049883449883453,64.22657342657342,42.739627039627045,344.28421603443354,-0.8121242937467013,0.3246092273252611,0.7274135572559701,0.6291587293936992,1.01119138829764,1.0702757567941206,-0.0972361703871966,0.4986738375667094
47.6,2.4,2013.0,7.0,11.0,8.017482517482517,29.173892773892774,29.049883449883453,64.22657342657342,42.739627039627045,344.28421603443354,-0.8121242937467013,0.3246092273252611,0.7274135572559701,0.6291587293936992,1.01119138829764,1.0702757567941206,-0.0972361703871966,0.4986738375667094
47.6,2.7,2013.0,7.0,11.0,8.017482517482517,29.173892773892774,29.049883449883453,64.22657342657342,42.739627039627045,344.28421603443354,-0.8121242937467013,0.3246092273252611,0.7274135572559701,0.6291587293936992,1.01119138829764,1.0702757567941206,-0.0972361703871966,0.4986738375667094
47.6,6.8,2013.0,7.0,11.0,8.017482517482517,29.173892773892774,29.049883449883453,64.22657342657342,42.739627039627045,344.28421603443354,-0.8121242937467013,0.3246092273252611,0.7274135572559701,0.6291587293936992,1.01119138829764,1.0702757567941206,-0.0972361703871966,0.4986738375667094
47.6,8.3,2013.0,7.0,11.0,8.017482517482517,29.173892773892774,29.049883449883453,64.22657342657342,42.739627039627045,344.28421603443354,-0.8121242937467013,0.3246092273252611,0.7274135572559701,0.6291587293936992,1.01119138829764,1.0702757567941206,-0.0972361703871966,0.4986738375667094
47.6,9.0,2013.0,7.0,11.0,1.0,25.0,25.0,28.0,50.0,498.0661,0.3711635977320412,-1.1499756169237658,0.1894452145641001,-0.1607706948730477,1.0365211206505007,0.8634533097711443,-0.6130376841088757,-0.5313163907353988
47.6,9.2,2013.0,7.0,11.0,8.0,29.33333333333333,22.666666666666668,79.66666666666667,46.0,493.12932666666666,-0.7672972860221435,0.2234816860274056,0.2962257162497405,0.3220476279629862,0.7989539241834924,0.3062164226319968,-0.3489511562690309,-0.5313163907353988
47.6,9.5,2013.0,7.0,11.0,8.017482517482517,29.173892773892774,29.049883449883453,64.22657342657342,42.739627039627045,344.28421603443354,-0.8121242937467013,0.3246092273252611,0.7274135572559701,0.6291587293936992,1.01119138829764,1.0702757567941206,-0.0972361703871966,0.4986738375667094
47.6,11.5,2013.0,7.0,11.0,8.017482517482517,29.173892773892774,29.049883449883453,64.22657342657342,42.739627039627045,344.28421603443354,-0.8121242937467013,0.3246092273252611,0.7274135572559701,0.6291587293936992,1.01119138829764,1.0702757567941206,-0.0972361703871966,0.4986738375667094
47.6,13.0,2013.0,7.0,11.0,8.017482517482517,29.173892773892774,29.049883449883453,64.22657342657342,42.739627039627045,344.28421603443354,-0.8121242937467013,0.3246092273252611,0.7274135572559701,0.6291587293936992,1.01119138829764,1.0702757567941206,-0.0972361703871966,0.4986738375667094
47.6,13.8,2013.0,7.0,11.0,8.017482517482517,29.173892773892774,29.049883449883453,64.22657342657342,42.739627039627045,344.28421603443354,-0.8121242937467013,0.3246092273252611,0.7274135572559701,0.6291587293936992,1.01119138829764,1.0702757567941206,-0.0972361703871966,0.4986738375667094
47.6,17.0,2013.0,7.0,11.0,8.017482517482517,29.173892773892774,29.049883449883453,64.22657342657342,42.739627039627045,344.28421603443354,-0.8121242937467013,0.3246092273252611,0.7274135572559701,0.6291587293936992,1.01119138829764,1.0702757567941206,-0.0972361703871966,0.4986738375667094
47.6,17.4,2013.0,7.0,11.0,8.017482517482517,29.173892773892774,29.049883449883453,64.22657342657342,42.739627039627045,344.28421603443354,-0.8121242937467013,0.3246092273252611,0.7274135572559701,0.6291587293936992,1.01119138829764,1.0702757567941206,-0.0972361703871966,0.4986738375667094
47.6,19.0,2013.0,7.0,11.0,8.017482517482517,29.173892773892774,29.049883449883453,64.22657342657342,42.739627039627045,344.28421603443354,-0.8121242937467013,0.3246092273252611,0.7274135572559701,0.6291587293936992,1.01119138829764,1.0702757567941206,-0.0972361703871966,0.4986738375667094
47.6,22.2,2013.0,7.0,11.0,8.017482517482517,29.173892773892774,29.049883449883453,64.22657342657342,42.739627039627045,344.28421603443354,-0.8121242937467013,0.3246092273252611,0.7274135572559701,0.6291587293936992,1.01119138829764,1.0702757567941206,-0.0972361703871966,0.4986738375667094
47.6,24.2,2013.0,7.0,11.0,1.0,24.0,31.0,8.0,4.0,819.17584,0.2455803860744801,-0.9905276466132152,0.2829543524358814,-0.2620325363377639,0.9058435199235216,1.1878943757988265,0.2040113542538162,-0.0612241828554654
47.7,2.8,2013.0,7.0,11.0,8.017482517482517,29.173892773892774,29.049883449883453,64.22657342657342,42.739627039627045,344.28421603443354,-0.8121242937467013,0.3246092273252611,0.7274135572559701,0.6291587293936992,1.01119138829764,1.0702757567941206,-0.0972361703871966,0.4986738375667094
47.7,3.5,2013.0,7.0,11.0,8.017482517482517,29.173892773892774,29.049883449883453,64.22657342657342,42.739627039627045,344.28421603443354,-0.8121242937467013,0.3246092273252611,0.7274135572559701,0.6291587293936992,1.01119138829764,1.0702757567941206,-0.0972361703871966,0.4986738375667094
47.7,4.7,2013.0,7.0,11.0,6.5,38.5,20.5,60.0,70.5,390.27614,-0.4622555663888936,-0.0388745727537891,0.336971146190441,0.2201557684487795,0.7288293802636638,0.0232241657011451,-0.7758271106237343,-0.5313163907353988
47.7,5.4,2013.0,7.0,11.0,8.017482517482517,29.173892773892774,29.049883449883453,64.22657342657342,42.739627039627045,344.28421603443354,-0.8121242937467013,0.3246092273252611,0.7274135572559701,0.6291587293936992,1.01119138829764,1.0702757567941206,-0.0972361703871966,0.4986738375667094
47.7,6.3,2013.0,7.0,11.0,12.0,52.0,6.0,88.0,78.0,310.90662,-1.308592253156717,1.154158661949837,0.5719176888559129,0.6116602361674873,0.4965462886596938,-0.2572293278885209,-0.7758271106237343,-0.5313163907353988
47.7,7.5,2013.0,7.0,11.0,8.017482517482517,29.173892773892774,29.049883449883453,64.22657342657342,42.739627039627045,344.28421603443354,-1.1341879017117091,0.07462497339385304,0.3609316480456131,0.6854646082142026,1.6454721086909188,0.9758128948844733,0.3688238077215996,0.10553487238027914
47.7,7.6,2013.0,7.0,11.0,11.0,11.0,51.0,128.0,2.0,409.71255,0.0014208203596353108,0.512393275973887,1.0839155729540673,0.4012919356619743,0.17262778859173272,-0.3727475857695316,-0.189817234449153,0.28182553585308856
47.7,8.3,2013.0,7.0,11.0,6.0,18.0,36.5,77.5,28.0,626.1977850000001,-0.5047651706827863,-0.2860063193352545,0.2250791083737966,0.188787572190114,0.7740372835760392,0.2813878762422213,-0.6339699731986981,-0.5313163907353988
47.7,9.8,2013.0,7.0,11.0,8.017482517482517,29.173892773892774,29.049883449883453,64.22657342657342,42.739627039627045,344.28421603443354,-0.8121242937467013,0.3246092273252611,0.7274135572559701,0.6291587293936992,1.01119138829764,1.0702757567941206,-0.0972361703871966,0.4986738375667094
47.7,12.3,2013.0,7.0,11.0,8.017482517482517,29.173892773892774,29.049883449883453,64.22657342657342,42.739627039627045,344.28421603443354,-0.8121242937467013,0.3246092273252611,0.7274135572559701,0.6291587293936992,1.01119138829764,1.0702757567941206,-0.0972361703871966,0.4986738375667094
47.7,13.1,2013.0,7.0,11.0,12.0,52.0,1.0,86.0,92.0,777.1935,-1.241582068588089,1.2847440211258985,0.2309309822448756,0.2532161708463595,0.4482155921362556,0.1369255891235067,1.4250132942406313,-0.4473569957361065
47.7,13.6,2013.0,7.0,11.0,8.017482517482517,29.173892773892774,29.049883449883453,64.22657342657342,42.739627039627045,344.28421603443354,-0.8121242937467013,0.3246092273252611,0.7274135572559701,0.6291587293936992,1.01119138829764,1.0702757567941206,-0.0972361703871966,0.4986738375667094
47.7,14.3,2013.0,7.0,11.0,8.017482517482517,29.173892773892774,29.049883449883453,64.22657342657342,42.739627039627045,344.28421603443354,-0.8121242937467013,0.3246092273252611,0.7274135572559701,0.6291587293936992,1.01119138829764,1.0702757567941206,-0.0972361703871966,0.4986738375667094
47.7,14.6,2013.0,7.0,11.0,8.017482517482517,29.173892773892774,29.049883449883453,64.22657342657342,42.739627039627045,344.28421603443354,-0.8121242937467013,0.3246092273252611,0.7274135572559701,0.6291587293936992,1.01119138829764,1.0702757567941206,-0.0972361703871966,0.4986738375667094
47.7,15.8,2013.0,7.0,11.0,8.017482517482517,29.173892773892774,29.049883449883453,64.22657342657342,42.739627039627045,344.28421603443354,-0.8121242937467013,0.3246092273252611,0.7274135572559701,0.6291587293936992,1.01119138829764,1.0702757567941206,-0.0972361703871966,0.4986738375667094
47.7,16.2,2013.0,7.0,11.0,8.017482517482517,29.173892773892774,29.049883449883453,64.22657342657342,42.739627039627045,344.28421603443354,-0.8121242937467013,0.3246092273252611,0.7274135572559701,0.6291587293936992,1.01119138829764,1.0702757567941206,-0.0972361703871966,0.4986738375667094
47.7,18.6,2013.0,7.0,11.0,8.017482517482517,29.173892773892774,29.049883449883453,64.22657342657342,42.739627039627045,344.28421603443354,-0.8121242937467013,0.3246092273252611,0.7274135572559701,0.6291587293936992,1.01119138829764,1.0702757567941206,-0.0972361703871966,0.4986738375667094
47.7,19.3,2013.0,7.0,11.0,1.0,24.0,50.0,15.0,13.0,189.95189,0.288022934870376,-1.0404653508914548,0.7448113074121132,0.0724315426817167,0.7697218677172029,1.008530136482547,-0.6136329006017488,-0.5313163907353988
47.7,25.0,2013.0,7.0,11.0,1.0,24.0,26.0,6.0,3.0,1254.2069,0.2361481845114528,-0.9825680517503348,-0.0810380431417318,-0.3908945789076333,-0.0851452440372993,0.8871145502269344,1.0283052206023626,0.652164121419315
47.8,1.2,2013.0,7.0,11.0,8.017482517482517,29.173892773892774,29.049883449883453,64.22657342657342,42.739627039627045,344.28421603443354,-0.8121242937467013,0.3246092273252611,0.7274135572559701,0.6291587293936992,1.01119138829764,1.0702757567941206,-0.0972361703871966,0.4986738375667094
47.8,3.3,2013.0,7.0,11.0,1.0,25.0,33.0,31.0,73.0,209.78685,0.402558133369148,-1.2134520753547826,0.1892377655850215,-0.1111108444733332,1.1361218941917637,0.5303983939039298,-0.7758271106237343,-0.5313163907353988
47.8,4.4,2013.0,7.0,11.0,12.0,52.0,11.0,90.0,72.0,269.07663,-1.3221233143256177,1.1113550766332552,0.4610543361467027,0.5868444429683072,0.3431534189628761,-0.391464688334175,-0.7758271106237343,-0.5313163907353988
47.8,5.1,2013.0,7.0,11.0,8.017482517482517,29.173892773892774,29.049883449883453,64.22657342657342,42.739627039627045,344.28421603443354,-0.8121242937467013,0.3246092273252611,0.7274135572559701,0.6291587293936992,1.01119138829764,1.0702757567941206,-0.0972361703871966,0.4986738375667094
47.8,6.7,2013.0,7.0,11.0,8.017482517482517,29.173892773892774,29.049883449883453,64.22657342657342,42.739627039627045,344.28421603443354,-0.8121242937467013,0.3246092273252611,0.7274135572559701,0.6291587293936992,1.01119138829764,1.0702757567941206,-0.0972361703871966,0.4986738375667094
47.8,9.1,2013.0,7.0,11.0,11.0,11.0,46.0,126.0,4.0,506.9831,-1.384091498474647,0.6036267430128589,0.2376458841502906,0.5657675733783818,0.6045908355756461,-0.1039468239607004,-0.4074213174803544,-0.5313163907353988
47.8,9.9,2013.0,7.0,11.0,1.0,25.0,20.0,26.0,46.0,672.951,0.36102824461336,-1.139796697737141,0.0663262595470224,-0.2984244569534765,0.934254011454206,0.6984022195134503,-0.5275543859674049,-0.5313163907353988
47.8,10.5,2013.0,7.0,11.0,8.017482517482517,29.173892773892774,29.049883449883453,64.22657342657342,42.739627039627045,344.28421603443354,-0.8121242937467013,0.3246092273252611,0.7274135572559701,0.6291587293936992,1.01119138829764,1.0702757567941206,-0.0972361703871966,0.4986738375667094
47.8,10.7,2013.0,7.0,11.0,8.017482517482517,29.173892773892774,29.049883449883453,64.22657342657342,42.739627039627045,344.28421603443354,-0.8121242937467013,0.3246092273252611,0.7274135572559701,0.6291587293936992,1.01119138829764,1.0702757567941206,-0.0972361703871966,0.4986738375667094
47.8,11.5,2013.0,7.0,11.0,1.0,25.0,14.0,24.0,39.0,672.0192,-0.24364436731674355,-0.9030213606606474,0.5290492041949251,0.39424997446024046,0.6377314044576262,0.34403061876780217,0.9349019256187157,-0.4376742126113741
47.8,11.6,2013.0,7.0,11.0,11.0,11.0,35.0,122.0,8.0,718.063,-1.8689110936457083,0.10181584480099914,0.7373371218526226,0.4877722635540629,0.7439858932843586,-0.05432503099220097,1.0329445405653572,0.3423871423341832
47.8,12.3,2013.0,7.0,11.0,8.017482517482517,29.173892773892774,29.049883449883453,64.22657342657342,42.739627039627045,344.28421603443354,-0.8121242937467013,0.3246092273252611,0.7274135572559701,0.6291587293936992,1.01119138829764,1.0702757567941206,-0.0972361703871966,0.4986738375667094
47.8,12.8,2013.0,7.0,11.0,8.017482517482517,29.173892773892774,29.049883449883453,64.22657342657342,42.739627039627045,344.28421603443354,-0.8121242937467013,0.3246092273252611,0.7274135572559701,0.6291587293936992,1.01119138829764,1.0702757567941206,-0.0972361703871966,0.4986738375667094
47.8,13.0,2013.0,7.0,11.0,8.017482517482517,29.173892773892774,29.049883449883453,64.22657342657342,42.739627039627045,344.28421603443354,-0.8121242937467013,0.3246092273252611,0.7274135572559701,0.6291587293936992,1.01119138829764,1.0702757567941206,-0.0972361703871966,0.4986738375667094
47.8,13.6,2013.0,7.0,11.0,11.0,11.0,27.0,119.0,12.0,784.9158,-1.3881279639589668,0.7199563017841988,0.1479443413751428,0.2300267690400639,0.5846914986507256,0.2700952958210088,2.0913977633365146,-0.5313163907353988
47.8,14.1,2013.0,7.0,11.0,11.0,11.0,24.0,118.0,13.0,1002.7224,-1.3891909120650854,0.7319630455722063,0.1332486959783661,0.2149628638549837,0.5369174515511668,0.2656168654184775,2.022852412196116,-0.4550235874819586
47.8,14.6,2013.0,7.0,11.0,8.017482517482517,29.173892773892774,29.049883449883453,64.22657342657342,42.739627039627045,344.28421603443354,-0.8121242937467013,0.3246092273252611,0.7274135572559701,0.6291587293936992,1.01119138829764,1.0702757567941206,-0.0972361703871966,0.4986738375667094
47.8,16.2,2013.0,7.0,11.0,8.017482517482517,29.173892773892774,29.049883449883453,64.22657342657342,42.739627039627045,344.28421603443354,-1.0295321413279506,0.3268281465253964,1.4150211262153825,0.33860566531430275,1.7248499942693285,1.3788023640810214,0.37593030293825713,1.1416238031340329
47.8,16.3,2013.0,7.0,11.0,8.017482517482517,29.173892773892774,29.049883449883453,64.22657342657342,42.739627039627045,344.28421603443354,-0.5606699934568666,0.07307145363984446,1.4458416554571683,0.22795461736009603,0.8699355915102848,0.8715803669739631,-0.6877068713120085,0.6648015658162999
47.8,19.4,2013.0,7.0,11.0,11.0,11.0,6.0,111.0,29.0,220.97945,-1.379977453580978,0.8671218299779141,0.9489803771495378,0.8286534727104122,0.5791194731168442,1.4909592903789235,0.7615869202368826,1.0969468923248074
47.8,20.2,2013.0,7.0,11.0,6.0,17.5,23.5,61.5,21.5,172.468635,-0.5499019730228278,-0.0720066197273253,0.9096400951480528,0.5370622498198225,0.6590792463560576,1.0944239528536426,-0.1009494501824698,-0.1647546502492062
47.9,2.6,2013.0,7.0,11.0,8.017482517482517,29.173892773892774,29.049883449883453,64.22657342657342,42.739627039627045,344.28421603443354,-0.8121242937467013,0.3246092273252611,0.7274135572559701,0.6291587293936992,1.01119138829764,1.0702757567941206,-0.0972361703871966,0.4986738375667094
47.9,4.6,2013.0,7.0,11.0,8.017482517482517,29.173892773892774,29.049883449883453,64.22657342657342,42.739627039627045,344.28421603443354,-0.8121242937467013,0.3246092273252611,0.7274135572559701,0.6291587293936992,1.01119138829764,1.0702757567941206,-0.0972361703871966,0.4986738375667094
47.9,7.4,2013.0,7.0,11.0,11.5,31.5,32.0,109.5,41.5,279.57521,-1.3353926992651968,0.8671489373902339,0.407541562848599,0.5879689464512181,0.4179277287681247,-0.2842774106589711,-0.7227944665622652,-0.5313163907353988
47.9,7.8,2013.0,7.0,11.0,12.0,52.0,8.0,89.0,82.0,375.7584,-1.2908913428144668,1.1804884227124806,0.5142680203827292,0.5694968064728749,0.2847215719183116,-0.2838727567653656,-0.7443695360540338,-0.5313163907353988
47.9,9.1,2013.0,7.0,11.0,6.5,38.5,13.0,57.0,67.5,615.9494050000001,-0.4577813612912779,0.0290247237118294,0.2435108494617955,0.1519850160117005,0.6375651483991295,0.2081909391749615,-0.6669612250606183,-0.5313163907353988
47.9,9.4,2013.0,7.0,11.0,8.017482517482517,29.173892773892774,29.049883449883453,64.22657342657342,42.739627039627045,344.28421603443354,-0.8121242937467013,0.3246092273252611,0.7274135572559701,0.6291587293936992,1.01119138829764,1.0702757567941206,-0.0972361703871966,0.4986738375667094
47.9,9.6,2013.0,7.0,11.0,12.0,52.0,6.0,88.0,86.0,608.7345,-1.2750472691874817,1.2161696274355451,0.3732147990138913,0.5250141135804771,0.3614014128814555,-0.2529793542574839,-0.631493610833457,-0.5313163907353988
47.9,12.1,2013.0,7.0,11.0,11.0,11.0,35.0,122.0,9.0,500.3731,-1.385232687178264,0.6803610811013098,0.2016847043299093,0.3816534458528485,0.5466613306940944,0.1608796660684857,0.9146306781251352,-0.4180250050351874
47.9,12.3,2013.0,7.0,11.0,1.0,25.0,11.0,23.0,36.0,532.0763,0.342140633783315,-1.114546351679908,0.2059021622153119,-0.1926524884136771,1.0919497258846598,1.0909701895166422,0.2955064073915306,-0.388169530524168
47.9,16.9,2013.0,7.0,11.0,8.017482517482517,29.173892773892774,29.049883449883453,64.22657342657342,42.739627039627045,344.28421603443354,-0.8121242937467013,0.3246092273252611,0.7274135572559701,0.6291587293936992,1.01119138829764,1.0702757567941206,-0.0972361703871966,0.4986738375667094
47.9,18.9,2013.0,7.0,11.0,8.017482517482517,29.173892773892774,29.049883449883453,64.22657342657342,42.739627039627045,344.28421603443354,-0.8121242937467013,0.3246092273252611,0.7274135572559701,0.6291587293936992,1.01119138829764,1.0702757567941206,-0.0972361703871966,0.4986738375667094
47.9,19.1,2013.0,7.0,11.0,11.0,11.0,9.0,112.0,28.0,264.05972,-1.3787129753273886,0.8587024639641779,0.7576600526747352,0.7635235230488434,0.725182622554243,1.7682699720615864,1.174245489316743,1.3895188003602277
47.9,20.2,2013.0,7.0,11.0,8.017482517482517,29.173892773892774,29.049883449883453,64.22657342657342,42.739627039627045,344.28421603443354,-0.8121242937467013,0.3246092273252611,0.7274135572559701,0.6291587293936992,1.01119138829764,1.0702757567941206,-0.0972361703871966,0.4986738375667094
48.0,1.1,2013.0,7.0,11.0,8.017482517482517,29.173892773892774,29.049883449883453,64.22657342657342,42.739627039627045,344.28421603443354,-0.8121242937467013,0.3246092273252611,0.7274135572559701,0.6291587293936992,1.01119138829764,1.0702757567941206,-0.0972361703871966,0.4986738375667094
48.0,10.0,2013.0,7.0,11.0,8.017482517482517,29.173892773892774,29.049883449883453,64.22657342657342,42.739627039627045,344.28421603443354,-0.8121242937467013,0.3246092273252611,0.7274135572559701,0.6291587293936992,1.01119138829764,1.0702757567941206,-0.0972361703871966,0.4986738375667094
48.0,11.2,2013.0,7.0,11.0,12.0,52.0,6.0,88.0,89.0,627.39984,-1.2579306067322933,1.245698921457732,0.3125994157669466,0.4211124143881993,0.3606237630765512,-0.0906817350027196,-0.0398282445762698,-0.4549215683766423
48.0,14.7,2013.0,7.0,11.0,8.017482517482517,29.173892773892774,29.049883449883453,64.22657342657342,42.739627039627045,344.28421603443354,-0.8121242937467013,0.3246092273252611,0.7274135572559701,0.6291587293936992,1.01119138829764,1.0702757567941206,-0.0972361703871966,0.4986738375667094
48.0,15.4,2013.0,7.0,11.0,8.017482517482517,29.173892773892774,29.049883449883453,64.22657342657342,42.739627039627045,344.28421603443354,-0.8121242937467013,0.3246092273252611,0.7274135572559701,0.6291587293936992,1.01119138829764,1.0702757567941206,-0.0972361703871966,0.4986738375667094
48.0,15.7,2013.0,7.0,11.0,8.017482517482517,29.173892773892774,29.049883449883453,64.22657342657342,42.739627039627045,344.28421603443354,-0.8121242937467013,0.3246092273252611,0.7274135572559701,0.6291587293936992,1.01119138829764,1.0702757567941206,-0.0972361703871966,0.4986738375667094
48.0,19.5,2013.0,7.0,11.0,6.0,17.5,26.5,62.5,21.5,258.0679,-0.5468793734444506,-0.0843471771923828,0.7550362259029052,0.3454892523338513,0.7438282411629153,1.2449498580189688,0.151393997786924,0.2806214198423004
48.1,2.7,2013.0,7.0,11.0,8.017482517482517,29.173892773892774,29.049883449883453,64.22657342657342,42.739627039627045,344.28421603443354,-0.8121242937467013,0.3246092273252611,0.7274135572559701,0.6291587293936992,1.01119138829764,1.0702757567941206,-0.0972361703871966,0.4986738375667094
48.1,3.4,2013.0,7.0,11.0,1.0,25.0,28.0,29.0,73.0,168.37143,0.3958287807961885,-1.213104229605473,0.1546159408237598,-0.1431460711642322,1.069800157548845,0.4521198249698704,-0.7758271106237343,-0.5313163907353988
48.1,4.1,2013.0,7.0,11.0,8.017482517482517,29.173892773892774,29.049883449883453,64.22657342657342,42.739627039627045,344.28421603443354,-0.8121242937467013,0.3246092273252611,0.7274135572559701,0.6291587293936992,1.01119138829764,1.0702757567941206,-0.0972361703871966,0.4986738375667094
48.1,6.8,2013.0,7.0,11.0,1.0,25.0,23.0,27.0,60.0,804.5443,0.3764652246977026,-1.1744174506776217,0.0968826885386155,-0.2181466176456316,0.8366256474569058,0.3849402411723375,-0.7758271106237343,-0.5313163907353988
48.1,7.9,2013.0,7.0,11.0,8.017482517482517,29.173892773892774,29.049883449883453,64.22657342657342,42.739627039627045,344.28421603443354,-0.8121242937467013,0.3246092273252611,0.7274135572559701,0.6291587293936992,1.01119138829764,1.0702757567941206,-0.0972361703871966,0.4986738375667094
48.1,11.5,2013.0,7.0,11.0,8.017482517482517,29.173892773892774,29.049883449883453,64.22657342657342,42.739627039627045,344.28421603443354,-0.8121242937467013,0.3246092273252611,0.7274135572559701,0.6291587293936992,1.01119138829764,1.0702757567941206,-0.0972361703871966,0.4986738375667094
48.1,14.0,2013.0,7.0,11.0,8.017482517482517,29.173892773892774,29.049883449883453,64.22657342657342,42.739627039627045,344.28421603443354,-0.8121242937467013,0.3246092273252611,0.7274135572559701,0.6291587293936992,1.01119138829764,1.0702757567941206,-0.0972361703871966,0.4986738375667094
48.2,3.6,2013.0,7.0,11.0,8.017482517482517,29.173892773892774,29.049883449883453,64.22657342657342,42.739627039627045,344.28421603443354,-0.8121242937467013,0.3246092273252611,0.7274135572559701,0.6291587293936992,1.01119138829764,1.0702757567941206,-0.0972361703871966,0.4986738375667094
48.2,4.7,2013.0,7.0,11.0,8.017482517482517,29.173892773892774,29.049883449883453,64.22657342657342,42.739627039627045,344.28421603443354,-0.8121242937467013,0.3246092273252611,0.7274135572559701,0.6291587293936992,1.01119138829764,1.0702757567941206,-0.0972361703871966,0.4986738375667094
48.2,5.2,2013.0,7.0,11.0,12.0,52.0,16.0,92.0,75.0,316.08444,-1.3080919320852245,1.1243303277863137,0.4163239053076732,0.5573852781161822,0.2246275706997334,-0.4329608047944121,-0.7758271106237343,-0.5313163907353988
48.2,7.0,2013.0,7.0,11.0,8.017482517482517,29.173892773892774,29.049883449883453,64.22657342657342,42.739627039627045,344.28421603443354,-0.8121242937467013,0.3246092273252611,0.7274135572559701,0.6291587293936992,1.01119138829764,1.0702757567941206,-0.0972361703871966,0.4986738375667094
48.2,7.2,2013.0,7.0,11.0,8.017482517482517,29.173892773892774,29.049883449883453,64.22657342657342,42.739627039627045,344.28421603443354,-0.8121242937467013,0.3246092273252611,0.7274135572559701,0.6291587293936992,1.01119138829764,1.0702757567941206,-0.0972361703871966,0.4986738375667094
48.2,8.8,2013.0,7.0,11.0,8.017482517482517,29.173892773892774,29.049883449883453,64.22657342657342,42.739627039627045,344.28421603443354,-0.8121242937467013,0.3246092273252611,0.7274135572559701,0.6291587293936992,1.01119138829764,1.0702757567941206,-0.0972361703871966,0.4986738375667094
48.2,9.5,2013.0,7.0,11.0,12.0,52.0,11.0,90.0,86.0,638.49054,-1.2701127779607269,1.2114210466186022,0.3448587390479951,0.5302114596602022,0.2348277062606889,-0.344715239039401,-0.7527384379678598,-0.5313163907353988
48.2,9.9,2013.0,7.0,11.0,8.017482517482517,29.173892773892774,29.049883449883453,64.22657342657342,42.739627039627045,344.28421603443354,-0.8121242937467013,0.3246092273252611,0.7274135572559701,0.6291587293936992,1.01119138829764,1.0702757567941206,-0.0972361703871966,0.4986738375667094
48.2,10.8,2013.0,7.0,11.0,8.017482517482517,29.173892773892774,29.049883449883453,64.22657342657342,42.739627039627045,344.28421603443354,-0.8121242937467013,0.3246092273252611,0.7274135572559701,0.6291587293936992,1.01119138829764,1.0702757567941206,-0.0972361703871966,0.4986738375667094
48.2,11.1,2013.0,7.0,11.0,8.017482517482517,29.173892773892774,29.049883449883453,64.22657342657342,42.739627039627045,344.28421603443354,-0.8121242937467013,0.3246092273252611,0.7274135572559701,0.6291587293936992,1.01119138829764,1.0702757567941206,-0.0972361703871966,0.4986738375667094
48.2,11.9,2013.0,7.0,11.0,11.0,11.0,40.0,124.0,9.0,502.36902,-1.378676521820836,0.6763737156728552,0.2275473484113163,0.4739111840253129,0.4154414116259644,-0.0077050105567509,0.2533007047668881,-0.3431852379014394
48.2,14.3,2013.0,7.0,11.0,11.0,11.0,30.0,120.0,14.0,319.96063,-1.380635445986132,0.73699337175611,0.1865167600438665,0.3681577889721243,0.4889025416927658,0.2364224879704785,0.9514174807141018,-0.5313163907353988
48.2,14.5,2013.0,7.0,11.0,8.017482517482517,29.173892773892774,29.049883449883453,64.22657342657342,42.739627039627045,344.28421603443354,-0.8121242937467013,0.3246092273252611,0.7274135572559701,0.6291587293936992,1.01119138829764,1.0702757567941206,-0.0972361703871966,0.4986738375667094
48.2,15.6,2013.0,7.0,11.0,8.017482517482517,29.173892773892774,29.049883449883453,64.22657342657342,42.739627039627045,344.28421603443354,-0.8121242937467013,0.3246092273252611,0.7274135572559701,0.6291587293936992,1.01119138829764,1.0702757567941206,-0.0972361703871966,0.4986738375667094
48.2,15.8,2013.0,7.0,11.0,11.0,11.0,25.0,118.0,18.0,316.56863,-1.3788582824426854,0.7756520988052398,0.0077934223619215,0.3385169269683573,-0.6225098830182204,0.0797358087270802,0.7368614562980759,-0.1278710197201965
48.2,16.1,2013.0,7.0,11.0,8.017482517482517,29.173892773892774,29.049883449883453,64.22657342657342,42.739627039627045,344.28421603443354,-0.8121242937467013,0.3246092273252611,0.7274135572559701,0.6291587293936992,1.01119138829764,1.0702757567941206,-0.0972361703871966,0.4986738375667094
48.2,17.0,2013.0,7.0,11.0,8.017482517482517,29.173892773892774,29.049883449883453,64.22657342657342,42.739627039627045,344.28421603443354,-0.8121242937467013,0.3246092273252611,0.7274135572559701,0.6291587293936992,1.01119138829764,1.0702757567941206,-0.0972361703871966,0.4986738375667094
48.2,20.6,2013.0,7.0,11.0,8.017482517482517,29.173892773892774,29.049883449883453,64.22657342657342,42.739627039627045,344.28421603443354,-0.8121242937467013,0.3246092273252611,0.7274135572559701,0.6291587293936992,1.01119138829764,1.0702757567941206,-0.0972361703871966,0.4986738375667094
48.3,7.1,2013.0,7.0,11.0,8.017482517482517,29.173892773892774,29.049883449883453,64.22657342657342,42.739627039627045,344.28421603443354,-0.8121242937467013,0.3246092273252611,0.7274135572559701,0.6291587293936992,1.01119138829764,1.0702757567941206,-0.0972361703871966,0.4986738375667094
48.3,9.9,2013.0,7.0,11.0,1.0,25.0,12.0,23.0,47.0,511.57184,0.3518062127229351,-1.1410820919787887,0.0018348028996651,-0.3098511889342235,0.8147544038330307,0.5682869003536072,-0.7510522376908011,-0.5313163907353988
48.3,11.6,2013.0,7.0,11.0,8.017482517482517,29.173892773892774,29.049883449883453,64.22657342657342,42.739627039627045,344.28421603443354,-0.8121242937467013,0.3246092273252611,0.7274135572559701,0.6291587293936992,1.01119138829764,1.0702757567941206,-0.0972361703871966,0.4986738375667094
48.3,13.8,2013.0,7.0,11.0,8.017482517482517,29.173892773892774,29.049883449883453,64.22657342657342,42.739627039627045,344.28421603443354,-0.8121242937467013,0.3246092273252611,0.7274135572559701,0.6291587293936992,1.01119138829764,1.0702757567941206,-0.0972361703871966,0.4986738375667094
48.3,14.7,2013.0,7.0,11.0,8.017482517482517,29.173892773892774,29.049883449883453,64.22657342657342,42.739627039627045,344.28421603443354,-0.8121242937467013,0.3246092273252611,0.7274135572559701,0.6291587293936992,1.01119138829764,1.0702757567941206,-0.0972361703871966,0.4986738375667094
48.3,16.6,2013.0,7.0,11.0,8.017482517482517,29.173892773892774,29.049883449883453,64.22657342657342,42.739627039627045,344.28421603443354,-0.8121242937467013,0.3246092273252611,0.7274135572559701,0.6291587293936992,1.01119138829764,1.0702757567941206,-0.0972361703871966,0.4986738375667094
48.3,18.6,2013.0,7.0,11.0,11.0,11.0,17.0,115.0,27.0,252.48291,-1.371276680386728,0.8453549458591275,0.4310104873995385,0.6450093351504452,0.8652048434877814,1.8055244555829577,1.3961769984592447,0.8761796782286597
48.4,2.1,2013.0,7.0,11.0,8.017482517482517,29.173892773892774,29.049883449883453,64.22657342657342,42.739627039627045,344.28421603443354,-0.8121242937467013,0.3246092273252611,0.7274135572559701,0.6291587293936992,1.01119138829764,1.0702757567941206,-0.0972361703871966,0.4986738375667094
48.4,2.6,2013.0,7.0,11.0,8.017482517482517,29.173892773892774,29.049883449883453,64.22657342657342,42.739627039627045,344.28421603443354,-0.8121242937467013,0.3246092273252611,0.7274135572559701,0.6291587293936992,1.01119138829764,1.0702757567941206,-0.0972361703871966,0.4986738375667094
48.4,7.8,2013.0,7.0,11.0,11.0,12.0,2.0,132.0,3.0,194.57118,-1.366676045095437,0.5756192664777777,0.2066342758453718,0.5492266722362159,0.2312714103682114,-0.4358842825619824,-0.7758271106237343,-0.5313163907353988
48.4,10.5,2013.0,7.0,11.0,12.0,52.0,14.0,91.0,88.0,487.56778,-1.2568714714778273,1.228104738966563,0.3608242541662302,0.5638012064262158,0.1580115943003712,-0.2647345172858951,-0.6670675348445813,-0.3728681530265628
48.4,11.2,2013.0,7.0,11.0,11.0,11.0,46.0,126.0,8.0,500.65952,-1.3744474963082525,0.6601612752621445,0.2171074281873462,0.5320203557476094,0.3067192810617037,-0.1882009775419736,-0.3500156232088531,-0.3782064407969562
48.4,15.3,2013.0,7.0,11.0,11.0,11.0,30.0,120.0,17.0,693.1027,-1.374449523951906,0.763235800041054,0.142947439267365,0.3964742806261769,0.2956196060658995,0.0650796487029657,-0.0385915079010266,-0.5313163907353988
48.4,16.4,2013.0,7.0,11.0,8.017482517482517,29.173892773892774,29.049883449883453,64.22657342657342,42.739627039627045,344.28421603443354,-0.8121242937467013,0.3246092273252611,0.7274135572559701,0.6291587293936992,1.01119138829764,1.0702757567941206,-0.0972361703871966,0.4986738375667094
48.4,16.9,2013.0,7.0,11.0,8.017482517482517,29.173892773892774,29.049883449883453,64.22657342657342,42.739627039627045,344.28421603443354,-0.8121242937467013,0.3246092273252611,0.7274135572559701,0.6291587293936992,1.01119138829764,1.0702757567941206,-0.0972361703871966,0.4986738375667094
48.5,4.2,2013.0,7.0,11.0,8.017482517482517,29.173892773892774,29.049883449883453,64.22657342657342,42.739627039627045,344.28421603443354,-0.8121242937467013,0.3246092273252611,0.7274135572559701,0.6291587293936992,1.01119138829764,1.0702757567941206,-0.0972361703871966,0.4986738375667094
48.5,7.3,2013.0,7.0,11.0,8.017482517482517,29.173892773892774,29.049883449883453,64.22657342657342,42.739627039627045,344.28421603443354,-0.8121242937467013,0.3246092273252611,0.7274135572559701,0.6291587293936992,1.01119138829764,1.0702757567941206,-0.0972361703871966,0.4986738375667094
48.5,8.4,2013.0,7.0,11.0,1.0,25.0,12.0,23.0,54.0,724.8634,0.3577928306097886,-1.1580507678642318,0.0373428174744793,-0.290042161691277,0.7896503696525885,0.2290047455175838,-0.7758271106237343,-0.4011202089827
48.5,10.0,2013.0,7.0,11.0,8.017482517482517,29.173892773892774,29.049883449883453,64.22657342657342,42.739627039627045,344.28421603443354,-0.8121242937467013,0.3246092273252611,0.7274135572559701,0.6291587293936992,1.01119138829764,1.0702757567941206,-0.0972361703871966,0.4986738375667094
48.5,11.7,2013.0,7.0,11.0,11.5,31.5,30.0,108.5,49.5,473.908555,-1.3082646564690528,0.960932488590051,0.3125264058107176,0.5658418673248297,0.1953045537618678,-0.2171354902995221,-0.5511259036980998,-0.3363755508290004
48.5,12.1,2013.0,7.0,11.0,8.017482517482517,29.173892773892774,29.049883449883453,64.22657342657342,42.739627039627045,344.28421603443354,-0.8121242937467013,0.3246092273252611,0.7274135572559701,0.6291587293936992,1.01119138829764,1.0702757567941206,-0.0972361703871966,0.4986738375667094
48.5,13.2,2013.0,7.0,11.0,8.017482517482517,29.173892773892774,29.049883449883453,64.22657342657342,42.739627039627045,344.28421603443354,-0.8121242937467013,0.3246092273252611,0.7274135572559701,0.6291587293936992,1.01119138829764,1.0702757567941206,-0.0972361703871966,0.4986738375667094
48.5,14.8,2013.0,7.0,11.0,8.017482517482517,29.173892773892774,29.049883449883453,64.22657342657342,42.739627039627045,344.28421603443354,-0.8121242937467013,0.3246092273252611,0.7274135572559701,0.6291587293936992,1.01119138829764,1.0702757567941206,-0.0972361703871966,0.4986738375667094
48.5,16.9,2013.0,7.0,11.0,8.017482517482517,29.173892773892774,29.049883449883453,64.22657342657342,42.739627039627045,344.28421603443354,-0.8121242937467013,0.3246092273252611,0.7274135572559701,0.6291587293936992,1.01119138829764,1.0702757567941206,-0.0972361703871966,0.4986738375667094
48.5,18.4,2013.0,7.0,11.0,8.017482517482517,29.173892773892774,29.049883449883453,64.22657342657342,42.739627039627045,344.28421603443354,-0.8121242937467013,0.3246092273252611,0.7274135572559701,0.6291587293936992,1.01119138829764,1.0702757567941206,-0.0972361703871966,0.4986738375667094
48.6,3.7,2013.0,7.0,11.0,8.017482517482517,29.173892773892774,29.049883449883453,64.22657342657342,42.739627039627045,344.28421603443354,-0.8121242937467013,0.3246092273252611,0.7274135572559701,0.6291587293936992,1.01119138829764,1.0702757567941206,-0.0972361703871966,0.4986738375667094
48.6,5.7,2013.0,7.0,11.0,12.0,52.0,22.0,94.0,77.0,321.1354,-1.296584878034975,1.1320927376897136,0.3507901685955175,0.5241791142258428,0.1670502333195493,-0.421005856123844,-0.7758271106237343,-0.5313163907353988
48.6,10.5,2013.0,7.0,11.0,12.0,52.0,16.0,92.0,88.0,451.99344,-1.254465231490893,1.225732043111757,0.357932052865642,0.5688685380996559,0.1282061855751859,-0.265637071405111,-0.6534963229271334,-0.3573909765248648
48.6,10.8,2013.0,7.0,11.0,8.017482517482517,29.173892773892774,29.049883449883453,64.22657342657342,42.739627039627045,344.28421603443354,-0.8121242937467013,0.3246092273252611,0.7274135572559701,0.6291587293936992,1.01119138829764,1.0702757567941206,-0.0972361703871966,0.4986738375667094
48.6,13.2,2013.0,7.0,11.0,8.017482517482517,29.173892773892774,29.049883449883453,64.22657342657342,42.739627039627045,344.28421603443354,-0.8121242937467013,0.3246092273252611,0.7274135572559701,0.6291587293936992,1.01119138829764,1.0702757567941206,-0.0972361703871966,0.4986738375667094
48.6,13.7,2013.0,7.0,11.0,8.017482517482517,29.173892773892774,29.049883449883453,64.22657342657342,42.739627039627045,344.28421603443354,-0.8121242937467013,0.3246092273252611,0.7274135572559701,0.6291587293936992,1.01119138829764,1.0702757567941206,-0.0972361703871966,0.4986738375667094
48.6,14.8,2013.0,7.0,11.0,11.0,11.0,35.0,122.0,16.0,807.8649,-1.3700596974817605,0.7504891833520857,-0.1031988306838061,0.2637005002672825,-0.8236075077724914,-0.4793293190389418,-0.1703190158240753,-0.1802419625860547
48.6,18.5,2013.0,7.0,11.0,8.017482517482517,29.173892773892774,29.049883449883453,64.22657342657342,42.739627039627045,344.28421603443354,-0.8121242937467013,0.3246092273252611,0.7274135572559701,0.6291587293936992,1.01119138829764,1.0702757567941206,-0.0972361703871966,0.4986738375667094
48.7,7.0,2013.0,7.0,11.0,8.017482517482517,29.173892773892774,29.049883449883453,64.22657342657342,42.739627039627045,344.28421603443354,-0.8121242937467013,0.3246092273252611,0.7274135572559701,0.6291587293936992,1.01119138829764,1.0702757567941206,-0.0972361703871966,0.4986738375667094
48.7,7.5,2013.0,7.0,11.0,8.017482517482517,29.173892773892774,29.049883449883453,64.22657342657342,42.739627039627045,344.28421603443354,-0.9418875523337428,0.5577484104462571,0.8628907917594836,0.5858102385307805,1.733654608342202,2.1714462901572116,-0.30904586386321486,0.1399440299336167
48.7,7.6,2013.0,7.0,11.0,11.5,32.0,14.5,114.0,42.5,204.600675,-1.8907647112289387,1.4572328021610244,-0.15796685437116725,0.47294520536243967,-0.207446831596995,-0.791891352095061,-0.6582124007928698,-0.7806291116915812
48.7,9.6,2013.0,7.0,11.0,8.017482517482517,29.173892773892774,29.049883449883453,64.22657342657342,42.739627039627045,344.28421603443354,-0.8121242937467013,0.3246092273252611,0.7274135572559701,0.6291587293936992,1.01119138829764,1.0702757567941206,-0.0972361703871966,0.4986738375667094
48.7,10.6,2013.0,7.0,11.0,8.017482517482517,29.173892773892774,29.049883449883453,64.22657342657342,42.739627039627045,344.28421603443354,-0.8121242937467013,0.3246092273252611,0.7274135572559701,0.6291587293936992,1.01119138829764,1.0702757567941206,-0.0972361703871966,0.4986738375667094
48.7,12.0,2013.0,7.0,11.0,8.017482517482517,29.173892773892774,29.049883449883453,64.22657342657342,42.739627039627045,344.28421603443354,-0.8121242937467013,0.3246092273252611,0.7274135572559701,0.6291587293936992,1.01119138829764,1.0702757567941206,-0.0972361703871966,0.4986738375667094
48.7,13.1,2013.0,7.0,11.0,8.017482517482517,29.173892773892774,29.049883449883453,64.22657342657342,42.739627039627045,344.28421603443354,-0.8121242937467013,0.3246092273252611,0.7274135572559701,0.6291587293936992,1.01119138829764,1.0702757567941206,-0.0972361703871966,0.4986738375667094
48.8,0.4,2013.0,7.0,11.0,6.5,38.5,27.5,62.5,70.0,264.57143,-0.4666533601762209,-0.1169717267972642,0.0143391425756591,0.0791753334075989,0.0405773848362664,-0.3155341545695492,-0.7183602674526948,-0.1996988079674073
48.8,1.2,2013.0,7.0,11.0,1.0,25.0,20.0,26.0,80.0,145.22572,0.3940808197292725,-1.2395117677896186,-0.2327446759168945,-0.3447338118770028,0.0460524744237262,0.1609939596158905,-0.6765805594335377,-0.1090005324023054
48.8,1.9,2013.0,7.0,11.0,12.0,52.0,32.0,98.0,64.0,134.08353,-1.320369777238655,1.0470851192349149,0.3605442987478608,0.6266563077492865,0.040189804475209,-0.3045541546197742,-0.7758271106237343,-0.5313163907353988
48.8,3.1,2013.0,7.0,11.0,8.017482517482517,29.173892773892774,29.049883449883453,64.22657342657342,42.739627039627045,344.28421603443354,-0.8121242937467013,0.3246092273252611,0.7274135572559701,0.6291587293936992,1.01119138829764,1.0702757567941206,-0.0972361703871966,0.4986738375667094
48.8,3.5,2013.0,7.0,11.0,12.0,52.0,29.0,97.0,70.0,175.00992,-1.3088445625539435,1.0818952070245202,0.3788884278883844,0.5845687870869148,0.1520182600765196,-0.3854745074756618,-0.7758271106237343,-0.5313163907353988
48.8,5.1,2013.0,7.0,11.0,8.017482517482517,29.173892773892774,29.049883449883453,64.22657342657342,42.739627039627045,344.28421603443354,-0.8121242937467013,0.3246092273252611,0.7274135572559701,0.6291587293936992,1.01119138829764,1.0702757567941206,-0.0972361703871966,0.4986738375667094
48.8,5.9,2013.0,7.0,11.0,1.0,25.0,12.0,23.0,65.0,252.13995,0.3675892146046623,-1.186990592193541,0.0298806964308227,-0.3012855814345936,0.6765685728687856,0.0148510881863903,-0.7758271106237343,-0.3524216523992095
48.8,6.7,2013.0,7.0,11.0,8.017482517482517,29.173892773892774,29.049883449883453,64.22657342657342,42.739627039627045,344.28421603443354,-0.8121242937467013,0.3246092273252611,0.7274135572559701,0.6291587293936992,1.01119138829764,1.0702757567941206,-0.0972361703871966,0.4986738375667094
48.8,8.3,2013.0,7.0,11.0,6.0,18.5,5.5,77.0,29.5,321.288955,-0.5044609249565444,-0.2846803130383168,0.1316167975773896,0.1838983037252788,0.3900975958034473,-0.1718157529338299,-0.7758271106237343,-0.4284163273824259
48.8,9.1,2013.0,7.0,11.0,8.017482517482517,29.173892773892774,29.049883449883453,64.22657342657342,42.739627039627045,344.28421603443354,-0.8121242937467013,0.3246092273252611,0.7274135572559701,0.6291587293936992,1.01119138829764,1.0702757567941206,-0.0972361703871966,0.4986738375667094
48.8,9.8,2013.0,7.0,11.0,8.017482517482517,29.173892773892774,29.049883449883453,64.22657342657342,42.739627039627045,344.28421603443354,-0.8714111047851156,0.018114254679416686,0.07110134864154327,0.4979819807366669,1.7283362347603193,-0.40646483319355453,0.17911960638396474,0.5168548547485113
48.8,9.9,2013.0,7.0,11.0,1.0,25.0,4.0,20.0,48.0,548.5706,-0.026623869820489476,-0.3749903985380746,-0.19800279065693338,-1.3418276201253796,0.6707801817421812,0.1803790432152101,-0.2213243930113986,-0.23749837164395637
48.8,10.7,2013.0,7.0,11.0,8.017482517482517,29.173892773892774,29.049883449883453,64.22657342657342,42.739627039627045,344.28421603443354,-0.8121242937467013,0.3246092273252611,0.7274135572559701,0.6291587293936992,1.01119138829764,1.0702757567941206,-0.0972361703871966,0.4986738375667094
48.8,11.4,2013.0,7.0,11.0,8.017482517482517,29.173892773892774,29.049883449883453,64.22657342657342,42.739627039627045,344.28421603443354,-0.8121242937467013,0.3246092273252611,0.7274135572559701,0.6291587293936992,1.01119138829764,1.0702757567941206,-0.0972361703871966,0.4986738375667094
48.8,11.7,2013.0,7.0,11.0,8.017482517482517,29.173892773892774,29.049883449883453,64.22657342657342,42.739627039627045,344.28421603443354,-0.8121242937467013,0.3246092273252611,0.7274135572559701,0.6291587293936992,1.01119138829764,1.0702757567941206,-0.0972361703871966,0.4986738375667094
48.8,12.0,2013.0,7.0,11.0,6.0,17.5,53.0,72.5,24.5,428.38449,-0.5192700407756705,-0.2191490882218728,0.1383558682958977,0.1467141835284263,0.5292845157519114,0.224682312123312,-0.5978397494228659,-0.4205224427408647
48.8,12.3,2013.0,7.0,11.0,12.0,52.0,19.0,93.0,91.0,394.69614,-1.2327145878221564,1.2567028136478853,0.3761029721789679,0.5581726324399436,0.0868888695166204,-0.1781745532893039,-0.2997996471459545,-0.5313163907353988
48.8,13.1,2013.0,7.0,11.0,8.017482517482517,29.173892773892774,29.049883449883453,64.22657342657342,42.739627039627045,344.28421603443354,-0.8121242937467013,0.3246092273252611,0.7274135572559701,0.6291587293936992,1.01119138829764,1.0702757567941206,-0.0972361703871966,0.4986738375667094
48.8,14.6,2013.0,7.0,11.0,8.017482517482517,29.173892773892774,29.049883449883453,64.22657342657342,42.739627039627045,344.28421603443354,-0.8121242937467013,0.3246092273252611,0.7274135572559701,0.6291587293936992,1.01119138829764,1.0702757567941206,-0.0972361703871966,0.4986738375667094
48.8,14.9,2013.0,7.0,11.0,8.017482517482517,29.173892773892774,29.049883449883453,64.22657342657342,42.739627039627045,344.28421603443354,-0.8121242937467013,0.3246092273252611,0.7274135572559701,0.6291587293936992,1.01119138829764,1.0702757567941206,-0.0972361703871966,0.4986738375667094
48.8,15.5,2013.0,7.0,11.0,8.017482517482517,29.173892773892774,29.049883449883453,64.22657342657342,42.739627039627045,344.28421603443354,-0.8121242937467013,0.3246092273252611,0.7274135572559701,0.6291587293936992,1.01119138829764,1.0702757567941206,-0.0972361703871966,0.4986738375667094
48.8,16.2,2013.0,7.0,11.0,8.017482517482517,29.173892773892774,29.049883449883453,64.22657342657342,42.739627039627045,344.28421603443354,-0.8121242937467013,0.3246092273252611,0.7274135572559701,0.6291587293936992,1.01119138829764,1.0702757567941206,-0.0972361703871966,0.4986738375667094
48.8,17.8,2013.0,7.0,11.0,8.017482517482517,29.173892773892774,29.049883449883453,64.22657342657342,42.739627039627045,344.28421603443354,-0.8121242937467013,0.3246092273252611,0.7274135572559701,0.6291587293936992,1.01119138829764,1.0702757567941206,-0.0972361703871966,0.4986738375667094
48.8,18.6,2013.0,7.0,11.0,11.0,11.0,25.0,118.0,28.0,399.65442,-1.3602595667540491,0.8441976678716333,0.1920635026495951,0.3083148226517535,0.4530456698608017,1.257092798071671,1.697230212909882,0.3455466402011051
48.8,19.4,2013.0,7.0,11.0,11.0,11.0,22.0,117.0,31.0,685.6075,-1.358098715728394,0.8640975749636417,0.3423169855373082,0.0895797160817992,0.651393134697204,1.2108078210721658,2.2903010219445603,0.8658432433532873
48.8,20.2,2013.0,7.0,11.0,11.0,11.0,19.0,116.0,34.0,902.80927,-1.3560306955187,0.8829621260946073,0.4599989646414698,0.2950363948101003,0.6370474694633717,1.0835585722595604,2.4353737034167424,1.0817487848741985
48.8,23.4,2013.0,7.0,11.0,11.0,11.0,12.0,113.0,48.0,784.26685,-1.341074751851537,0.9602294130813794,0.4568499697017231,0.4912168282901449,-0.2127663013830226,0.5883914872150697,1.3945660803008109,2.266903121147578
48.8,24.1,2013.0,7.0,11.0,8.017482517482517,29.173892773892774,29.049883449883453,64.22657342657342,42.739627039627045,344.28421603443354,-0.8121242937467013,0.3246092273252611,0.7274135572559701,0.6291587293936992,1.01119138829764,1.0702757567941206,-0.0972361703871966,0.4986738375667094
48.9,2.8,2013.0,7.0,11.0,8.017482517482517,29.173892773892774,29.049883449883453,64.22657342657342,42.739627039627045,344.28421603443354,-0.8121242937467013,0.3246092273252611,0.7274135572559701,0.6291587293936992,1.01119138829764,1.0702757567941206,-0.0972361703871966,0.4986738375667094
48.9,4.4,2013.0,7.0,11.0,8.017482517482517,29.173892773892774,29.049883449883453,64.22657342657342,42.739627039627045,344.28421603443354,-0.8121242937467013,0.3246092273252611,0.7274135572559701,0.6291587293936992,1.01119138829764,1.0702757567941206,-0.0972361703871966,0.4986738375667094
48.9,6.0,2013.0,7.0,11.0,12.0,52.0,27.0,96.0,78.0,263.7975,-1.287990203498853,1.1340130709353111,0.3809750020857456,0.5509023237457618,0.1618650967348396,-0.3603421774382231,-0.7758271106237343,-0.5313163907353988
48.9,8.2,2013.0,7.0,11.0,11.0,12.0,7.0,134.0,4.0,152.5205,-1.3575592523185478,0.5885506060760376,0.2319541286659748,0.7727165913787982,0.1033310464423947,-0.3998418710333576,-0.7758271106237343,-0.5313163907353988
48.9,10.7,2013.0,7.0,11.0,8.017482517482517,29.173892773892774,29.049883449883453,64.22657342657342,42.739627039627045,344.28421603443354,-0.8121242937467013,0.3246092273252611,0.7274135572559701,0.6291587293936992,1.01119138829764,1.0702757567941206,-0.0972361703871966,0.4986738375667094
48.9,11.2,2013.0,7.0,11.0,8.017482517482517,29.173892773892774,29.049883449883453,64.22657342657342,42.739627039627045,344.28421603443354,-0.8121242937467013,0.3246092273252611,0.7274135572559701,0.6291587293936992,1.01119138829764,1.0702757567941206,-0.0972361703871966,0.4986738375667094
48.9,11.4,2013.0,7.0,11.0,11.0,11.0,54.0,129.0,9.0,488.11975,-1.362361219400865,0.6659773484293963,0.1655261458692374,0.5529131055572148,0.1240714670699817,-0.3238027779471945,-0.5165450768535932,-0.3176028005468288
48.9,13.0,2013.0,7.0,11.0,1.0,24.0,53.0,16.0,35.0,650.0602,0.3177971187531059,-1.108959452671833,0.0249855047448284,-0.2538262854269247,0.921416881244437,0.8210178228551557,-0.6542737459831053,-0.5313163907353988
48.9,13.9,2013.0,7.0,11.0,8.017482517482517,29.173892773892774,29.049883449883453,64.22657342657342,42.739627039627045,344.28421603443354,-0.8121242937467013,0.3246092273252611,0.7274135572559701,0.6291587293936992,1.01119138829764,1.0702757567941206,-0.0972361703871966,0.4986738375667094
48.9,16.2,2013.0,7.0,11.0,8.017482517482517,29.173892773892774,29.049883449883453,64.22657342657342,42.739627039627045,344.28421603443354,-0.8121242937467013,0.3246092273252611,0.7274135572559701,0.6291587293936992,1.01119138829764,1.0702757567941206,-0.0972361703871966,0.4986738375667094
48.9,27.5,2013.0,7.0,11.0,11.0,11.0,4.0,110.0,65.0,290.83295,-1.3164095687873896,1.050789022084768,0.9345334691208846,1.0528209203428749,0.4451145469717901,0.9044513305207982,-0.4023406021130126,1.1131203493806665
49.0,5.0,2013.0,7.0,11.0,12.0,52.0,30.0,97.0,75.0,177.35448,-1.2949676999837074,1.1117332311680137,0.3935417778622396,0.5669191295483126,0.1659422897711262,-0.3575318854698788,-0.7758271106237343,-0.5313163907353988
49.0,6.0,2013.0,7.0,11.0,8.017482517482517,29.173892773892774,29.049883449883453,64.22657342657342,42.739627039627045,344.28421603443354,-0.8121242937467013,0.3246092273252611,0.7274135572559701,0.6291587293936992,1.01119138829764,1.0702757567941206,-0.0972361703871966,0.4986738375667094
49.0,7.6,2013.0,7.0,11.0,8.017482517482517,29.173892773892774,29.049883449883453,64.22657342657342,42.739627039627045,344.28421603443354,-0.8121242937467013,0.3246092273252611,0.7274135572559701,0.6291587293936992,1.01119138829764,1.0702757567941206,-0.0972361703871966,0.4986738375667094
49.0,9.2,2013.0,7.0,11.0,8.017482517482517,29.173892773892774,29.049883449883453,64.22657342657342,42.739627039627045,344.28421603443354,-0.8121242937467013,0.3246092273252611,0.7274135572559701,0.6291587293936992,1.01119138829764,1.0702757567941206,-0.0972361703871966,0.4986738375667094
49.0,10.0,2013.0,7.0,11.0,8.017482517482517,29.173892773892774,29.049883449883453,64.22657342657342,42.739627039627045,344.28421603443354,-0.8121242937467013,0.3246092273252611,0.7274135572559701,0.6291587293936992,1.01119138829764,1.0702757567941206,-0.0972361703871966,0.4986738375667094
49.0,10.8,2013.0,7.0,11.0,11.0,11.0,56.0,130.0,8.0,488.3401,-1.3613105253150866,0.6522011407041769,0.1420934745379403,0.5411536659032474,0.1144341156420032,-0.360448781910033,-0.5942962106089305,-0.3824952590637893
49.0,12.1,2013.0,7.0,11.0,8.017482517482517,29.173892773892774,29.049883449883453,64.22657342657342,42.739627039627045,344.28421603443354,-0.8121242937467013,0.3246092273252611,0.7274135572559701,0.6291587293936992,1.01119138829764,1.0702757567941206,-0.0972361703871966,0.4986738375667094
49.0,12.3,2013.0,7.0,11.0,8.0,29.0,42.0,79.33333333333333,46.66666666666666,422.13427,-1.016411126838468,0.04921125044748584,1.5222987152541174,0.5483639864140675,0.5018296220781361,-0.4916773147752079,-0.551695922058467,-0.2070875934433571
49.0,12.4,2013.0,7.0,11.0,8.017482517482517,29.173892773892774,29.049883449883453,64.22657342657342,42.739627039627045,344.28421603443354,-0.881845972301784,0.28414467521940506,0.5793296833485537,0.1008796632093949,0.722358827969366,1.0602466081082416,0.17491349806618767,0.8702857602181866
49.0,14.5,2013.0,7.0,11.0,8.017482517482517,29.173892773892774,29.049883449883453,64.22657342657342,42.739627039627045,344.28421603443354,-0.8121242937467013,0.3246092273252611,0.7274135572559701,0.6291587293936992,1.01119138829764,1.0702757567941206,-0.0972361703871966,0.4986738375667094
49.0,14.8,2013.0,7.0,11.0,8.017482517482517,29.173892773892774,29.049883449883453,64.22657342657342,42.739627039627045,344.28421603443354,-0.8121242937467013,0.3246092273252611,0.7274135572559701,0.6291587293936992,1.01119138829764,1.0702757567941206,-0.0972361703871966,0.4986738375667094
49.0,16.9,2013.0,7.0,11.0,8.017482517482517,29.173892773892774,29.049883449883453,64.22657342657342,42.739627039627045,344.28421603443354,-0.8121242937467013,0.3246092273252611,0.7274135572559701,0.6291587293936992,1.01119138829764,1.0702757567941206,-0.0972361703871966,0.4986738375667094
49.0,17.1,2013.0,7.0,11.0,8.017482517482517,29.173892773892774,29.049883449883453,64.22657342657342,42.739627039627045,344.28421603443354,-0.8121242937467013,0.3246092273252611,0.7274135572559701,0.6291587293936992,1.01119138829764,1.0702757567941206,-0.0972361703871966,0.4986738375667094
49.0,19.3,2013.0,7.0,11.0,8.017482517482517,29.173892773892774,29.049883449883453,64.22657342657342,42.739627039627045,344.28421603443354,-0.8121242937467013,0.3246092273252611,0.7274135572559701,0.6291587293936992,1.01119138829764,1.0702757567941206,-0.0972361703871966,0.4986738375667094
49.1,10.3,2013.0,7.0,11.0,8.017482517482517,29.173892773892774,29.049883449883453,64.22657342657342,42.739627039627045,344.28421603443354,-0.8121242937467013,0.3246092273252611,0.7274135572559701,0.6291587293936992,1.01119138829764,1.0702757567941206,-0.0972361703871966,0.4986738375667094
49.1,11.6,2013.0,7.0,11.0,12.0,52.0,24.0,95.0,90.0,491.991,-1.2348915057198049,1.2403612143902396,0.3365909909011058,0.5571753169631768,0.0624822562200528,-0.1501986988381522,-0.0889394649282687,-0.4450073295258051
49.1,15.3,2013.0,7.0,11.0,6.0,17.5,41.5,68.0,22.5,606.1703,-0.5316273827840795,-0.1616486612223889,0.0590061302803063,0.1298466312847644,0.4960408414287561,0.5297669774419269,0.6119606085797082,-0.4233514537652197
49.2,12.2,2013.0,7.0,11.0,6.0,17.5,52.0,72.0,25.0,420.76744,-0.519917883942755,-0.2150978241217083,0.0498693118958134,0.0853934137080734,0.3886521552567659,0.0287883848040223,-0.4459789713478413,-0.4529449586356524
49.2,13.8,2013.0,7.0,11.0,8.017482517482517,29.173892773892774,29.049883449883453,64.22657342657342,42.739627039627045,344.28421603443354,-0.8121242937467013,0.3246092273252611,0.7274135572559701,0.6291587293936992,1.01119138829764,1.0702757567941206,-0.0972361703871966,0.4986738375667094
49.3,5.1,2013.0,7.0,11.0,8.017482517482517,29.173892773892774,29.049883449883453,64.22657342657342,42.739627039627045,344.28421603443354,-0.8121242937467013,0.3246092273252611,0.7274135572559701,0.6291587293936992,1.01119138829764,1.0702757567941206,-0.0972361703871966,0.4986738375667094
49.3,5.9,2013.0,7.0,11.0,8.017482517482517,29.173892773892774,29.049883449883453,64.22657342657342,42.739627039627045,344.28421603443354,-0.8121242937467013,0.3246092273252611,0.7274135572559701,0.6291587293936992,1.01119138829764,1.0702757567941206,-0.0972361703871966,0.4986738375667094
49.3,6.8,2013.0,7.0,11.0,1.0,25.0,1.0,19.0,62.0,240.88222,0.3513845950806443,-1.1775345700442343,-0.1150979429984961,-0.4323934007986992,0.4080206764200942,-0.5005584657870136,-0.7758271106237343,-0.0329203443288627
49.3,7.4,2013.0,7.0,11.0,12.0,52.0,32.0,98.0,82.0,310.44568,-1.2681073943082406,1.1585294562059445,0.3740637285739221,0.5502643648577902,0.1097905934154329,-0.3002003133065463,-0.7317013608478355,-0.5313163907353988
49.3,9.1,2013.0,7.0,11.0,8.017482517482517,29.173892773892774,29.049883449883453,64.22657342657342,42.739627039627045,344.28421603443354,-0.8121242937467013,0.3246092273252611,0.7274135572559701,0.6291587293936992,1.01119138829764,1.0702757567941206,-0.0972361703871966,0.4986738375667094
49.3,9.9,2013.0,7.0,11.0,1.0,24.0,56.0,17.0,49.0,433.68246,0.3333793398339301,-1.1436634658452665,-0.1268399580280582,-0.4455991497796973,0.4335654542500669,-0.1956193716114443,-0.7758271106237343,-0.5313163907353988
49.3,14.7,2013.0,7.0,11.0,8.017482517482517,29.173892773892774,29.049883449883453,64.22657342657342,42.739627039627045,344.28421603443354,-0.8121242937467013,0.3246092273252611,0.7274135572559701,0.6291587293936992,1.01119138829764,1.0702757567941206,-0.0972361703871966,0.4986738375667094
49.3,17.0,2013.0,7.0,11.0,8.017482517482517,29.173892773892774,29.049883449883453,64.22657342657342,42.739627039627045,344.28421603443354,-0.8121242937467013,0.3246092273252611,0.7274135572559701,0.6291587293936992,1.01119138829764,1.0702757567941206,-0.0972361703871966,0.4986738375667094
49.4,6.3,2013.0,7.0,11.0,1.0,25.0,1.0,19.0,64.0,221.14578,0.3532103559529592,-1.1830744419849637,-0.1117747311976753,-0.4057113759664819,0.4017225426946306,-0.4603823941861422,-0.7758271106237343,-0.0654394393364303
49.4,8.3,2013.0,7.0,11.0,12.0,52.0,32.0,98.0,84.0,139.27414,-1.259696243562362,1.1748367112307871,0.5149860355384839,0.7683607049968788,0.0436247387250008,-0.162026842923059,-0.6237526624299641,-0.4114027699697215
49.4,10.4,2013.0,7.0,11.0,8.017482517482517,29.173892773892774,29.049883449883453,64.22657342657342,42.739627039627045,344.28421603443354,-0.8121242937467013,0.3246092273252611,0.7274135572559701,0.6291587293936992,1.01119138829764,1.0702757567941206,-0.0972361703871966,0.4986738375667094
49.4,14.4,2013.0,7.0,11.0,8.017482517482517,29.173892773892774,29.049883449883453,64.22657342657342,42.739627039627045,344.28421603443354,-0.8121242937467013,0.3246092273252611,0.7274135572559701,0.6291587293936992,1.01119138829764,1.0702757567941206,-0.0972361703871966,0.4986738375667094
49.4,18.7,2013.0,7.0,11.0,1.0,24.0,26.0,6.0,17.0,622.5133,0.264316915412737,-1.050111173990189,0.1823395835136209,-0.1960473987491571,0.9476729333382558,1.260376684967346,0.3319616243603808,-0.2252433834871707
49.4,19.4,2013.0,7.0,11.0,8.017482517482517,29.173892773892774,29.049883449883453,64.22657342657342,42.739627039627045,344.28421603443354,-0.8121242937467013,0.3246092273252611,0.7274135572559701,0.6291587293936992,1.01119138829764,1.0702757567941206,-0.0972361703871966,0.4986738375667094
49.5,6.2,2013.0,7.0,11.0,8.017482517482517,29.173892773892774,29.049883449883453,64.22657342657342,42.739627039627045,344.28421603443354,-0.8121242937467013,0.3246092273252611,0.7274135572559701,0.6291587293936992,1.01119138829764,1.0702757567941206,-0.0972361703871966,0.4986738375667094
49.5,7.6,2013.0,7.0,11.0,8.017482517482517,29.173892773892774,29.049883449883453,64.22657342657342,42.739627039627045,344.28421603443354,-0.8121242937467013,0.3246092273252611,0.7274135572559701,0.6291587293936992,1.01119138829764,1.0702757567941206,-0.0972361703871966,0.4986738375667094
49.5,12.3,2013.0,7.0,11.0,1.0,24.0,45.0,13.0,39.0,554.3125,0.3113637580743424,-1.1175355878425184,-0.139232516943478,-0.4493978315632599,0.515002963256602,0.095936625844257,-0.7412302408088295,-0.5313163907353988
49.5,17.0,2013.0,7.0,11.0,6.0,17.5,36.0,66.0,23.0,376.392765,-0.5355866325125302,-0.1314905856265621,0.1936364895686509,0.228315585643087,0.5435149037676547,0.7169350420322944,-0.0642480335391305,-0.2678802423493651
49.6,2.0,2013.0,7.0,11.0,8.017482517482517,29.173892773892774,29.049883449883453,64.22657342657342,42.739627039627045,344.28421603443354,-0.8121242937467013,0.3246092273252611,0.7274135572559701,0.6291587293936992,1.01119138829764,1.0702757567941206,-0.0972361703871966,0.4986738375667094
49.6,9.7,2013.0,7.0,11.0,12.0,52.0,35.0,99.0,87.0,310.93976,-1.2426888975476216,1.1998470401639154,0.3671736027735564,0.5725347828482511,0.1023068517300575,-0.0567001912185494,-0.1277770486554967,-0.4262175119085587
49.6,12.9,2013.0,7.0,11.0,6.5,38.0,37.5,55.0,64.5,474.886155,-0.4536129336724464,0.0730912016646742,-0.0798915350704502,-0.0726560555293632,-0.2507936785498591,-0.0922454844614546,0.4139018559943773,-0.3193809628242328
49.6,18.2,2013.0,7.0,11.0,8.017482517482517,29.173892773892774,29.049883449883453,64.22657342657342,42.739627039627045,344.28421603443354,-0.8121242937467013,0.3246092273252611,0.7274135572559701,0.6291587293936992,1.01119138829764,1.0702757567941206,-0.0972361703871966,0.4986738375667094
49.6,20.2,2013.0,7.0,11.0,8.017482517482517,29.173892773892774,29.049883449883453,64.22657342657342,42.739627039627045,344.28421603443354,-0.8121242937467013,0.3246092273252611,0.7274135572559701,0.6291587293936992,1.01119138829764,1.0702757567941206,-0.0972361703871966,0.4986738375667094
49.7,4.5,2013.0,7.0,11.0,8.017482517482517,29.173892773892774,29.049883449883453,64.22657342657342,42.739627039627045,344.28421603443354,-0.8121242937467013,0.3246092273252611,0.7274135572559701,0.6291587293936992,1.01119138829764,1.0702757567941206,-0.0972361703871966,0.4986738375667094
49.7,6.5,2013.0,7.0,11.0,8.017482517482517,29.173892773892774,29.049883449883453,64.22657342657342,42.739627039627045,344.28421603443354,-0.8121242937467013,0.3246092273252611,0.7274135572559701,0.6291587293936992,1.01119138829764,1.0702757567941206,-0.0972361703871966,0.4986738375667094
49.7,7.4,2013.0,7.0,11.0,12.0,52.0,38.0,100.0,82.0,400.67422,-1.2630382851745798,1.1536748988992087,0.3088955451598552,0.5112648882303591,0.1375772051446659,-0.2511840202676902,-0.6918589848514808,-0.5313163907353988
49.7,7.7,2013.0,7.0,11.0,1.0,24.0,53.0,16.0,59.0,268.79092,0.3386182641235687,-1.168525636211241,-0.1704415038886819,-0.4790031616795981,0.329571449584976,-0.5863602087359409,-0.7758271106237343,-0.4121154667277752
49.7,8.1,2013.0,7.0,11.0,8.017482517482517,29.173892773892774,29.049883449883453,64.22657342657342,42.739627039627045,344.28421603443354,-0.8121242937467013,0.3246092273252611,0.7274135572559701,0.6291587293936992,1.01119138829764,1.0702757567941206,-0.0972361703871966,0.4986738375667094
49.7,9.2,2013.0,7.0,11.0,8.017482517482517,29.173892773892774,29.049883449883453,64.22657342657342,42.739627039627045,344.28421603443354,-0.8121242937467013,0.3246092273252611,0.7274135572559701,0.6291587293936992,1.01119138829764,1.0702757567941206,-0.0972361703871966,0.4986738375667094
49.7,10.3,2013.0,7.0,11.0,6.5,38.0,41.5,56.5,68.0,307.71005,-0.4574203746021463,0.0348873087829345,0.0842136988233998,0.0388971126040862,0.2120011702617008,-0.2015417843460686,-0.4035236525515057,-0.5313163907353988
49.7,11.3,2013.0,7.0,11.0,8.017482517482517,29.173892773892774,29.049883449883453,64.22657342657342,42.739627039627045,344.28421603443354,-0.8121242937467013,0.3246092273252611,0.7274135572559701,0.6291587293936992,1.01119138829764,1.0702757567941206,-0.0972361703871966,0.4986738375667094
49.7,17.2,2013.0,7.0,11.0,11.0,11.0,43.0,125.0,25.0,258.6491,-1.3437151846804465,0.8094887729108227,0.159157663618212,0.4873745391901894,0.0616058225133225,-0.039316494531224,0.0360406375798911,-0.5313163907353988
49.7,18.8,2013.0,7.0,11.0,8.017482517482517,29.173892773892774,29.049883449883453,64.22657342657342,42.739627039627045,344.28421603443354,-0.8121242937467013,0.3246092273252611,0.7274135572559701,0.6291587293936992,1.01119138829764,1.0702757567941206,-0.0972361703871966,0.4986738375667094
49.7,22.4,2013.0,7.0,11.0,11.0,11.0,28.0,119.0,45.0,407.8268,-1.3285840922729126,0.9311029278467844,0.3942235397983432,0.4540706626094128,0.9077572223127977,1.5275422178572189,0.873837900142016,0.136083961538922
49.8,7.6,2013.0,7.0,11.0,8.017482517482517,29.173892773892774,29.049883449883453,64.22657342657342,42.739627039627045,344.28421603443354,-0.8121242937467013,0.3246092273252611,0.7274135572559701,0.6291587293936992,1.01119138829764,1.0702757567941206,-0.0972361703871966,0.4986738375667094
49.8,8.9,2013.0,7.0,11.0,8.017482517482517,29.173892773892774,29.049883449883453,64.22657342657342,42.739627039627045,344.28421603443354,-0.8121242937467013,0.3246092273252611,0.7274135572559701,0.6291587293936992,1.01119138829764,1.0702757567941206,-0.0972361703871966,0.4986738375667094
49.8,9.1,2013.0,7.0,11.0,8.017482517482517,29.173892773892774,29.049883449883453,64.22657342657342,42.739627039627045,344.28421603443354,-0.8121242937467013,0.3246092273252611,0.7274135572559701,0.6291587293936992,1.01119138829764,1.0702757567941206,-0.0972361703871966,0.4986738375667094
49.8,10.1,2013.0,7.0,11.0,8.017482517482517,29.173892773892774,29.049883449883453,64.22657342657342,42.739627039627045,344.28421603443354,-0.8121242937467013,0.3246092273252611,0.7274135572559701,0.6291587293936992,1.01119138829764,1.0702757567941206,-0.0972361703871966,0.4986738375667094
49.8,10.7,2013.0,7.0,11.0,8.017482517482517,29.173892773892774,29.049883449883453,64.22657342657342,42.739627039627045,344.28421603443354,-0.26548312553865294,0.8161668335763153,0.9021302399906295,0.1885084863000669,1.4142415564064152,0.4213024176922764,-0.7706421236583144,0.4930936727528679
49.8,10.8,2013.0,7.0,11.0,1.0,24.0,45.0,13.0,46.0,304.38293,0.21602157598843796,-0.6313847116684358,-0.20976154303541464,-1.0574365952719535,1.390744577630573,0.2521428728080767,-0.5566721421556596,-1.0275472493589155
49.8,12.4,2013.0,7.0,11.0,8.017482517482517,29.173892773892774,29.049883449883453,64.22657342657342,42.739627039627045,344.28421603443354,-0.8121242937467013,0.3246092273252611,0.7274135572559701,0.6291587293936992,1.01119138829764,1.0702757567941206,-0.0972361703871966,0.4986738375667094
49.8,14.5,2013.0,7.0,11.0,6.5,38.0,34.5,54.0,62.5,383.58947,-0.451898009973319,0.0946926324419313,0.0512625432674571,0.0065235254396941,0.3612987067885673,0.4019531680280013,1.0060853976153017,-0.5313163907353988
49.8,15.6,2013.0,7.0,11.0,8.017482517482517,29.173892773892774,29.049883449883453,64.22657342657342,42.739627039627045,344.28421603443354,-0.8121242937467013,0.3246092273252611,0.7274135572559701,0.6291587293936992,1.01119138829764,1.0702757567941206,-0.0972361703871966,0.4986738375667094
49.8,18.8,2013.0,7.0,11.0,11.0,11.0,41.0,124.0,31.0,289.26544,-1.3365822649016326,0.8475809427766736,0.0261466148073564,0.2895604464311992,-0.2909918879008234,0.3772434765016618,0.6729990678595678,-0.2978621261209176
49.9,5.0,2013.0,7.0,11.0,12.0,52.0,46.0,103.0,76.0,380.16388,-1.2759661223565748,1.1036663841724073,0.2806099775654853,0.5030190677176066,0.1624704969822465,-0.4243512556242799,-0.7536970633839408,-0.5313163907353988
49.9,7.3,2013.0,7.0,11.0,1.0,24.0,51.0,15.0,61.0,425.41708,0.337020943756342,-1.1735217898835055,-0.2580665428052563,-0.5410377994201611,0.2803118726204712,-0.7002209524110987,-0.7758271106237343,-0.3850039295842442
49.9,8.2,2013.0,7.0,11.0,12.0,52.0,40.0,101.0,84.0,162.27159,-1.2519884868077913,1.1680369211096715,0.4311333455327799,0.6495436885124165,0.0829856105686083,-0.0468537434641305,-0.4213964021838911,-0.3496964021758944
49.9,9.8,2013.0,7.0,11.0,8.017482517482517,29.173892773892774,29.049883449883453,64.22657342657342,42.739627039627045,344.28421603443354,-0.8121242937467013,0.3246092273252611,0.7274135572559701,0.6291587293936992,1.01119138829764,1.0702757567941206,-0.0972361703871966,0.4986738375667094
49.9,11.3,2013.0,7.0,11.0,1.0,24.0,42.0,12.0,44.0,434.43784,0.3123456224739276,-1.1293648946049075,-0.2168788571526785,-0.518641404737895,0.3670393111113874,-0.2896391724917305,-0.7758271106237343,-0.5313163907353988
49.9,13.0,2013.0,7.0,11.0,1.0,24.0,37.0,10.0,37.0,558.5282,0.2995275204848736,-1.1110792155178402,-0.2347033568116205,-0.5379844797297552,0.3507757950169631,-0.1104870995325496,-0.7400976984701525,-0.5313163907353988
49.9,13.9,2013.0,7.0,11.0,8.017482517482517,29.173892773892774,29.049883449883453,64.22657342657342,42.739627039627045,344.28421603443354,-0.8121242937467013,0.3246092273252611,0.7274135572559701,0.6291587293936992,1.01119138829764,1.0702757567941206,-0.0972361703871966,0.4986738375667094
49.9,18.7,2013.0,7.0,11.0,8.017482517482517,29.173892773892774,29.049883449883453,64.22657342657342,42.739627039627045,344.28421603443354,-0.8121242937467013,0.3246092273252611,0.7274135572559701,0.6291587293936992,1.01119138829764,1.0702757567941206,-0.0972361703871966,0.4986738375667094
50.0,10.1,2013.0,7.0,11.0,8.017482517482517,29.173892773892774,29.049883449883453,64.22657342657342,42.739627039627045,344.28421603443354,-0.8121242937467013,0.3246092273252611,0.7274135572559701,0.6291587293936992,1.01119138829764,1.0702757567941206,-0.0972361703871966,0.4986738375667094
50.0,13.7,2013.0,7.0,11.0,8.017482517482517,29.173892773892774,29.049883449883453,64.22657342657342,42.739627039627045,344.28421603443354,-0.8121242937467013,0.3246092273252611,0.7274135572559701,0.6291587293936992,1.01119138829764,1.0702757567941206,-0.0972361703871966,0.4986738375667094
50.0,14.0,2013.0,7.0,11.0,8.017482517482517,29.173892773892774,29.049883449883453,64.22657342657342,42.739627039627045,344.28421603443354,-0.8121242937467013,0.3246092273252611,0.7274135572559701,0.6291587293936992,1.01119138829764,1.0702757567941206,-0.0972361703871966,0.4986738375667094
50.0,15.6,2013.0,7.0,11.0,8.017482517482517,29.173892773892774,29.049883449883453,64.22657342657342,42.739627039627045,344.28421603443354,-0.8121242937467013,0.3246092273252611,0.7274135572559701,0.6291587293936992,1.01119138829764,1.0702757567941206,-0.0972361703871966,0.4986738375667094
50.0,17.1,2013.0,7.0,11.0,11.0,11.0,49.0,127.0,25.0,557.0265,-1.3374380186818142,0.8049720156653016,-0.105596578349788,0.3200564963620042,-1.0321148051424565,-0.4960359861039546,0.4058944693638361,-0.1400124223078949
50.0,22.5,2013.0,7.0,11.0,11.0,11.0,33.0,121.0,46.0,215.10081,-1.3209679761956368,0.9311231664125436,0.4957688080248364,0.5444403654906436,0.8659083236540028,1.8459430588733616,1.065788697291742,-0.2911794288742528
50.1,15.3,2013.0,7.0,11.0,11.0,11.0,57.0,130.0,20.0,221.9447,-1.3368763613898045,0.7642144880179715,0.0753825152211926,0.3936575710043515,0.0441019386376128,0.0052983891843667,1.5329507698624547,-0.5313163907353988
50.2,11.2,2013.0,7.0,11.0,1.0,24.0,37.0,10.0,45.0,345.09973,0.3064894790482536,-1.1309305868494193,-0.2864427434487396,-0.5228624314561554,0.335313185309064,-0.3373682621466439,-0.7262888281212257,-0.5313163907353988
50.2,11.5,2013.0,7.0,11.0,8.017482517482517,29.173892773892774,29.049883449883453,64.22657342657342,42.739627039627045,344.28421603443354,-0.8121242937467013,0.3246092273252611,0.7274135572559701,0.6291587293936992,1.01119138829764,1.0702757567941206,-0.0972361703871966,0.4986738375667094
50.2,14.2,2013.0,7.0,11.0,6.0,18.0,15.5,69.5,25.0,303.160585,-0.5251605990444412,-0.1811770679747446,-0.0466347447322246,-0.0213694099653215,0.2177516680600537,0.0603992171619196,0.498872840669123,-0.5313163907353988
50.2,15.2,2013.0,7.0,11.0,1.0,24.0,26.0,6.0,29.0,209.97414,0.2784982992042766,-1.0877279583450563,-0.0588148194991662,-0.4052995290894396,0.4922263471957848,0.2522557281772161,-0.4582599214671821,-0.5313163907353988
50.2,16.7,2013.0,7.0,11.0,1.0,24.0,21.0,4.0,24.0,681.89795,0.2664770170918245,-1.072014784952925,0.0339460922004913,-0.2791677890515037,0.7512131486619644,0.7280389142931392,-0.2157056141821646,-0.2774597163764693
50.2,17.6,2013.0,7.0,11.0,8.017482517482517,29.173892773892774,29.049883449883453,64.22657342657342,42.739627039627045,344.28421603443354,-0.8121242937467013,0.3246092273252611,0.7274135572559701,0.6291587293936992,1.01119138829764,1.0702757567941206,-0.0972361703871966,0.4986738375667094
50.2,19.2,2013.0,7.0,11.0,6.0,17.5,29.0,63.5,25.0,263.88745,-0.5397338910908275,-0.0963502105766677,0.1585902000273739,0.1980569533237544,0.3405960246788324,0.9398354138228374,0.5455125629710216,-0.2904259738702311
50.3,5.4,2013.0,7.0,11.0,8.017482517482517,29.173892773892774,29.049883449883453,64.22657342657342,42.739627039627045,344.28421603443354,-0.8121242937467013,0.3246092273252611,0.7274135572559701,0.6291587293936992,1.01119138829764,1.0702757567941206,-0.0972361703871966,0.4986738375667094
50.3,7.0,2013.0,7.0,11.0,8.017482517482517,29.173892773892774,29.049883449883453,64.22657342657342,42.739627039627045,344.28421603443354,-0.8121242937467013,0.3246092273252611,0.7274135572559701,0.6291587293936992,1.01119138829764,1.0702757567941206,-0.0972361703871966,0.4986738375667094
50.3,7.7,2013.0,7.0,11.0,8.017482517482517,29.173892773892774,29.049883449883453,64.22657342657342,42.739627039627045,344.28421603443354,-0.8121242937467013,0.3246092273252611,0.7274135572559701,0.6291587293936992,1.01119138829764,1.0702757567941206,-0.0972361703871966,0.4986738375667094
50.3,9.7,2013.0,7.0,11.0,8.017482517482517,29.173892773892774,29.049883449883453,64.22657342657342,42.739627039627045,344.28421603443354,-0.8121242937467013,0.3246092273252611,0.7274135572559701,0.6291587293936992,1.01119138829764,1.0702757567941206,-0.0972361703871966,0.4986738375667094
50.3,10.9,2013.0,7.0,11.0,8.017482517482517,29.173892773892774,29.049883449883453,64.22657342657342,42.739627039627045,344.28421603443354,-0.8121242937467013,0.3246092273252611,0.7274135572559701,0.6291587293936992,1.01119138829764,1.0702757567941206,-0.0972361703871966,0.4986738375667094
50.3,12.5,2013.0,7.0,11.0,1.0,24.0,32.0,8.0,40.0,685.28156,0.2955009728227725,-1.1176585156643593,-0.365535184308237,-0.5137759587884961,0.3261099902610113,-0.2918280828933401,-0.629652112219341,-0.5313163907353988
50.3,13.3,2013.0,7.0,11.0,11.0,12.0,7.0,134.0,15.0,403.86792,-1.3334944721718751,0.715840022824758,-0.0329118940625965,0.2781797443955368,0.0665699084325063,0.0266084015495019,1.8661038294586052,-0.5313163907353988
50.3,15.6,2013.0,7.0,11.0,6.0,17.5,41.0,68.0,24.5,264.25717000000003,-0.5288600459099893,-0.1575653220619457,-0.0299965309827859,-0.0748311723201866,0.258675834749098,0.140009364568737,0.7114329509497908,-0.5313163907353988
50.4,3.8,2013.0,7.0,11.0,8.017482517482517,29.173892773892774,29.049883449883453,64.22657342657342,42.739627039627045,344.28421603443354,-0.8121242937467013,0.3246092273252611,0.7274135572559701,0.6291587293936992,1.01119138829764,1.0702757567941206,-0.0972361703871966,0.4986738375667094
50.4,4.5,2013.0,7.0,11.0,8.017482517482517,29.173892773892774,29.049883449883453,64.22657342657342,42.739627039627045,344.28421603443354,-0.8121242937467013,0.3246092273252611,0.7274135572559701,0.6291587293936992,1.01119138829764,1.0702757567941206,-0.0972361703871966,0.4986738375667094
50.4,6.5,2013.0,7.0,11.0,8.017482517482517,29.173892773892774,29.049883449883453,64.22657342657342,42.739627039627045,344.28421603443354,-0.7113229631778012,1.0365658015974972,0.14715017631297023,0.8074307316383306,0.9900596123864162,0.9785687996221217,0.11900273442396374,-0.14229841017160066
50.4,6.6,2013.0,7.0,11.0,8.017482517482517,29.173892773892774,29.049883449883453,64.22657342657342,42.739627039627045,344.28421603443354,-1.1299796041113386,0.8857947765929519,0.27823295289119016,0.6724632535925394,0.8720334027866681,0.38161272230698706,-1.1287341349859192,0.4774010782430816
50.4,7.8,2013.0,7.0,11.0,8.017482517482517,29.173892773892774,29.049883449883453,64.22657342657342,42.739627039627045,344.28421603443354,-0.8121242937467013,0.3246092273252611,0.7274135572559701,0.6291587293936992,1.01119138829764,1.0702757567941206,-0.0972361703871966,0.4986738375667094
50.4,8.6,2013.0,7.0,11.0,12.0,52.0,48.0,104.0,85.0,317.15863,-1.2399276656440965,1.16981742426457,0.1719036914251683,0.4947684019474804,-0.859477327863412,-0.2431639234520759,0.0805159272425441,0.0851972898442422
50.4,9.2,2013.0,7.0,11.0,8.017482517482517,29.173892773892774,29.049883449883453,64.22657342657342,42.739627039627045,344.28421603443354,-0.8121242937467013,0.3246092273252611,0.7274135572559701,0.6291587293936992,1.01119138829764,1.0702757567941206,-0.0972361703871966,0.4986738375667094
50.4,11.3,2013.0,7.0,11.0,1.0,24.0,34.0,9.0,45.0,496.21194,0.3031425446437414,-1.1304987081219189,-0.319916549587902,-0.5047242104653762,0.3366530158329361,-0.3111251864940039,-0.6795916300956911,-0.5313163907353988
50.4,14.0,2013.0,7.0,11.0,1.0,24.0,26.0,6.0,34.0,238.3445,0.2833666275370346,-1.1012264438848716,-0.210417727784781,-0.5008084349618668,0.2977548116812089,-0.1151964628495638,-0.7758271106237343,-0.5313163907353988
50.4,14.4,2013.0,7.0,11.0,11.5,32.0,25.5,118.0,56.0,234.849455,-1.2578983517704798,1.0095499392303475,0.1617910572118888,0.3845561587931142,0.1839301493959312,0.5392291669015646,2.6879631987748973,-0.4765968401483529
50.4,15.1,2013.0,7.0,11.0,1.0,24.0,23.0,5.0,30.0,250.32379,0.2761623214778563,-1.089922456694803,-0.1421871543445691,-0.475407173162971,0.3496295598211792,-0.00132561911748,-0.6251492329085143,-0.5313163907353988
50.4,16.0,2013.0,7.0,11.0,8.017482517482517,29.173892773892774,29.049883449883453,64.22657342657342,42.739627039627045,344.28421603443354,-0.8121242937467013,0.3246092273252611,0.7274135572559701,0.6291587293936992,1.01119138829764,1.0702757567941206,-0.0972361703871966,0.4986738375667094
50.5,6.0,2013.0,7.0,11.0,8.017482517482517,29.173892773892774,29.049883449883453,64.22657342657342,42.739627039627045,344.28421603443354,-0.8121242937467013,0.3246092273252611,0.7274135572559701,0.6291587293936992,1.01119138829764,1.0702757567941206,-0.0972361703871966,0.4986738375667094
50.5,7.4,2013.0,7.0,11.0,8.017482517482517,29.173892773892774,29.049883449883453,64.22657342657342,42.739627039627045,344.28421603443354,-0.8121242937467013,0.3246092273252611,0.7274135572559701,0.6291587293936992,1.01119138829764,1.0702757567941206,-0.0972361703871966,0.4986738375667094
50.5,10.8,2013.0,7.0,11.0,8.017482517482517,29.173892773892774,29.049883449883453,64.22657342657342,42.739627039627045,344.28421603443354,-0.8121242937467013,0.3246092273252611,0.7274135572559701,0.6291587293936992,1.01119138829764,1.0702757567941206,-0.0972361703871966,0.4986738375667094
50.5,11.6,2013.0,7.0,11.0,1.0,24.0,32.0,8.0,44.0,584.27374,0.2989343024786057,-1.1275516663024665,-0.3408699035090035,-0.4656778963499662,0.3405572301864636,-0.260868606464667,-0.5723695597188355,-0.5313163907353988
50.5,12.9,2013.0,7.0,11.0,8.017482517482517,29.173892773892774,29.049883449883453,64.22657342657342,42.739627039627045,344.28421603443354,-0.8121242937467013,0.3246092273252611,0.7274135572559701,0.6291587293936992,1.01119138829764,1.0702757567941206,-0.0972361703871966,0.4986738375667094
50.6,9.9,2013.0,7.0,11.0,8.017482517482517,29.173892773892774,29.049883449883453,64.22657342657342,42.739627039627045,344.28421603443354,-0.8121242937467013,0.3246092273252611,0.7274135572559701,0.6291587293936992,1.01119138829764,1.0702757567941206,-0.0972361703871966,0.4986738375667094
50.6,14.7,2013.0,7.0,11.0,6.0,18.0,14.0,69.0,25.5,305.80496500000004,-0.5255664032701955,-0.1733077677796431,-0.0505908773260159,-0.0934353455620546,0.1997476168259905,0.1515855285237611,0.8602608792965053,-0.5313163907353988
50.7,11.5,2013.0,7.0,11.0,8.017482517482517,29.173892773892774,29.049883449883453,64.22657342657342,42.739627039627045,344.28421603443354,-0.8121242937467013,0.3246092273252611,0.7274135572559701,0.6291587293936992,1.01119138829764,1.0702757567941206,-0.0972361703871966,0.4986738375667094
50.7,12.2,2013.0,7.0,11.0,1.0,24.0,26.0,6.0,42.0,349.20898,0.2905261931982073,-1.1216453291319293,-0.2854256392309108,-0.4483262221400497,0.3669573473750799,-0.1613885193253521,-0.5153059124348587,-0.5313163907353988
50.7,16.2,2013.0,7.0,11.0,8.017482517482517,29.173892773892774,29.049883449883453,64.22657342657342,42.739627039627045,344.28421603443354,-0.8121242937467013,0.3246092273252611,0.7274135572559701,0.6291587293936992,1.01119138829764,1.0702757567941206,-0.0972361703871966,0.4986738375667094
50.8,2.7,2013.0,7.0,11.0,8.017482517482517,29.173892773892774,29.049883449883453,64.22657342657342,42.739627039627045,344.28421603443354,-0.8121242937467013,0.3246092273252611,0.7274135572559701,0.6291587293936992,1.01119138829764,1.0702757567941206,-0.0972361703871966,0.4986738375667094
50.8,9.1,2013.0,7.0,11.0,1.0,24.0,32.0,8.0,55.0,293.41818,0.3082783235823126,-1.1551823866036963,-0.3588666059612609,-0.5091253192494768,0.1972886418811416,-0.5499115142722711,-0.6979869007526628,-0.5313163907353988
50.8,9.9,2013.0,7.0,11.0,8.017482517482517,29.173892773892774,29.049883449883453,64.22657342657342,42.739627039627045,344.28421603443354,-0.8121242937467013,0.3246092273252611,0.7274135572559701,0.6291587293936992,1.01119138829764,1.0702757567941206,-0.0972361703871966,0.4986738375667094
50.8,12.2,2013.0,7.0,11.0,8.017482517482517,29.173892773892774,29.049883449883453,64.22657342657342,42.739627039627045,344.28421603443354,-0.8121242937467013,0.3246092273252611,0.7274135572559701,0.6291587293936992,1.01119138829764,1.0702757567941206,-0.0972361703871966,0.4986738375667094
50.9,7.3,2013.0,7.0,11.0,8.017482517482517,29.173892773892774,29.049883449883453,64.22657342657342,42.739627039627045,344.28421603443354,-0.8121242937467013,0.3246092273252611,0.7274135572559701,0.6291587293936992,1.01119138829764,1.0702757567941206,-0.0972361703871966,0.4986738375667094
50.9,16.5,2013.0,7.0,11.0,6.0,18.0,7.5,66.5,25.5,214.868575,-0.5316218728828472,-0.1419263260797705,0.019974000645807,-0.0828218092777476,0.2270735345299998,0.2659183684081256,1.0997675221003174,-0.5313163907353988
50.9,19.1,2013.0,7.0,11.0,11.0,11.0,57.0,130.0,34.0,241.65228,-1.313182375556457,0.8501458436772031,0.1682582287830624,0.5645925984644616,-0.436879293007919,-0.0263864668165476,0.3928520354280635,-0.3249698591187245
51.0,6.9,2013.0,7.0,11.0,1.0,24.0,35.0,9.0,64.0,56.14699,0.319611727585327,-1.180078557760146,-0.2100209564364408,-0.3616251866361011,0.2307144089528265,-0.5081423704667513,-0.5657478231352129,-0.5313163907353988
51.0,10.1,2013.0,7.0,11.0,8.017482517482517,29.173892773892774,29.049883449883453,64.22657342657342,42.739627039627045,344.28421603443354,-0.8121242937467013,0.3246092273252611,0.7274135572559701,0.6291587293936992,1.01119138829764,1.0702757567941206,-0.0972361703871966,0.4986738375667094
51.0,11.4,2013.0,7.0,11.0,1.0,24.0,24.0,5.0,46.0,271.62766,0.2905556160707878,-1.1310645538889468,-0.2270166672129334,-0.4900261222122626,0.3352380099803652,-0.1419305967537674,-0.6750283551479203,-0.5313163907353988
51.0,11.7,2013.0,7.0,11.0,8.017482517482517,29.173892773892774,29.049883449883453,64.22657342657342,42.739627039627045,344.28421603443354,-0.8121242937467013,0.3246092273252611,0.7274135572559701,0.6291587293936992,1.01119138829764,1.0702757567941206,-0.0972361703871966,0.4986738375667094
51.0,19.0,2013.0,7.0,11.0,11.0,11.0,59.0,131.0,34.0,210.85748,-1.3100775462120895,0.8479384907717502,0.1690789613944769,0.5708817425398005,-0.4326004088389151,-0.0405363207612233,0.7046430931293978,-0.3320779471025225
51.1,7.2,2013.0,7.0,11.0,1.0,24.0,32.0,8.0,63.0,220.0045,0.3153136960697107,-1.1768039210229406,-0.2525208072334041,-0.4069606448268498,0.2036653702813588,-0.518165341151569,-0.5548135975064676,-0.5313163907353988
51.1,11.1,2013.0,7.0,11.0,8.017482517482517,29.173892773892774,29.049883449883453,64.22657342657342,42.739627039627045,344.28421603443354,-0.8121242937467013,0.3246092273252611,0.7274135572559701,0.6291587293936992,1.01119138829764,1.0702757567941206,-0.0972361703871966,0.4986738375667094
51.2,5.5,2013.0,7.0,11.0,8.017482517482517,29.173892773892774,29.049883449883453,64.22657342657342,42.739627039627045,344.28421603443354,-0.8121242937467013,0.3246092273252611,0.7274135572559701,0.6291587293936992,1.01119138829764,1.0702757567941206,-0.0972361703871966,0.4986738375667094
51.2,6.4,2013.0,7.0,11.0,1.0,24.0,32.0,8.0,66.0,65.51046,0.3181255088665473,-1.1856671003850767,-0.1778995967968268,-0.3605180453254575,0.2509470818335642,-0.405670320657744,-0.5931260161757435,-0.5313163907353988
51.2,10.3,2013.0,7.0,11.0,8.017482517482517,29.173892773892774,29.049883449883453,64.22657342657342,42.739627039627045,344.28421603443354,-0.8121242937467013,0.3246092273252611,0.7274135572559701,0.6291587293936992,1.01119138829764,1.0702757567941206,-0.0972361703871966,0.4986738375667094
51.2,11.9,2013.0,7.0,11.0,8.017482517482517,29.173892773892774,29.049883449883453,64.22657342657342,42.739627039627045,344.28421603443354,-0.8121242937467013,0.3246092273252611,0.7274135572559701,0.6291587293936992,1.01119138829764,1.0702757567941206,-0.0972361703871966,0.4986738375667094
51.3,9.1,2013.0,7.0,11.0,1.0,24.0,24.0,5.0,56.0,315.8397,0.2990445886616703,-1.1565243629688875,-0.385244851388732,-0.5168123200780794,0.2171707563645375,-0.4531355055994364,-0.6858429967534042,-0.4131831294139224
51.5,-2.1,2013.0,7.0,11.0,8.017482517482517,29.173892773892774,29.049883449883453,64.22657342657342,42.739627039627045,344.28421603443354,-0.8121242937467013,0.3246092273252611,0.7274135572559701,0.6291587293936992,1.01119138829764,1.0702757567941206,-0.0972361703871966,0.4986738375667094
51.7,4.6,2013.0,7.0,11.0,8.017482517482517,29.173892773892774,29.049883449883453,64.22657342657342,42.739627039627045,344.28421603443354,-0.8121242937467013,0.3246092273252611,0.7274135572559701,0.6291587293936992,1.01119138829764,1.0702757567941206,-0.0972361703871966,0.4986738375667094
51.7,11.2,2013.0,7.0,11.0,1.0,24.0,13.0,1.0,48.0,322.97073,0.2788163307034016,-1.134145317431978,-0.2672939942388654,-0.4068451661927005,0.3430915690268898,-0.06242920415346,-0.5678885190642325,-0.5313163907353988
51.7,12.8,2013.0,7.0,11.0,8.017482517482517,29.173892773892774,29.049883449883453,64.22657342657342,42.739627039627045,344.28421603443354,-0.8121242937467013,0.3246092273252611,0.7274135572559701,0.6291587293936992,1.01119138829764,1.0702757567941206,-0.0972361703871966,0.4986738375667094
51.7,14.1,2013.0,7.0,11.0,8.017482517482517,29.173892773892774,29.049883449883453,64.22657342657342,42.739627039627045,344.28421603443354,-0.8121242937467013,0.3246092273252611,0.7274135572559701,0.6291587293936992,1.01119138829764,1.0702757567941206,-0.0972361703871966,0.4986738375667094
51.7,14.4,2013.0,7.0,11.0,8.017482517482517,29.173892773892774,29.049883449883453,64.22657342657342,42.739627039627045,344.28421603443354,-0.8121242937467013,0.3246092273252611,0.7274135572559701,0.6291587293936992,1.01119138829764,1.0702757567941206,-0.0972361703871966,0.4986738375667094
51.8,11.8,2013.0,7.0,11.0,8.017482517482517,29.173892773892774,29.049883449883453,64.22657342657342,42.739627039627045,344.28421603443354,-0.8121242937467013,0.3246092273252611,0.7274135572559701,0.6291587293936992,1.01119138829764,1.0702757567941206,-0.0972361703871966,0.4986738375667094
51.9,9.5,2013.0,7.0,11.0,8.017482517482517,29.173892773892774,29.049883449883453,64.22657342657342,42.739627039627045,344.28421603443354,-0.8121242937467013,0.3246092273252611,0.7274135572559701,0.6291587293936992,1.01119138829764,1.0702757567941206,-0.0972361703871966,0.4986738375667094
52.0,6.3,2013.0,7.0,11.0,8.017482517482517,29.173892773892774,29.049883449883453,64.22657342657342,42.739627039627045,344.28421603443354,-0.8121242937467013,0.3246092273252611,0.7274135572559701,0.6291587293936992,1.01119138829764,1.0702757567941206,-0.0972361703871966,0.4986738375667094
52.0,8.2,2013.0,7.0,11.0,8.017482517482517,29.173892773892774,29.049883449883453,64.22657342657342,42.739627039627045,344.28421603443354,-0.8121242937467013,0.3246092273252611,0.7274135572559701,0.6291587293936992,1.01119138829764,1.0702757567941206,-0.0972361703871966,0.4986738375667094
52.0,14.2,2013.0,7.0,11.0,8.017482517482517,29.173892773892774,29.049883449883453,64.22657342657342,42.739627039627045,344.28421603443354,-0.8121242937467013,0.3246092273252611,0.7274135572559701,0.6291587293936992,1.01119138829764,1.0702757567941206,-0.0972361703871966,0.4986738375667094
52.0,21.6,2013.0,7.0,11.0,8.017482517482517,29.173892773892774,29.049883449883453,64.22657342657342,42.739627039627045,344.28421603443354,-0.8121242937467013,0.3246092273252611,0.7274135572559701,0.6291587293936992,1.01119138829764,1.0702757567941206,-0.0972361703871966,0.4986738375667094
52.1,15.8,2013.0,7.0,11.0,8.017482517482517,29.173892773892774,29.049883449883453,64.22657342657342,42.739627039627045,344.28421603443354,-0.8121242937467013,0.3246092273252611,0.7274135572559701,0.6291587293936992,1.01119138829764,1.0702757567941206,-0.0972361703871966,0.4986738375667094
52.4,13.5,2013.0,7.0,11.0,8.017482517482517,29.173892773892774,29.049883449883453,64.22657342657342,42.739627039627045,344.28421603443354,-0.8121242937467013,0.3246092273252611,0.7274135572559701,0.6291587293936992,1.01119138829764,1.0702757567941206,-0.0972361703871966,0.4986738375667094
52.4,15.0,2013.0,7.0,11.0,8.017482517482517,29.173892773892774,29.049883449883453,64.22657342657342,42.739627039627045,344.28421603443354,-0.8121242937467013,0.3246092273252611,0.7274135572559701,0.6291587293936992,1.01119138829764,1.0702757567941206,-0.0972361703871966,0.4986738375667094
52.4,18.2,2013.0,7.0,11.0,8.017482517482517,29.173892773892774,29.049883449883453,64.22657342657342,42.739627039627045,344.28421603443354,-0.8121242937467013,0.3246092273252611,0.7274135572559701,0.6291587293936992,1.01119138829764,1.0702757567941206,-0.0972361703871966,0.4986738375667094
52.5,11.9,2013.0,7.0,11.0,8.017482517482517,29.173892773892774,29.049883449883453,64.22657342657342,42.739627039627045,344.28421603443354,-0.8121242937467013,0.3246092273252611,0.7274135572559701,0.6291587293936992,1.01119138829764,1.0702757567941206,-0.0972361703871966,0.4986738375667094
52.5,14.2,2013.0,7.0,11.0,8.017482517482517,29.173892773892774,29.049883449883453,64.22657342657342,42.739627039627045,344.28421603443354,-0.8121242937467013,0.3246092273252611,0.7274135572559701,0.6291587293936992,1.01119138829764,1.0702757567941206,-0.0972361703871966,0.4986738375667094
52.5,16.6,2013.0,7.0,11.0,8.017482517482517,29.173892773892774,29.049883449883453,64.22657342657342,42.739627039627045,344.28421603443354,-0.8121242937467013,0.3246092273252611,0.7274135572559701,0.6291587293936992,1.01119138829764,1.0702757567941206,-0.0972361703871966,0.4986738375667094
52.5,21.4,2013.0,7.0,11.0,8.017482517482517,29.173892773892774,29.049883449883453,64.22657342657342,42.739627039627045,344.28421603443354,-0.8121242937467013,0.3246092273252611,0.7274135572559701,0.6291587293936992,1.01119138829764,1.0702757567941206,-0.0972361703871966,0.4986738375667094
52.6,8.2,2013.0,7.0,11.0,8.017482517482517,29.173892773892774,29.049883449883453,64.22657342657342,42.739627039627045,344.28421603443354,-0.8121242937467013,0.3246092273252611,0.7274135572559701,0.6291587293936992,1.01119138829764,1.0702757567941206,-0.0972361703871966,0.4986738375667094
52.7,13.3,2013.0,7.0,11.0,8.017482517482517,29.173892773892774,29.049883449883453,64.22657342657342,42.739627039627045,344.28421603443354,-0.8121242937467013,0.3246092273252611,0.7274135572559701,0.6291587293936992,1.01119138829764,1.0702757567941206,-0.0972361703871966,0.4986738375667094
52.9,9.5,2013.0,7.0,11.0,8.017482517482517,29.173892773892774,29.049883449883453,64.22657342657342,42.739627039627045,344.28421603443354,-0.8121242937467013,0.3246092273252611,0.7274135572559701,0.6291587293936992,1.01119138829764,1.0702757567941206,-0.0972361703871966,0.4986738375667094
53.0,2.8,2013.0,7.0,11.0,8.017482517482517,29.173892773892774,29.049883449883453,64.22657342657342,42.739627039627045,344.28421603443354,-0.8121242937467013,0.3246092273252611,0.7274135572559701,0.6291587293936992,1.01119138829764,1.0702757567941206,-0.0972361703871966,0.4986738375667094
53.0,15.2,2013.0,7.0,11.0,12.0,53.0,31.0,120.0,95.0,72.53916,-1.134272554565277,1.2619420263620174,0.2780078020220599,0.2576011287725409,0.4824409833396955,1.1564418862688617,3.4930027197757703,-0.0327251653513585
53.2,16.0,2013.0,7.0,11.0,8.017482517482517,29.173892773892774,29.049883449883453,64.22657342657342,42.739627039627045,344.28421603443354,-0.8121242937467013,0.3246092273252611,0.7274135572559701,0.6291587293936992,1.01119138829764,1.0702757567941206,-0.0972361703871966,0.4986738375667094
53.3,6.8,2013.0,7.0,11.0,8.017482517482517,29.173892773892774,29.049883449883453,64.22657342657342,42.739627039627045,344.28421603443354,-0.8121242937467013,0.3246092273252611,0.7274135572559701,0.6291587293936992,1.01119138829764,1.0702757567941206,-0.0972361703871966,0.4986738375667094
53.3,11.6,2013.0,7.0,11.0,8.017482517482517,29.173892773892774,29.049883449883453,64.22657342657342,42.739627039627045,344.28421603443354,-0.8121242937467013,0.3246092273252611,0.7274135572559701,0.6291587293936992,1.01119138829764,1.0702757567941206,-0.0972361703871966,0.4986738375667094
53.7,19.1,2013.0,7.0,11.0,8.017482517482517,29.173892773892774,29.049883449883453,64.22657342657342,42.739627039627045,344.28421603443354,-0.8121242937467013,0.3246092273252611,0.7274135572559701,0.6291587293936992,1.01119138829764,1.0702757567941206,-0.0972361703871966,0.4986738375667094
53.8,8.7,2013.0,7.0,11.0,8.017482517482517,29.173892773892774,29.049883449883453,64.22657342657342,42.739627039627045,344.28421603443354,-0.8121242937467013,0.3246092273252611,0.7274135572559701,0.6291587293936992,1.01119138829764,1.0702757567941206,-0.0972361703871966,0.4986738375667094
54.2,10.6,2013.0,7.0,11.0,8.017482517482517,29.173892773892774,29.049883449883453,64.22657342657342,42.739627039627045,344.28421603443354,-0.8121242937467013,0.3246092273252611,0.7274135572559701,0.6291587293936992,1.01119138829764,1.0702757567941206,-0.0972361703871966,0.4986738375667094
54.3,10.5,2013.0,7.0,11.0,8.017482517482517,29.173892773892774,29.049883449883453,64.22657342657342,42.739627039627045,344.28421603443354,-0.8121242937467013,0.3246092273252611,0.7274135572559701,0.6291587293936992,1.01119138829764,1.0702757567941206,-0.0972361703871966,0.4986738375667094
55.9,11.6,2013.0,7.0,11.0,8.017482517482517,29.173892773892774,29.049883449883453,64.22657342657342,42.739627039627045,344.28421603443354,-0.8121242937467013,0.3246092273252611,0.7274135572559701,0.6291587293936992,1.01119138829764,1.0702757567941206,-0.0972361703871966,0.4986738375667094
57.0,12.3,2013.0,7.0,11.0,8.017482517482517,29.173892773892774,29.049883449883453,64.22657342657342,42.739627039627045,344.28421603443354,-0.8121242937467013,0.3246092273252611,0.7274135572559701,0.6291587293936992,1.01119138829764,1.0702757567941206,-0.0972361703871966,0.4986738375667094
